2694553
2694554
2694555
2694556
2694557
2694558
2694559
2694560
2694561
2694562
2694563
2694564
2694565
2694566
2694567
2694568
2694569
2694570
2694571
2694572
2694573
2694574
2694575
2694576
2694577
2694578
2694579
2694580
2694581
2694582
2694583
2694584
2694585
2694586
2694587
2694588
2694589
2694590
2694591
2694592
2694593
2694594
2694595
2694596
2694597
2694598
2694599
2694600
2694601
2694602
2694603
2694604
2694605
2694606
2694607
2694608
2694609
2694610
2694611
2694612
2694613
2694614
2694615
2694616
2694617
2694618
2694619
2694620
2694621
2694622
2694623
2694624
2694625
2694626
2694627
2694628
2694629
2694630
2694631
2694632
2694633
2694634
2694635
2694636
2694637
2694638
2694639
2694640
2694641
2694642
2694643
2694644
2694645
2694646
2694647
2694648
2694649
2694650
2694651
2694652
2694653
2694654
2694655
2694656
2694657
2694658
2694659
2694660
2694661
2694662
2694663
2694664
2694665
2694666
2694667
2694668
2694669
2694670
2694671
2694672
2694673
2694674
2694675
2694676
2694677
2694678
2694679
2694680
2694681
2694682
2694683
2694684
2694685
2694686
2694687
2694688
2694689
2694690
2694691
2694692
2694693
2694694
2694695
2694696
2694697
2694698
2694699
2694700
2694701
2694702
2694703
2694704
2694705
2694706
2694707
2694708
2694709
2694710
2694711
2694712
2694713
2694714
2694715
2694716
2694717
2694718
2694719
2694720
2694721
2694722
2694723
2694724
2694725
2694726
2694727
2694728
2694729
2694730
2694731
2694732
2694733
2694734
2694735
2694736
2694737
2694738
2694739
2694740
2694741
2694742
2694743
2694744
2694745
2694746
2694747
2694748
2694749
2694750
2694751
2694752
2694753
2694754
2694755
2694756
2694757
2694758
2694759
2694760
2694761
2694762
2694763
2694764
2694765
2694766
2694767
2694768
2694769
2694770
2694771
2694772
2694773
2694774
2694775
2694776
2694777
2694778
2694779
2694780
2694781
2694782
2694783
2694784
2694785
2694786
2694787
2694788
2694789
2694790
2694791
2694792
2694793
2694794
2694795
2694796
2694797
2694798
2695302
2695334
2695335
2695336
2695337
2695338
2695348
2695349
2695350
2695351
2695352
2695354
2695355
2695356
2695357
2695359
2695360
2695361
2695367
2695368
2695426
2695836
2695837
2695838
2695839
2695840
2695844
2695845
2695847
2695848
2695849
2695850
2696289
2696336
2696337
2696338
2696339
2696340
2696343
2696344
2696345
2696354
2696355
2696356
2696357
2696358
2696359
2696360
2696370
2696371
2696374
2696375
2696376
2696377
2696378
2696379
2696380
2696381
2696383
2696384
2696385
2696386
2696387
2696388
2696389
2696390
2696391
2696392
2696393
2696394
2696395
2696396
2696397
2696398
2696399
2696400
2696401
2696402
2696403
2696404
2696405
2696406
2696407
2696408
2696409
2696410
2696411
2696412
2696413
2696414
2696415
2696416
2696417
2696418
2696419
2696420
2696421
2696422
2696423
2696424
2696425
2696426
2696427
2696428
2696429
2696430
2696431
2696432
2696433
2696434
2696435
2696436
2696437
2696438
2696439
2696440
2696441
2696442
2696443
2696444
2696445
2696446
2696447
2696448
2696449
2696450
2696451
2696452
2696453
2696454
2696455
2696456
2696457
2696458
2696459
2696460
2696461
2696462
2696479
2696679
2696681
2696682
2696714
2696999
2697005
2697049
2697055
2697056
2697090
2697091
2697092
2697093
2697094
2697095
2697238
2697494
2697498
2697508
2697509
2697512
2697513
2697535
2697536
2697537
2697538
2697539
2697540
2697541
2697571
2697572
2697640
2697641
2697644
2697645
2697646
2698415
2698416
2698666
2698667
2698726
2698728
2698729
2698730
2698776
2698777
2698835
2698907
2698910
2698923
2698927
2698928
2698929
2699143
2699144
2699151
2699153
2699154
2699379
2699380
2699381
2699382
2699383
2699384
2699385
2699386
2699387
2699388
2699389
2699390
2699391
2699392
2699393
2699478
2699738
2699769
2699794
2699877
2700023
2700041
2700071
2700089
2703488
2703490
2703491
2703492
2703493
2703494
2703495
2703496
2703497
2703654
2703869
2703870
2703871
2703872
2703960
2704027
2704031
2704033
2704034
2704035
2704036
2704037
2704038
2704039
2704040
2704041
2704042
2704043
2704064
2704065
2704066
2704067
2704068
2704069
2704070
2704071
2704072
2704073
2704074
2704172
2704182
2704371
2704413
2704418
2704502
2704503
2704504
2704521
2704632
2704634
2704635
2704636
2704941
2704943
2704944
2704958
2704959
2704965
2705123
2705461
2705462
2705537
2705538
2705543
2706128
2706523
2706558
2706778
2706841
2706908
2706909
2706910
2706911
2706912
2706913
2706914
2707004
2707030
2707181
2707191
2707193
2707194
2707195
2707197
2707198
2707201
2707202
2707203
2707204
2707205
2707206
2707207
2707208
2707210
2707211
2707212
2707213
2707214
2707215
2707217
2707218
2707220
2707221
2707223
2707224
2707226
2707227
2707228
2707229
2707230
2707231
2707232
2707233
2707234
2707235
2707236
2707237
2707238
2707239
2707241
2707242
2707243
2707245
2707248
2707249
2707250
2707251
2707252
2707253
2707254
2707255
2707256
2707257
2707259
2707260
2707263
2707264
2707266
2707267
2707268
2707269
2707270
2707271
2707272
2707273
2707274
2707275
2707276
2707277
2707278
2707279
2707280
2707281
2707282
2707283
2707284
2707285
2707286
2707287
2707288
2707289
2707290
2707291
2707292
2707293
2707294
2707295
2707300
2707307
2707308
2707309
2707310
2707311
2707312
2707313
2707314
2707315
2707316
2707317
2707318
2707319
2707320
2707321
2707322
2707324
2707325
2707326
2707327
2707328
2707343
2707358
2707536
2707537
2707538
2707539
2707540
2707541
2707726
2707728
2707730
2708056
2708065
2708335
2708519
2708562
2708592
2708629
2708630
2708631
2708632
2708633
2708634
2708635
2708636
2709072
2709239
2709244
2709316
2709317
2709318
2709319
2709320
2709552
2709553
2709554
2709734
2709735
2709736
2709737
2709738
2709741
2709742
2709746
2709747
2709754
2709774
2709775
2709776
2709777
2709778
2709779
2710493
2710494
2710495
2710496
2710497
2710500
2710501
2710502
2710503
2710504
2710505
2710507
2710509
2710510
2710511
2710512
2710513
2710514
2710515
2710516
2710517
2710518
2710519
2710874
2710953
2710960
2710964
2710965
2710966
2710988
2710999
2711010
2711022
2711023
2711024
2711025
2711037
2711049
2711055
2711064
2711066
2711091
2711092
2711101
2711104
2711105
2711106
2711114
2711135
2711145
2711163
2711164
2711165
2711169
2711170
2711171
2711172
2711173
2711174
2711178
2711180
2711181
2711182
2711183
2711184
2711185
2711208
2711275
2711276
2712060
2712269
2712691
2712692
2712734
2712833
2712846
2712851
2712895
2712933
2712934
2712935
2712938
2712940
2712941
2712943
2712944
2712945
2712956
2712957
2712958
2712960
2712962
2712966
2712967
2712969
2712970
2712971
2712972
2712973
2712974
2712976
2712977
2712978
2712979
2713138
2713139
2713145
2713146
2713147
2713148
2713149
2713154
2713155
2713156
2713157
2713205
2713208
2713209
2713210
2713211
2713212
2713217
2713222
2713223
2713224
2713242
2713243
2713244
2713245
2713246
2713247
2713248
2713249
2713250
2713256
2713257
2713258
2713259
2713260
2713262
2713263
2713264
2713265
2713266
2713267
2713268
2713269
2713273
2713274
2713275
2713276
2713277
2713278
2713279
2713280
2713281
2713282
2713283
2713284
2713285
2713286
2713287
2713288
2713289
2713290
2713291
2713292
2713293
2713294
2713295
2713296
2713297
2713298
2713299
2713300
2713301
2713302
2713303
2713304
2713305
2713306
2713307
2713308
2713309
2713310
2713311
2713312
2713313
2713314
2713315
2713316
2713317
2713318
2713319
2713320
2713321
2713322
2713323
2713324
2713325
2713326
2713327
2713328
2713435
2713451
2713452
2713454
2713456
2713457
2713499
2713590
2713609
2713640
2713662
2713663
2714165
2714168
2714170
2714171
2714172
2714173
2714177
2714180
2714181
2714182
2714183
2714184
2714735
2714736
2714894
2714896
2714898
2714899
2714902
2714903
2714904
2714905
2714906
2714907
2714908
2715094
2715095
2715102
2715103
2715178
2715208
2715213
2715688
2715689
2715690
2715709
2715710
2715711
2715712
2715743
2715793
2715794
2715795
2715796
2715797
2715931
2716125
2716128
2716170
2716180
2716181
2716183
2716184
2716185
2716188
2716189
2716316
2716318
2716319
2716322
2716343
2716344
2716345
2716346
2716347
2716350
2716351
2716352
2716353
2716354
2716355
2716551
2716553
2716554
2716555
2716556
2716557
2716558
2716559
2716560
2716617
2716618
2716635
2716638
2716640
2716641
2716643
2716644
2716645
2716646
2716647
2716648
2716650
2716652
2716653
2716654
2716655
2716656
2716658
2716659
2716660
2716661
2716662
2716663
2716664
2716665
2716667
2716668
2716671
2716672
2716675
2716677
2716678
2716679
2716680
2716681
2716682
2716683
2716727
2716728
2716729
2716732
2716733
2716734
2716735
2716736
2716738
2716739
2716740
2716741
2716742
2716744
2716746
2716747
2716748
2716750
2716751
2716752
2716753
2716754
2716759
2716760
2716761
2716762
2716763
2716764
2716914
2717165
2717302
2717394
2717543
2717544
2717545
2717546
2717547
2717548
2717549
2717550
2717584
2717630
2717633
2717636
2717644
2717646
2717648
2717649
2717652
2717655
2717656
2717657
2717660
2717662
2717663
2717666
2717667
2717668
2717670
2717674
2717680
2717682
2717684
2717685
2717850
2717891
2718426
2718472
2718473
2718474
2718475
2718476
2718477
2718478
2718479
2718480
2718481
2718482
2718606
2718607
2718608
2718609
2718722
2718941
2718942
2718943
2718947
2719116
2719179
2719180
2719181
2719183
2719184
2719185
2719186
2719188
2719190
2719191
2719192
2719193
2719194
2719195
2719196
2719197
2719200
2719202
2719203
2719204
2719206
2719207
2719208
2719209
2719210
2719212
2719434
2719435
2719436
2719437
2719438
2719439
2719440
2719441
2719442
2719443
2719444
2719445
2719446
2719447
2719448
2719449
2719450
2719451
2719452
2719453
2719454
2719455
2719456
2719457
2719458
2719459
2719460
2719461
2719462
2719463
2719464
2719465
2719466
2719467
2719468
2719469
2719470
2719471
2719472
2719473
2719474
2719475
2719476
2719477
2719478
2719479
2719480
2719481
2719482
2719483
2719484
2719485
2719486
2719487
2719488
2719492
2719493
2719494
2719495
2719496
2719497
2719498
2719499
2719500
2719501
2719502
2719503
2719504
2719505
2719506
2719507
2719508
2719509
2719510
2719512
2719513
2719514
2719515
2719516
2719517
2719518
2719519
2719520
2719521
2719522
2719523
2719524
2719525
2719526
2719528
2719529
2719530
2719531
2719532
2719533
2719534
2719535
2719536
2719550
2719567
2719568
2719569
2719570
2719571
2719572
2719574
2719575
2719589
2719590
2719591
2719592
2719593
2719594
2719595
2719596
2719597
2719599
2719600
2719601
2719602
2719603
2719604
2719605
2719606
2719607
2719609
2719610
2719611
2719798
2719799
2719800
2719801
2719802
2719803
2719804
2719805
2719806
2719807
2719809
2719810
2719811
2719812
2719813
2719814
2719835
2719836
2719837
2719838
2719839
2719840
2719841
2719842
2719843
2719844
2719845
2719846
2719847
2719848
2719849
2719850
2719851
2719852
2719853
2719854
2719855
2719856
2719857
2719858
2719859
2719860
2719861
2719862
2719863
2719864
2719865
2719866
2719867
2719868
2719869
2719990
2720068
2720191
2720215
2720399
2720485
2720486
2720538
2720539
2720886
2720899
2720900
2720901
2720902
2720903
2720904
2720905
2720906
2720907
2720908
2720909
2720910
2720911
2720912
2720913
2720914
2720915
2720916
2720917
2720918
2720919
2720920
2720921
2720922
2720923
2720924
2720925
2720926
2720927
2720928
2720929
2720930
2720931
2720932
2720933
2720934
2720935
2720936
2720937
2720938
2720939
2720940
2720941
2720942
2720943
2720944
2720945
2720946
2720947
2720948
2720949
2720950
2720952
2720953
2720954
2720955
2720956
2720957
2720958
2720959
2720960
2720961
2720962
2720963
2720964
2720966
2720967
2721224
2721273
2721556
2721742
2721746
2721747
2721749
2721750
2721756
2721757
2721760
2721792
2722823
2722917
2722918
2723238
2723239
2723240
2723241
2723242
2723243
2723244
2723245
2723248
2723249
2723667
2723726
2723727
2723728
2723742
2723743
2723754
2723755
2723758
2723759
2723761
2723762
2723769
2723772
2723773
2723774
2723892
2723893
2723894
2723896
2723897
2723898
2723899
2723900
2723901
2723902
2723903
2723904
2723905
2723906
2723907
2723909
2723910
2723937
2723938
2723956
2723960
2723963
2723964
2723990
2723992
2723993
2724078
2724084
2724161
2724168
2724180
2724308
2724309
2724310
2724322
2724323
2724325
2724326
2724327
2724352
2724498
2724499
2724758
2724895
2725057
2725373
2725395
2725580
2725603
2725604
2725605
2725607
2725608
2725609
2725612
2725613
2725614
2725615
2725616
2725617
2725618
2725619
2725620
2725621
2725622
2725623
2725624
2725625
2725626
2725627
2725628
2725629
2725630
2725631
2725632
2725633
2725634
2725635
2725637
2725639
2725640
2725641
2725642
2725643
2725644
2725645
2725646
2725647
2725648
2725649
2725650
2725651
2725652
2725678
2725679
2725680
2725681
2725682
2725683
2725751
2725753
2725754
2725755
2725864
2726019
2726020
2726182
2726183
2726258
2726259
2726708
2726811
2726936
2726938
2726969
2727852
2727857
2727861
2727863
2727864
2727865
2727882
2727984
2728245
2729004
2729189
2729190
2729191
2729193
2729338
2729339
2729340
2729341
2729342
2729343
2729344
2729443
2729539
2729541
2729542
2729566
2729568
2729569
2729572
2729574
2729575
2729576
2729592
2729631
2729638
2729647
2729735
2730082
2730083
2730119
2730536
2730538
2730539
2730540
2730578
2730579
2730603
2730617
2730618
2730619
2730620
2730621
2730622
2730632
2730656
2730657
2730658
2730659
2730660
2730967
2730968
2731207
2731208
2731253
2731270
2731271
2731333
2731341
2731342
2731360
2731361
2731363
2731447
2731448
2731449
2731618
2731619
2731621
2731622
2731623
2731624
2731625
2731643
2731645
2731646
2731647
2731648
2731649
2731650
2731651
2731652
2731653
2731671
2731672
2731673
2731674
2731675
2731676
2731677
2731689
2731690
2731691
2731695
2731926
2731927
2731928
2731929
2731930
2731931
2731932
2731933
2731934
2731935
2731936
2731937
2731938
2731939
2731940
2731941
2731942
2731943
2731944
2731945
2731946
2731947
2731948
2731949
2731950
2731951
2731952
2731953
2731954
2731955
2731956
2731957
2731958
2731959
2731960
2731961
2731962
2731963
2731964
2731965
2731966
2731967
2731968
2731969
2731970
2731971
2731972
2731973
2731974
2731975
2731976
2731977
2731978
2731979
2731980
2731981
2731982
2731983
2731984
2731985
2731986
2731987
2731988
2731989
2731990
2731991
2732004
2732005
2732006
2732007
2732008
2732009
2732010
2732011
2732012
2732013
2732014
2732016
2732017
2732018
2732019
2732020
2732021
2732022
2732023
2732024
2732026
2732027
2732028
2732029
2732031
2732032
2732033
2732034
2732035
2732037
2732038
2732045
2732046
2732047
2732048
2732049
2732050
2732051
2732061
2732062
2732063
2732064
2732065
2732066
2732068
2732086
2732090
2732091
2732092
2732093
2732094
2732098
2732099
2732254
2732255
2732256
2732257
2732396
2732397
2732405
2732406
2732407
2732408
2732409
2732410
2732411
2732412
2732413
2732414
2732415
2732416
2732420
2732421
2732422
2732423
2732424
2732448
2732449
2732451
2732458
2732459
2732460
2732461
2732462
2732463
2732464
2732498
2732499
2732500
2732502
2732503
2732504
2732505
2732506
2732507
2732514
2732515
2732523
2732524
2732525
2732526
2732527
2732528
2732529
2732531
2732532
2732533
2732534
2732535
2732536
2732537
2732538
2732539
2732540
2732541
2732542
2732543
2732544
2732545
2732546
2732547
2732548
2732549
2732550
2732551
2732552
2732553
2732554
2732555
2732556
2732557
2732558
2732559
2732560
2732588
2732589
2732591
2732592
2732595
2732596
2732597
2732598
2732599
2732600
2732601
2732602
2732603
2732604
2732605
2732612
2732613
2732614
2732652
2732653
2732654
2732655
2732657
2732658
2732661
2732675
2732676
2732677
2732678
2732679
2732680
2732681
2732682
2732683
2732684
2732685
2732686
2732687
2732688
2732689
2732690
2732691
2732692
2732693
2732694
2732695
2732697
2732698
2732699
2732701
2732702
2732703
2732704
2732705
2732706
2732707
2732708
2732709
2732710
2732711
2732712
2732713
2732714
2732762
2732763
2732764
2732765
2732775
2732776
2732777
2732778
2732779
2732780
2732781
2732782
2732783
2732784
2732785
2732786
2732787
2732788
2732789
2732827
2732869
2732870
2732871
2732872
2732873
2732874
2732875
2732876
2732877
2732878
2732879
2732880
2732881
2732882
2732884
2732885
2732886
2732887
2732888
2732890
2732891
2732892
2732894
2732895
2732896
2732898
2732899
2732900
2732901
2732902
2732903
2732904
2732905
2732906
2732907
2732908
2732909
2732910
2732911
2732912
2732913
2732914
2732915
2732916
2732917
2732918
2732920
2732921
2732922
2732923
2732924
2732925
2732926
2732927
2732928
2732929
2732930
2732931
2732932
2732933
2732937
2732938
2732939
2732960
2732961
2732962
2732963
2732964
2732965
2732966
2732968
2732969
2732970
2732971
2732972
2732973
2732974
2732975
2732976
2732977
2732978
2732979
2732980
2732981
2732982
2732983
2732984
2732985
2732986
2732987
2732988
2732989
2732990
2733041
2733081
2733083
2733084
2733085
2733086
2733087
2733088
2733089
2733090
2733091
2733092
2733093
2733094
2733095
2733096
2733097
2733098
2733099
2733100
2733101
2733102
2733103
2733104
2733105
2733106
2733107
2733108
2733109
2733110
2733111
2733112
2733113
2733114
2733115
2733116
2733117
2733118
2733119
2733120
2733121
2733122
2733123
2733124
2733125
2733126
2733127
2733128
2733129
2733130
2733131
2733132
2733133
2733134
2733135
2733136
2733137
2733138
2733139
2733140
2733141
2733142
2733143
2733144
2733145
2733146
2733147
2733148
2733149
2733150
2733151
2733152
2733153
2733154
2733155
2733156
2733157
2733158
2733159
2733160
2733161
2733162
2733163
2733164
2733165
2733166
2733167
2733168
2733169
2733170
2733171
2733172
2733173
2733174
2733175
2733176
2733177
2733178
2733179
2733180
2733181
2733182
2733183
2733184
2733185
2733186
2733187
2733188
2733189
2733190
2733191
2733192
2733193
2733194
2733195
2733196
2733197
2733198
2733199
2733200
2733201
2733202
2733203
2733204
2733205
2733206
2733207
2733208
2733209
2733210
2733211
2733212
2733213
2733214
2733215
2733216
2733217
2733218
2733219
2733220
2733221
2733222
2733223
2733224
2733225
2733226
2733227
2733228
2733229
2733230
2733231
2733232
2733233
2733234
2733235
2733236
2733237
2733239
2733240
2733241
2733242
2733243
2733244
2733245
2733246
2733247
2733248
2733249
2733250
2733251
2733252
2733253
2733254
2733255
2733256
2733257
2733258
2733259
2733260
2733261
2733262
2733263
2733264
2733265
2733266
2733267
2733268
2733271
2733272
2733273
2733274
2733276
2733277
2733279
2733280
2733281
2733282
2733283
2733284
2733285
2733287
2733288
2733289
2733290
2733291
2733292
2733293
2733294
2733295
2733296
2733297
2733298
2733299
2733300
2733301
2733302
2733303
2733304
2733309
2733311
2733312
2733313
2733314
2733315
2733316
2733317
2733318
2733319
2733320
2733321
2733322
2733325
2733326
2733327
2733328
2733329
2733330
2733331
2733332
2733333
2733334
2733335
2733336
2733337
2733338
2733339
2733340
2733341
2733342
2733343
2733344
2733345
2733346
2733347
2733348
2733349
2733350
2733351
2733352
2733353
2733354
2733355
2733356
2733357
2733358
2733359
2733360
2733361
2733362
2733363
2733364
2733365
2733366
2733367
2733368
2733369
2733370
2733371
2733372
2733373
2733374
2733375
2733376
2733377
2733395
2733468
2733574
2733575
2733576
2733577
2733578
2733579
2733580
2733581
2733583
2733584
2733585
2733586
2733587
2733588
2733589
2733590
2733591
2733592
2733593
2733594
2733595
2733596
2733597
2733598
2733599
2733600
2733601
2733602
2733603
2733604
2733605
2733606
2733607
2733608
2733609
2733610
2733611
2733612
2733613
2733614
2733615
2733616
2733617
2733618
2733619
2733620
2733621
2733622
2733623
2733624
2733625
2733626
2733627
2733628
2733629
2733630
2733631
2733632
2733633
2733634
2733635
2733636
2733637
2733638
2733639
2733640
2733641
2733642
2733643
2733644
2733645
2733646
2733647
2733648
2733649
2733650
2733651
2733652
2733653
2733654
2733655
2733656
2733657
2733658
2733659
2733660
2733661
2733662
2733663
2733664
2733665
2733666
2733667
2733668
2733669
2733670
2733671
2733672
2733673
2733674
2733675
2733676
2733677
2733678
2733679
2733680
2733681
2733682
2733683
2733684
2733685
2733691
2733869
2733870
2733871
2733872
2733873
2733874
2733875
2733876
2733877
2733878
2733879
2733880
2733881
2733882
2733883
2733884
2733885
2733886
2733887
2733888
2733889
2733890
2733891
2733892
2733893
2733894
2733895
2733896
2733897
2733898
2733899
2733900
2733901
2733902
2733903
2733904
2733905
2733906
2733907
2733916
2733917
2733918
2733919
2733920
2733921
2733922
2733923
2733924
2733925
2733926
2733927
2733928
2733929
2733930
2733931
2733932
2733933
2733934
2733935
2733936
2733937
2733938
2733939
2733940
2733941
2733942
2733943
2733944
2733945
2733946
2733947
2733948
2733949
2733950
2733951
2733952
2733953
2733954
2733955
2733956
2733957
2733958
2733959
2733960
2733961
2733962
2733963
2733964
2733965
2733966
2733967
2733968
2733969
2733970
2733971
2733972
2733973
2733974
2733975
2733976
2733977
2733978
2733979
2733981
2733982
2733983
2733984
2733985
2733986
2733987
2733988
2733989
2733990
2733991
2733992
2733993
2733994
2733995
2733996
2733997
2733998
2733999
2734000
2734001
2734002
2734003
2734004
2734005
2734006
2734007
2734008
2734009
2734010
2734011
2734012
2734013
2734014
2734015
2734016
2734018
2734019
2734020
2734021
2734022
2734023
2734024
2734025
2734026
2734027
2734028
2734029
2734030
2734031
2734032
2734033
2734034
2734035
2734036
2734037
2734038
2734039
2734040
2734041
2734042
2734043
2734044
2734045
2734046
2734047
2734048
2734049
2734050
2734051
2734052
2734053
2734054
2734056
2734057
2734059
2734060
2734061
2734062
2734064
2734065
2734066
2734067
2734068
2734069
2734070
2734071
2734072
2734073
2734074
2734075
2734076
2734078
2734079
2734080
2734081
2734082
2734083
2734084
2734085
2734086
2734087
2734088
2734089
2734090
2734091
2734092
2734093
2734094
2734095
2734096
2734097
2734098
2734099
2734100
2734101
2734102
2734103
2734104
2734105
2734106
2734108
2734109
2734110
2734111
2734112
2734113
2734114
2734115
2734116
2734117
2734118
2734119
2734120
2734121
2734122
2734123
2734124
2734125
2734126
2734127
2734128
2734129
2734130
2734131
2734132
2734133
2734134
2734135
2734136
2734137
2734138
2734139
2734140
2734141
2734142
2734143
2734144
2734145
2734146
2734147
2734148
2734149
2734150
2734151
2734152
2734153
2734154
2734155
2734156
2734157
2734158
2734159
2734160
2734161
2734162
2734163
2734186
2734187
2734188
2734189
2734190
2734191
2734192
2734193
2734194
2734195
2734196
2734197
2734198
2734199
2734200
2734201
2734202
2734203
2734204
2734205
2734206
2734207
2734208
2734209
2734210
2734211
2734212
2734213
2734214
2734215
2734216
2734217
2734218
2734219
2734220
2734221
2734222
2734223
2734224
2734225
2734226
2734227
2734228
2734229
2734230
2734231
2734232
2734233
2734234
2734235
2734236
2734237
2734238
2734239
2734240
2734241
2734242
2734243
2734244
2734245
2734246
2734247
2734248
2734249
2734250
2734251
2734252
2734253
2734254
2734255
2734256
2734257
2734258
2734259
2734260
2734261
2734262
2734263
2734264
2734265
2734266
2734267
2734268
2734269
2734270
2734271
2734272
2734273
2734274
2734275
2734276
2734277
2734278
2734279
2734280
2734281
2734282
2734283
2734284
2734285
2734286
2734287
2734288
2734289
2734290
2734291
2734292
2734293
2734294
2734295
2734328
2734331
2734332
2734333
2734334
2734335
2734336
2734337
2734338
2734339
2734340
2734341
2734342
2734344
2734345
2734347
2734348
2734350
2734351
2734352
2734353
2734354
2734357
2734358
2734366
2734367
2734368
2734369
2734370
2734371
2734372
2734373
2734374
2734375
2734376
2734377
2734379
2734380
2734382
2734383
2734384
2734385
2734386
2734387
2734388
2734389
2734390
2734392
2734393
2734394
2734395
2734396
2734397
2734398
2734399
2734400
2734401
2734402
2734404
2734405
2734406
2734407
2734408
2734409
2734410
2734418
2734422
2734426
2734427
2734433
2734434
2734435
2734436
2734437
2734438
2734439
2734484
2734485
2734488
2734489
2734499
2734500
2734501
2734502
2734503
2734510
2734511
2734512
2734513
2734515
2734517
2734518
2734519
2734521
2734523
2734524
2734525
2734529
2734530
2734535
2734536
2734539
2734541
2734543
2734548
2734551
2734552
2734553
2734554
2734555
2734556
2734558
2734560
2734561
2734565
2734566
2734567
2734568
2734569
2734570
2734571
2734572
2734573
2734574
2734575
2734576
2734577
2734582
2734584
2734585
2734586
2734587
2734588
2734591
2734592
2734593
2734594
2734595
2734627
2734628
2734642
2734808
2734809
2734842
2734843
2734844
2734845
2734905
2735125
2735171
2735212
2735213
2735214
2735220
2735221
2735222
2735224
2735225
2735226
2735227
2735277
2735300
2735301
2735304
2735305
2735399
2735400
2735531
2735572
2735669
2735873
2735874
2735917
2735918
2735919
2735920
2735921
2735922
2735923
2735925
2735926
2735927
2735928
2735929
2735930
2735931
2735934
2735936
2735937
2735938
2735939
2735940
2735941
2735943
2735944
2735945
2735946
2735947
2735948
2735949
2735950
2735951
2735952
2735953
2735954
2735955
2735956
2735957
2735958
2735959
2735960
2735963
2735964
2736185
2736186
2736188
2736189
2736190
2736192
2736194
2736195
2736196
2736197
2736200
2736202
2736204
2736205
2736218
2736222
2736223
2736224
2736226
2736227
2736229
2736233
2736234
2736238
2736239
2736256
2736257
2736258
2736259
2736260
2736261
2736262
2736263
2736264
2736265
2736266
2736267
2736268
2736269
2736270
2736271
2736272
2736273
2736274
2736279
2736280
2736287
2736288
2736296
2736341
2736343
2736346
2736347
2736364
2736365
2736366
2736367
2736368
2736369
2736370
2736371
2736372
2736373
2736374
2736375
2736376
2736377
2736378
2736379
2736380
2736381
2736382
2736383
2736384
2736385
2736386
2736387
2736388
2736389
2736390
2736391
2736392
2736393
2736394
2736395
2736396
2736397
2736398
2736399
2736400
2736401
2736402
2736403
2736404
2736405
2736406
2736407
2736408
2736409
2736410
2736411
2736412
2736413
2736513
2736632
2736646
2736647
2736651
2736661
2736690
2736692
2736913
2736930
2736932
2736933
2737030
2737053
2737054
2737055
2737056
2737057
2737058
2737059
2737060
2737061
2737062
2737063
2737064
2737065
2737066
2737067
2737068
2737069
2737070
2737071
2737072
2737073
2737074
2737075
2737076
2737077
2737078
2737079
2737080
2737081
2737082
2737083
2737084
2737085
2737086
2737087
2737088
2737089
2737090
2737091
2737092
2737093
2737094
2737095
2737096
2737097
2737098
2737160
2737161
2737162
2737666
2737667
2737672
2737675
2737678
2737679
2737680
2737681
2737682
2737683
2737684
2737695
2737696
2737697
2737698
2737704
2737705
2737710
2737711
2737763
2738138
2738372
2738373
2738374
2738376
2738397
2738398
2738459
2738469
2738470
2738555
2738809
2738896
2738897
2738898
2738899
2738900
2738901
2738902
2738905
2738906
2738907
2738910
2738911
2738912
2738913
2738914
2738916
2738917
2738918
2738919
2738921
2739222
2739231
2739235
2739244
2739248
2739249
2739374
2739375
2739376
2739377
2739378
2739380
2739381
2739382
2739383
2739384
2739385
2739386
2739639
2739640
2739681
2739751
2739752
2739753
2739754
2739772
2739773
2739778
2739780
2739783
2739833
2739834
2739846
2739847
2739848
2739849
2739850
2739851
2739852
2739853
2739854
2739855
2739856
2739857
2739858
2739859
2739860
2739861
2739862
2739863
2739866
2739867
2739868
2739869
2739870
2739874
2739875
2739876
2739877
2739878
2739879
2739880
2739881
2739882
2739883
2739884
2739885
2739888
2739889
2739890
2739892
2740115
2740116
2740117
2740118
2740119
2740120
2740121
2740122
2740123
2740127
2740128
2740129
2740132
2740133
2740134
2740135
2740136
2740137
2740138
2740139
2740140
2740141
2740142
2740143
2740144
2740145
2740146
2740147
2740148
2740149
2740150
2740151
2740152
2740154
2740155
2740167
2740168
2740170
2740171
2740179
2740180
2740181
2740182
2740427
2740451
2740714
2740721
2740747
2740748
2740798
2740799
2740800
2740801
2740802
2740803
2740804
2740805
2741065
2741072
2741073
2741074
2741075
2741076
2741077
2741341
2741441
2741442
2741542
2741637
2741640
2741642
2741643
2741644
2741645
2741646
2741647
2741649
2741650
2741651
2741652
2741653
2741654
2741655
2741656
2741657
2741658
2741659
2741660
2741662
2741663
2741664
2741665
2741666
2741667
2741668
2741669
2741670
2741671
2741672
2741717
2741761
2741762
2741763
2741764
2741765
2741766
2741767
2741768
2741769
2741770
2741771
2741772
2741773
2741774
2741775
2741776
2741777
2741778
2741779
2741780
2741781
2741782
2741783
2741784
2741785
2741786
2741787
2741788
2741789
2741790
2741791
2741792
2741793
2741794
2741795
2741796
2741797
2741798
2741799
2741800
2741801
2741802
2741803
2741804
2741805
2741806
2741807
2741808
2741809
2741810
2741811
2741812
2741813
2741814
2741815
2741816
2741817
2741818
2741819
2741820
2741821
2741822
2741823
2741824
2741825
2741826
2741827
2741828
2741829
2741830
2741831
2741832
2741833
2741834
2741835
2741836
2741837
2741838
2741839
2741840
2741841
2741842
2741843
2741844
2741845
2741846
2741847
2741848
2741849
2741850
2741851
2741852
2741853
2741854
2741855
2741856
2741857
2741858
2741859
2741860
2741861
2741862
2741863
2741864
2741865
2741866
2741867
2741868
2741869
2741870
2741871
2741872
2741873
2741874
2741875
2741876
2741877
2741878
2741879
2741880
2741881
2741882
2741883
2741884
2741885
2741886
2741887
2741888
2741889
2741890
2741891
2741892
2741893
2741894
2741895
2741896
2741897
2741898
2741899
2741900
2741901
2741902
2741903
2741904
2741905
2741906
2741907
2741920
2741921
2741922
2741923
2741924
2741925
2742107
2742108
2742112
2742113
2742114
2742446
2742449
2742540
2742541
2742542
2742543
2742544
2742546
2742547
2742548
2742549
2742550
2742551
2742552
2742553
2742554
2742555
2742556
2742557
2742558
2742559
2742560
2742561
2742562
2742563
2742565
2742566
2742567
2742594
2742700
2742702
2742703
2742942
2742944
2742945
2742946
2742947
2742948
2742950
2743094
2743095
2743096
2743097
2743098
2743099
2743100
2743101
2743115
2743116
2743117
2743118
2743119
2743120
2743121
2743122
2743123
2743124
2743125
2743126
2743127
2743128
2743129
2743130
2743131
2743132
2743133
2743134
2743135
2743136
2743138
2743139
2743143
2743144
2743145
2743147
2743148
2743150
2743151
2743152
2743153
2743154
2743167
2743168
2743176
2743177
2743178
2743179
2743180
2743181
2743182
2743183
2743184
2743185
2743186
2743402
2743403
2743404
2743613
2743776
2743777
2743781
2743786
2743788
2743789
2743791
2743796
2743797
2743801
2743803
2743804
2743809
2743810
2743814
2743815
2743819
2743821
2743826
2743828
2743829
2743830
2743834
2743839
2743843
2743844
2743845
2743903
2743904
2743907
2743908
2743909
2743910
2743911
2743912
2743913
2743914
2743915
2743916
2743917
2743918
2743919
2743921
2743922
2743923
2743924
2743925
2743927
2743928
2743930
2743931
2743932
2743933
2743934
2743936
2743937
2743938
2743939
2743940
2743960
2743961
2743962
2743964
2743965
2743966
2743967
2743968
2743969
2743970
2743982
2743983
2743984
2743985
2743986
2743987
2743988
2743989
2743990
2743991
2743992
2743993
2743994
2743996
2743997
2743998
2743999
2744001
2744002
2744003
2744004
2744005
2744006
2744007
2744009
2744010
2744011
2744012
2744144
2744145
2744370
2744400
2744401
2744402
2744403
2744404
2744405
2744409
2744412
2744413
2744414
2744415
2744416
2744417
2744418
2744419
2744420
2744421
2744422
2744423
2744424
2744425
2744426
2744427
2744428
2744429
2744430
2744481
2744503
2744802
2744803
2744804
2744805
2744806
2744807
2744808
2744809
2744810
2744811
2744812
2744813
2744814
2744815
2744816
2744817
2744818
2745133
2745636
2745645
2745646
2745647
2745649
2745672
2745673
2745684
2745691
2745692
2745693
2745699
2745703
2745862
2745887
2745897
2745898
2745899
2745900
2745901
2745902
2746072
2746074
2746075
2746222
2746223
2746227
2746228
2746235
2746236
2746237
2746238
2746239
2746240
2746242
2746245
2746246
2746250
2746251
2746252
2746254
2746256
2746257
2746259
2746260
2746261
2746263
2746264
2746266
2746267
2746268
2746269
2746272
2746274
2746275
2746276
2746277
2746278
2746281
2746283
2746285
2746287
2746289
2746290
2746291
2746292
2746295
2746297
2746300
2746302
2746303
2746304
2746307
2746308
2746309
2746311
2746313
2746314
2746315
2746316
2746317
2746318
2746319
2746339
2746340
2746341
2746342
2746349
2746350
2746352
2746353
2746354
2746355
2746357
2746358
2746359
2746362
2746364
2746365
2746366
2746367
2746368
2746369
2746370
2746371
2746373
2746374
2746377
2746510
2746641
2746642
2746643
2746644
2746650
2746652
2746653
2746656
2746657
2746658
2746659
2746767
2746768
2746862
2746863
2746870
2746872
2746874
2746875
2746876
2746877
2746881
2746884
2746885
2746886
2746891
2746925
2746928
2746929
2747210
2747317
2747318
2747319
2747320
2747321
2747322
2747323
2747343
2747383
2747484
2747485
2747486
2747487
2747488
2747489
2747490
2747491
2747492
2747493
2747780
2747781
2747782
2747940
2748049
2748050
2748176
2748196
2748198
2748201
2748202
2748203
2748204
2748205
2748206
2748207
2748208
2748209
2748212
2748231
2748232
2748233
2748234
2748235
2748236
2748237
2748238
2748239
2748240
2748241
2748244
2748245
2748249
2748250
2748252
2748253
2748254
2748256
2748302
2748305
2748306
2748307
2748308
2748341
2748371
2748372
2748377
2748378
2748675
2748676
2748677
2748685
2748688
2748747
2748755
2748756
2748757
2748758
2748760
2748762
2748764
2748765
2748766
2748767
2748768
2748772
2748773
2748774
2748775
2748924
2748958
2748959
2748962
2748967
2748968
2748973
2749186
2749196
2749212
2749214
2749215
2749216
2749255
2749256
2749257
2749258
2749259
2749260
2749261
2749299
2749302
2749303
2749381
2749412
2749415
2749421
2749424
2749425
2749426
2749427
2749428
2749429
2749430
2749431
2749448
2749449
2749452
2749453
2749454
2749458
2749497
2749505
2749506
2749587
2749588
2749589
2749590
2749591
2749592
2749668
2749824
2749850
2749860
2749861
2749864
2749908
2749925
2749926
2749927
2749928
2749931
2749935
2749937
2749938
2749939
2749940
2749941
2749946
2750264
2750276
2750277
2750281
2750284
2750285
2750646
2750649
2750811
2750846
2750847
2750848
2750849
2750850
2750851
2750852
2750853
2750854
2750856
2750857
2750858
2750924
2751155
2751158
2751159
2751163
2751164
2751371
2751375
2751381
2751388
2751392
2751480
2751814
2751816
2751880
2752309
2752331
2752436
2752520
2752521
2752522
2752524
2752529
2752530
2752531
2752532
2752533
2752534
2752535
2752536
2752547
2752548
2752549
2752550
2752567
2752568
2752569
2752570
2752589
2752794
2752795
2752797
2752798
2752799
2753147
2753148
2753149
2753150
2753151
2753152
2753153
2753154
2753656
2753665
2753730
2753731
2753732
2753733
2754374
2754817
2754851
2754852
2754853
2754854
2754855
2754856
2754857
2754858
2754862
2754863
2754864
2754865
2754867
2754871
2754873
2754975
2755028
2755032
2755132
2755143
2755144
2755145
2755146
2755147
2755148
2755149
2755151
2755152
2755153
2755154
2755155
2755156
2755157
2755158
2755159
2755160
2755161
2755401
2755402
2755403
2755404
2755407
2755408
2755409
2755482
2755483
2755484
2756116
2756117
2756144
2756145
2756149
2756150
2756217
2756218
2756239
2756242
2756244
2757715
2757716
2757721
2757770
2757771
2757772
2757773
2757774
2757775
2757776
2757777
2757778
2757779
2757780
2757781
2757782
2757783
2757785
2757786
2757787
2757788
2757789
2757792
2758095
2758098
2758131
2758132
2758136
2758138
2758139
2758289
2758290
2758291
2758292
2758294
2758297
2758298
2758299
2758380
2758381
2758382
2758660
2758939
2758957
2758968
2758976
2758977
2758978
2758979
2758980
2758981
2759119
2759120
2759121
2759125
2759131
2759177
2759178
2759179
2759180
2759182
2759186
2759187
2759188
2759191
2759192
2759193
2759194
2759195
2759196
2759197
2759199
2759200
2759201
2759202
2759203
2759204
2759205
2759206
2759207
2759208
2759209
2759211
2759212
2759213
2759214
2759216
2759217
2759218
2759219
2759272
2759274
2759277
2759278
2759331
2759332
2759333
2759334
2759335
2759365
2759366
2759380
2759381
2759387
2759388
2759389
2759390
2759391
2759392
2759393
2759395
2759396
2759397
2759398
2759399
2759400
2759401
2759402
2759403
2759404
2759405
2759406
2759407
2759408
2759410
2759412
2759413
2759414
2759415
2759417
2759418
2759419
2759420
2759452
2759453
2759454
2759455
2759456
2759457
2759458
2759459
2759460
2759461
2759462
2759463
2759464
2759465
2759599
2759604
2759630
2759631
2759709
2759710
2759714
2759718
2759719
2759720
2759722
2759723
2759724
2759725
2759726
2759727
2759729
2759730
2759731
2759732
2759761
2759762
2759769
2759770
2759772
2759773
2759888
2759889
2760003
2760058
2760409
2760414
2760415
2760664
2760741
2760744
2760745
2760772
2760774
2760809
2760810
2760811
2760812
2760813
2760818
2760819
2760820
2760840
2760843
2760845
2760851
2760861
2760893
2760894
2760895
2760896
2760897
2760898
2760904
2760982
2760983
2760985
2760986
2760987
2761108
2761109
2761110
2761126
2761172
2761174
2761183
2761185
2761187
2761188
2761189
2761193
2761198
2761199
2761206
2761215
2761216
2761217
2761218
2761219
2761220
2761221
2761227
2761228
2761229
2761230
2761231
2761233
2761234
2761236
2761237
2761241
2761242
2761243
2761244
2761246
2761251
2761253
2761263
2761264
2761265
2761266
2761267
2761268
2761269
2761270
2761272
2761274
2761276
2761277
2761278
2761279
2761280
2761282
2761283
2761284
2761286
2761287
2761288
2761290
2761291
2761293
2761294
2761297
2761299
2761300
2761301
2761302
2761303
2761304
2761305
2761310
2761311
2761312
2761313
2761314
2761315
2761316
2761318
2761320
2761321
2761324
2761326
2761327
2761328
2761329
2761332
2761333
2761334
2761335
2761336
2761337
2761338
2761339
2761342
2761343
2761348
2761363
2761364
2761370
2761371
2761497
2761498
2761502
2761503
2761560
2761708
2762027
2762278
2762279
2762280
2762281
2762282
2762283
2762285
2762287
2762288
2762289
2762290
2762303
2762304
2762386
2762390
2762391
2762393
2762394
2762395
2762396
2762398
2762399
2762400
2762401
2762402
2762403
2762405
2762406
2762408
2762409
2762410
2762411
2762412
2762413
2762414
2762415
2762416
2762417
2762418
2762419
2762420
2762421
2762422
2762424
2762425
2762426
2762427
2762428
2762429
2762430
2762431
2762435
2762494
2762495
2762496
2762497
2762498
2762499
2762501
2762502
2762503
2762510
2762556
2762594
2762666
2762667
2762669
2762670
2762671
2762672
2762715
2762716
2762717
2762718
2762719
2762720
2762721
2762809
2762810
2762811
2762813
2762815
2762819
2762820
2762821
2762822
2762824
2762825
2762827
2762828
2762829
2762832
2762833
2762835
2762836
2762837
2762838
2762839
2762840
2762841
2763101
2763102
2763103
2763231
2763233
2763234
2763236
2763244
2763268
2763269
2763270
2763523
2763525
2763528
2763529
2763530
2763531
2763532
2763538
2763561
2763565
2763566
2763909
2763914
2764087
2764122
2764701
2764916
2764918
2764921
2764945
2764953
2764986
2765371
2765856
2765857
2765858
2765859
2765861
2765862
2765867
2765868
2766478
2766528
2766529
2766540
2766561
2766562
2766563
2766564
2766565
2766566
2766567
2766568
2766705
2766745
2766746
2766747
2766748
2766749
2766787
2766829
2766830
2766832
2766833
2766834
2766835
2766836
2766946
2766951
2766968
2766974
2766975
2766976
2766990
2767006
2767007
2767010
2767013
2767014
2767015
2767016
2767017
2767018
2767019
2767021
2767022
2767023
2767024
2767025
2767026
2767027
2767028
2767029
2767030
2767031
2767033
2767034
2767194
2767195
2767196
2767198
2767207
2767208
2767209
2767210
2767211
2767213
2767214
2767215
2767216
2767218
2767229
2767230
2767231
2767232
2767249
2767251
2767258
2767259
2767260
2767261
2767262
2767263
2767264
2767265
2767513
2767515
2767516
2767523
2767530
2767531
2767532
2767537
2767538
2767542
2767543
2767544
2767545
2767546
2767547
2767548
2767549
2767550
2767551
2767552
2767553
2767554
2767556
2767557
2767561
2767562
2767563
2767565
2767566
2767567
2767568
2767569
2767570
2767571
2767572
2767573
2767574
2767575
2767576
2767577
2767578
2767579
2767580
2767581
2767582
2767583
2767584
2767585
2767586
2767587
2767588
2767589
2768128
2768130
2768131
2768133
2768134
2768135
2768136
2768137
2768138
2768139
2768140
2768141
2768142
2768689
2768763
2768764
2768765
2768766
2768767
2768768
2768770
2768772
2768773
2768774
2768775
2768782
2768783
2768784
2769326
2769330
2769331
2769332
2769334
2769335
2769337
2769352
2769353
2769355
2769356
2769357
2769358
2769359
2769433
2769437
2769516
2769573
2769805
2769806
2769807
2769808
2770078
2770103
2770111
2770118
2770119
2770120
2770121
2770122
2770123
2770124
2770125
2770126
2770127
2770128
2770327
2770328
2770329
2770330
2770601
2770615
2770616
2770617
2770846
2770872
2770877
2770878
2770879
2770883
2770892
2770994
2770995
2771210
2771211
2771213
2771379
2771380
2771381
2771454
2771455
2771456
2771457
2771458
2771459
2771461
2771462
2771463
2771464
2771465
2771466
2771467
2771468
2771469
2771470
2771478
2771479
2771480
2771481
2771483
2771485
2771486
2771487
2771488
2771489
2771509
2771580
2772015
2772016
2772018
2772019
2772020
2772021
2772023
2772024
2772025
2772026
2772027
2772029
2772030
2772031
2772032
2772055
2772056
2772057
2772059
2772060
2772061
2772062
2772063
2772064
2772065
2772066
2772067
2772068
2772069
2772070
2772071
2772072
2772073
2772074
2772075
2772076
2772077
2772078
2772079
2772080
2772081
2772082
2772083
2772084
2772085
2772086
2772087
2772088
2772089
2772090
2772091
2772092
2772093
2772094
2772095
2772270
2772288
2772290
2772291
2772292
2772344
2772412
2772447
2772448
2772455
2772501
2772502
2772503
2772504
2772505
2772507
2772508
2772511
2772516
2772517
2772518
2772519
2772521
2772610
2773286
2773289
2773290
2773293
2773313
2773314
2773315
2773317
2773318
2773319
2773460
2773468
2774152
2774221
2774416
2774417
2774418
2774419
2775043
2775053
2775126
2775153
2775154
2775155
2775261
2775262
2775266
2775967
2776145
2776725
2776735
2776752
2776765
2776766
2776767
2776768
2776769
2776770
2776771
2776772
2776777
2776781
2776783
2776784
2776785
2776787
2776788
2776789
2776792
2776793
2776800
2776801
2776802
2776805
2776806
2776807
2776808
2776809
2776810
2776811
2776812
2776813
2776814
2776815
2776816
2776819
2776821
2776822
2776823
2776824
2776830
2776831
2776832
2776833
2776836
2776837
2776838
2776839
2776840
2776841
2776842
2776844
2776845
2776846
2776847
2776848
2776849
2776850
2776851
2776852
2776853
2776854
2776855
2776856
2776857
2776858
2776859
2776860
2776861
2776864
2776865
2776866
2776867
2776868
2776869
2776870
2776871
2776872
2776874
2776875
2776876
2776877
2776878
2776880
2776881
2776882
2776924
2776959
2776960
2776961
2776962
2776963
2776964
2776966
2776967
2776968
2776972
2777032
2777033
2777034
2777035
2777087
2777088
2777089
2777090
2777091
2777092
2777093
2777094
2777131
2777132
2777133
2777134
2777135
2777136
2777137
2777138
2777139
2777140
2777141
2777143
2777144
2777145
2777146
2777147
2777170
2777208
2777210
2777211
2777212
2777215
2777216
2777219
2777220
2777221
2777223
2777226
2777229
2777230
2777232
2777233
2777234
2777235
2777300
2777301
2777309
2777310
2777311
2777312
2777313
2777318
2777319
2777321
2777322
2777323
2777324
2777325
2777326
2777327
2777328
2777329
2777330
2777331
2777332
2777347
2777348
2777349
2777351
2777352
2777353
2777359
2777360
2777361
2777362
2777363
2777364
2777368
2777369
2777370
2777371
2777372
2777376
2777377
2777378
2777380
2777381
2777382
2777383
2777384
2777386
2777387
2777390
2777395
2777397
2777398
2777399
2777400
2777401
2777402
2777403
2777405
2777470
2777529
2777538
2777710
2777991
2777992
2778219
2778220
2778221
2778222
2778246
2778247
2778248
2778249
2778251
2778512
2778513
2778514
2778515
2778517
2778518
2778519
2778520
2778521
2778524
2778552
2778586
2778671
2778759
2778761
2778762
2778763
2778765
2778766
2778767
2778769
2778770
2778782
2778969
2778970
2778971
2778973
2778974
2778975
2778976
2778977
2778979
2778980
2778981
2778982
2778983
2778984
2778985
2778986
2778987
2778988
2778989
2778990
2778991
2778992
2778993
2778994
2779003
2779012
2779169
2779174
2779319
2779399
2779404
2779655
2779843
2779848
2779849
2779852
2779853
2779854
2779855
2779856
2779857
2780018
2780021
2780070
2780166
2780167
2780170
2780377
2780378
2780379
2780380
2780512
2781113
2781145
2781354
2781359
2781360
2781361
2781362
2781364
2781365
2781366
2781367
2781368
2781369
2781370
2781371
2781372
2781373
2781374
2781375
2781376
2781378
2781379
2781380
2781381
2781382
2781607
2781608
2781639
2781640
2781641
2781642
2781646
2781647
2781648
2781866
2781867
2781896
2781948
2781949
2782219
2782522
2782523
2782524
2782564
2782565
2782566
2782718
2782719
2783517
2783539
2783540
2783541
2783542
2783543
2783544
2783545
2783546
2783547
2783548
2783549
2783550
2783551
2783552
2783559
2783560
2783562
2783563
2783565
2783667
2783668
2783669
2783673
2783674
2783683
2783800
2783801
2783802
2783803
2783804
2783805
2783833
2783836
2783859
2783867
2783998
2783999
2784187
2784448
2784735
2784736
2784737
2784739
2784741
2784742
2784743
2784744
2784745
2784746
2784747
2784748
2784751
2784752
2784753
2785027
2785079
2785213
2785247
2785360
2785366
2785367
2785368
2785371
2785385
2785439
2785444
2785452
2785525
2785744
2785801
2785982
2785983
2785985
2785988
2785989
2785990
2785991
2785992
2785993
2785994
2785995
2785996
2785997
2785998
2785999
2786000
2786001
2786002
2786003
2786004
2786005
2786006
2786007
2786008
2786009
2786010
2786378
2786379
2786380
2786381
2786382
2786383
2786384
2786385
2786386
2786387
2786388
2786389
2786390
2786391
2786392
2786393
2786394
2786395
2786396
2786397
2786398
2786399
2786400
2786401
2786402
2786403
2786404
2786405
2786406
2786407
2786408
2786409
2786410
2786411
2786412
2786413
2786414
2786415
2786416
2786417
2786418
2786419
2786420
2786421
2786422
2786423
2786424
2786425
2786426
2786427
2786428
2786429
2786430
2786431
2786432
2786433
2786434
2786435
2786436
2786437
2786438
2786439
2786440
2786441
2786442
2786443
2786444
2786445
2786446
2786447
2786448
2786449
2786450
2786451
2786452
2786453
2786454
2786455
2786456
2786457
2786458
2786459
2786460
2786461
2786462
2786463
2786464
2786465
2786466
2786467
2786468
2786469
2786470
2786471
2786472
2786473
2786474
2786475
2786476
2786477
2786478
2786479
2786480
2786481
2786482
2786483
2786484
2786485
2786486
2786487
2786488
2786489
2786490
2786491
2786492
2786493
2786494
2786495
2786496
2786497
2786498
2786499
2786500
2786501
2786502
2786503
2786504
2786505
2786506
2786507
2786508
2786509
2786510
2786511
2786512
2786513
2786514
2786515
2786516
2786517
2786518
2786519
2786520
2786521
2786522
2786523
2786524
2786525
2786526
2786527
2786528
2786529
2786530
2786531
2786532
2786533
2786534
2786535
2786536
2786537
2786538
2786539
2786540
2786541
2786542
2786543
2786544
2786545
2786546
2786547
2786548
2786549
2786550
2786551
2786552
2786553
2786554
2786555
2786556
2786557
2786558
2786559
2786560
2786561
2786562
2786563
2786564
2786565
2786566
2786567
2786568
2786569
2786570
2786571
2786572
2786573
2786574
2786575
2786576
2786577
2786578
2786579
2786580
2786581
2786582
2786583
2786584
2786585
2786586
2786587
2786588
2786589
2786590
2786591
2786592
2786593
2786594
2786595
2786596
2786597
2786598
2786599
2786600
2786601
2786602
2786603
2786604
2786605
2786606
2786607
2786608
2786609
2786610
2786611
2786612
2786613
2786614
2786615
2786616
2786617
2786618
2786619
2786620
2786621
2786622
2786623
2786624
2786625
2786626
2786627
2786628
2786629
2786630
2786631
2786632
2786633
2786634
2786635
2786636
2786637
2786638
2786639
2786640
2786641
2786642
2786643
2786644
2786645
2786646
2786647
2786648
2786649
2786650
2786651
2786652
2786653
2786654
2786655
2786656
2786657
2786658
2786659
2786660
2786661
2786662
2786663
2786664
2786665
2786666
2786667
2786668
2786669
2786670
2786671
2786672
2786673
2786674
2786675
2786676
2786677
2786678
2786679
2786680
2786681
2786682
2786683
2786684
2786685
2786686
2786687
2786688
2786689
2786690
2786691
2786692
2786693
2786694
2786695
2786696
2786697
2786698
2786699
2786700
2786701
2786702
2786703
2786704
2786705
2786706
2786707
2786708
2786709
2786710
2786711
2786712
2786713
2786714
2786715
2786716
2786717
2786718
2786719
2786720
2786721
2786722
2786723
2786724
2786725
2786726
2786727
2786728
2786729
2786730
2786731
2786732
2786733
2786734
2786735
2786736
2786738
2786739
2786740
2786741
2786742
2786743
2786744
2786745
2786746
2786747
2786748
2786749
2787003
2787014
2787015
2787044
2787045
2787046
2787157
2787825
2787847
2787849
2788000
2788001
2788002
2788005
2788016
2788019
2788020
2788025
2788027
2788028
2788029
2788030
2788034
2788035
2788039
2788040
2788042
2788046
2788049
2788055
2788057
2788061
2788064
2788065
2788066
2788068
2788071
2788072
2788073
2788076
2788081
2788083
2788084
2788090
2788091
2788092
2788094
2788095
2788102
2788112
2788117
2788118
2788123
2788125
2788133
2788135
2788139
2788140
2788141
2788144
2788145
2788150
2788152
2788159
2788161
2788162
2788165
2788174
2788176
2788179
2788182
2788205
2788206
2788210
2788214
2788216
2788222
2788235
2788238
2788240
2788244
2788246
2788249
2788251
2788252
2788254
2788257
2788259
2788262
2788265
2788266
2788272
2788273
2788294
2788297
2788298
2788300
2788301
2788302
2788304
2788309
2788311
2788315
2788322
2788325
2788330
2788333
2788336
2788342
2788347
2788351
2788360
2788361
2788366
2788367
2788368
2788374
2788377
2788380
2788381
2788383
2788388
2788390
2788392
2788396
2788398
2788402
2788403
2788407
2788409
2788416
2788418
2788419
2788421
2788423
2788425
2788431
2788434
2788436
2788437
2788453
2788454
2788456
2788461
2788464
2788466
2788471
2788472
2788475
2788481
2788489
2788491
2788499
2788506
2788514
2788515
2788517
2788522
2788529
2788531
2788532
2788539
2788544
2788547
2788549
2788550
2788558
2788561
2788573
2788578
2788583
2788586
2788588
2788592
2788597
2788606
2788614
2788615
2788617
2788624
2788625
2788631
2788638
2788641
2788643
2788644
2788646
2788647
2788649
2788655
2788656
2788657
2788659
2788660
2788661
2788662
2788664
2788671
2788672
2788673
2788674
2788679
2788682
2788683
2788685
2788687
2788689
2788709
2788712
2788713
2788720
2788722
2788723
2788725
2788734
2788735
2788738
2788739
2788740
2788745
2788748
2788750
2788755
2788756
2788759
2788760
2788761
2788762
2788764
2788768
2788769
2788772
2788773
2788777
2788778
2788782
2788786
2788787
2788788
2788790
2788791
2788792
2788794
2788795
2788799
2788800
2788806
2788807
2788808
2788810
2788811
2788812
2788818
2788823
2788833
2788835
2788836
2788840
2788841
2788842
2788845
2788848
2788858
2788860
2788861
2788862
2788863
2788864
2788865
2788867
2788868
2788869
2788870
2788872
2788873
2788874
2788875
2788876
2788877
2788878
2788881
2788883
2788884
2788885
2788886
2788887
2788888
2788890
2788891
2788892
2788926
2788946
2788947
2789014
2789016
2789206
2789207
2789373
2789378
2789380
2789381
2789382
2789383
2789409
2789410
2789411
2789412
2789418
2789419
2789420
2789421
2789422
2789423
2789431
2789442
2789443
2789444
2789447
2789450
2789453
2789504
2789505
2789506
2789507
2789509
2789512
2789604
2789605
2789607
2789608
2789610
2789611
2789612
2789613
2789614
2789615
2789616
2789617
2789618
2789619
2789620
2789621
2789622
2789623
2789628
2789658
2789809
2789810
2789811
2789812
2789855
2789881
2789882
2789883
2789884
2789885
2789886
2789888
2789941
2789944
2789945
2789946
2789947
2790011
2790304
2790305
2790306
2790307
2790336
2790345
2790346
2790347
2790659
2790660
2790983
2790984
2790985
2790986
2790987
2790988
2790989
2790990
2790991
2790992
2790993
2790994
2791000
2791003
2791008
2791164
2792036
2792258
2792284
2792285
2792547
2792549
2792550
2792551
2792555
2792557
2792558
2792559
2792560
2792563
2792565
2792567
2792569
2792582
2792583
2792585
2792587
2792588
2792591
2792592
2792594
2792596
2792598
2792599
2792600
2792879
2793229
2793345
2793346
2793639
2793677
2793694
2793695
2793698
2793699
2793700
2793701
2793702
2793704
2793705
2793706
2793707
2793708
2793710
2793711
2793718
2793719
2793721
2793722
2793723
2793725
2793726
2793728
2793730
2793731
2793732
2793733
2793735
2793737
2793739
2793740
2793741
2793742
2793743
2793794
2793799
2793953
2793982
2793983
2793985
2793986
2793987
2794216
2794225
2794233
2794234
2794235
2794236
2794237
2794239
2794357
2794360
2794361
2794362
2794364
2794365
2794369
2794375
2794376
2794400
2794401
2794402
2794403
2794404
2794405
2794406
2794408
2794409
2794410
2794411
2794413
2794414
2794415
2794416
2794417
2794418
2794419
2794420
2794421
2794422
2794423
2794425
2794426
2794427
2794428
2794429
2794430
2794431
2794432
2794433
2794434
2794435
2794437
2794439
2794440
2794441
2794442
2794443
2794444
2794445
2794446
2794447
2794448
2794449
2794450
2794451
2794452
2794453
2794454
2794455
2794456
2794457
2794458
2794459
2794460
2794461
2794462
2794463
2794464
2794469
2794470
2794471
2794472
2794473
2794474
2794476
2794477
2794478
2794479
2794480
2794481
2794482
2794483
2794484
2794485
2794486
2794487
2794488
2794489
2794490
2794491
2794492
2794493
2794494
2794495
2794496
2794497
2794499
2794500
2794502
2794503
2794504
2794507
2794508
2794509
2794510
2794511
2794512
2794513
2794515
2794516
2794517
2794518
2794519
2794520
2794522
2794523
2794524
2794525
2794527
2794528
2794530
2794531
2794532
2794533
2794534
2794536
2794537
2794538
2794539
2794540
2794543
2794546
2794547
2794548
2794550
2794554
2794556
2794559
2794560
2794561
2794562
2794564
2794565
2794566
2794567
2794568
2794569
2794570
2794572
2794618
2794827
2794847
2794848
2794891
2794928
2794941
2794944
2794946
2794947
2794948
2794949
2794950
2794951
2794955
2794958
2794959
2794960
2795007
2795008
2795009
2795010
2795014
2795181
2795221
2795229
2795238
2795294
2795382
2795397
2795451
2795452
2795454
2795667
2795668
2795669
2795670
2795745
2795746
2795755
2796354
2796355
2796356
2796360
2796362
2796496
2796498
2796499
2796500
2796502
2796512
2796513
2796514
2796515
2796516
2796517
2796518
2796519
2796520
2796521
2796522
2796523
2796524
2796532
2796538
2796539
2796542
2796543
2796544
2796545
2796546
2796547
2796548
2796550
2796551
2796552
2796554
2796555
2796556
2796557
2796558
2796559
2796560
2796561
2796562
2796563
2796564
2796565
2796566
2796567
2796568
2796569
2796570
2796571
2796572
2796573
2796574
2796575
2796577
2796578
2796581
2796589
2796591
2796592
2796597
2796600
2796602
2796604
2796606
2796610
2796611
2796616
2796629
2796631
2796637
2797114
2797298
2797299
2797303
2797305
2797306
2797307
2797309
2797312
2797313
2797314
2797318
2797319
2797320
2797321
2797323
2797324
2797326
2797327
2797407
2797408
2797416
2797417
2797420
2797423
2797424
2797425
2797426
2797871
2797872
2797873
2797874
2797875
2797876
2797877
2798043
2798045
2798286
2798287
2798289
2798291
2798292
2798293
2798294
2798571
2798595
2798596
2798597
2798598
2798600
2798601
2798605
2798606
2798608
2798609
2798612
2798614
2798619
2798625
2798632
2798636
2798639
2798640
2798647
2798656
2798667
2798670
2798672
2798675
2798682
2798683
2798685
2798692
2798699
2798705
2798714
2798719
2798805
2798806
2798807
2798882
2799338
2799672
2799684
2799685
2800199
2800209
2800469
2800706
2800822
2800823
2800824
2800825
2800826
2800827
2800828
2800852
2800856
2800857
2800858
2800859
2800860
2800861
2800862
2800863
2800865
2800866
2800867
2800868
2800869
2800870
2800873
2800874
2800875
2800876
2800877
2800879
2800880
2800881
2800882
2800883
2800884
2800892
2800894
2800895
2800896
2800897
2800898
2800899
2800900
2800901
2800905
2800906
2800907
2800908
2800909
2800910
2800913
2800914
2800916
2800917
2800918
2800919
2800921
2800922
2800923
2800924
2800925
2800926
2800927
2800928
2800930
2800931
2800932
2800933
2800934
2800935
2800936
2800937
2800938
2800939
2800940
2800941
2800942
2800943
2800944
2800945
2800946
2800947
2800948
2800949
2800950
2800951
2800952
2800953
2800955
2800989
2801003
2801004
2801005
2801006
2801008
2801009
2801011
2801035
2801037
2801038
2801039
2801043
2801044
2801045
2801047
2801048
2801049
2801051
2801053
2801054
2801155
2801156
2801159
2801160
2801161
2801162
2801163
2801164
2801326
2801343
2801346
2801353
2801354
2801356
2801366
2801381
2801382
2801383
2801384
2801385
2801386
2801387
2801388
2801401
2801402
2801403
2801406
2801461
2801476
2801477
2801478
2801479
2801480
2801482
2801497
2801505
2801510
2801511
2801512
2801514
2801521
2801522
2801523
2801524
2801526
2801527
2801528
2801529
2801530
2801531
2801532
2801533
2801534
2801535
2801536
2801537
2801538
2801541
2801546
2801548
2801550
2801552
2801553
2801563
2801564
2801567
2801568
2801569
2801570
2801571
2801574
2801814
2801815
2801817
2801830
2801831
2801832
2801833
2801834
2801835
2801836
2801837
2801839
2801851
2801852
2801853
2801854
2801855
2801884
2801885
2801886
2801887
2801888
2801889
2801890
2801891
2801892
2801893
2801894
2801895
2801896
2801897
2801898
2802002
2802223
2802224
2802225
2802226
2802227
2802228
2802229
2802230
2802231
2802232
2802235
2802236
2802443
2802525
2802527
2802528
2802529
2802530
2802531
2802532
2802537
2802539
2802540
2802541
2802549
2802550
2802551
2802552
2802553
2802554
2802943
2802944
2802945
2802947
2802948
2802949
2802950
2802953
2802954
2802955
2802956
2802957
2802958
2802959
2802960
2802961
2803036
2803037
2803186
2803189
2803369
2803381
2803559
2803560
2803562
2803563
2803565
2803580
2803736
2803737
2803888
2803966
2803967
2803968
2803971
2803988
2803989
2804202
2804237
2804238
2804316
2804526
2804527
2804712
2804853
2804854
2805088
2805380
2805428
2805442
2805486
2805487
2805488
2805492
2805738
2805746
2805747
2805748
2805749
2805750
2805751
2805753
2805754
2805755
2805756
2805757
2805760
2805761
2805762
2805763
2805764
2805765
2805766
2805767
2805768
2805769
2805770
2805771
2805772
2805773
2805774
2805775
2805776
2805777
2805778
2805779
2805780
2805781
2805782
2805783
2805784
2805785
2805786
2805802
2805803
2805804
2805831
2805834
2805835
2805836
2805837
2805838
2805839
2805842
2805843
2805844
2805859
2805863
2805917
2805938
2805939
2806022
2806026
2806027
2806428
2806429
2806430
2806431
2806514
2806547
2806548
2806549
2806550
2806603
2806604
2806605
2806696
2806893
2806895
2807198
2807649
2807728
2808931
2808969
2808988
2808990
2808997
2808998
2809000
2809006
2809007
2809008
2809011
2809056
2809057
2809069
2809074
2809110
2809123
2809129
2809133
2809135
2809137
2809141
2809142
2809145
2809147
2809149
2809150
2809151
2809153
2809160
2809168
2809172
2809175
2809180
2809181
2809186
2809187
2809188
2809189
2809192
2809199
2809204
2809206
2809208
2809210
2809225
2809229
2809233
2809243
2809244
2809245
2809246
2809262
2809263
2809264
2809265
2809266
2809267
2809268
2809269
2809289
2809290
2809295
2809300
2809302
2809304
2809310
2809316
2809327
2809354
2809355
2809357
2809379
2809380
2809381
2809389
2809399
2809408
2809412
2809415
2809417
2809420
2809422
2809423
2809428
2809429
2809432
2809433
2809434
2809444
2809445
2809447
2809448
2809456
2809457
2809458
2809460
2809473
2809476
2809479
2809480
2809481
2809487
2809506
2809508
2809509
2809510
2809516
2809518
2809526
2809529
2809541
2809544
2809551
2809552
2809560
2809562
2809566
2809571
2809572
2809574
2809575
2809581
2809585
2809595
2809602
2809606
2809609
2809611
2809627
2809629
2809631
2809633
2809636
2809637
2809654
2809655
2809668
2809669
2809670
2809674
2809676
2809695
2809697
2809748
2809752
2809782
2809794
2809795
2809802
2809803
2809805
2809832
2809835
2809836
2809839
2809846
2809851
2809854
2809855
2809865
2809868
2809869
2809871
2809873
2809877
2809879
2809883
2809912
2809914
2809915
2809923
2809947
2809953
2809959
2809961
2810133
2810134
2810136
2810367
2810369
2810370
2810457
2810460
2810480
2810526
2810527
2810528
2810550
2810704
2810711
2810799
2810800
2810801
2810802
2810803
2810810
2810811
2810812
2810813
2810814
2811091
2811215
2811222
2811223
2811249
2811341
2811342
2811386
2811507
2811508
2811509
2811510
2811531
2811963
2812031
2812440
2812441
2812442
2812443
2812444
2812446
2812447
2812448
2812449
2812450
2812451
2812452
2812453
2812454
2812730
2812802
2812849
2812854
2812861
2812862
2812882
2812888
2812899
2812900
2812901
2812902
2812903
2812932
2812933
2812934
2812935
2812936
2812937
2812938
2812939
2813163
2813164
2813165
2813166
2813167
2813168
2813169
2813171
2813173
2813174
2813188
2813195
2813209
2813211
2813214
2813216
2813217
2813218
2813221
2813222
2813225
2813226
2813227
2813229
2813231
2813232
2813235
2813236
2813237
2813239
2813240
2813242
2813243
2813248
2813254
2813260
2813261
2813263
2813264
2813266
2813267
2813268
2813270
2813273
2813287
2813288
2813289
2813338
2813339
2813341
2813343
2813345
2813346
2813486
2813545
2813546
2813547
2813751
2813952
2813966
2814032
2814033
2814034
2814035
2814058
2814059
2814060
2814061
2814076
2814077
2814078
2814079
2814080
2814230
2814301
2814302
2814303
2814304
2814305
2814307
2814309
2814311
2814313
2814314
2814315
2814316
2814317
2814318
2814319
2814320
2814321
2814322
2814323
2814324
2814325
2814327
2814328
2814330
2814331
2814333
2814334
2814341
2814342
2814343
2814345
2814346
2814347
2814348
2814349
2814350
2814351
2814352
2814353
2814354
2814355
2814358
2814359
2814361
2814362
2814363
2814364
2814373
2814374
2814375
2814376
2814377
2814378
2814379
2814380
2814381
2814382
2814383
2814384
2814385
2814386
2814388
2814389
2814390
2814391
2814392
2814395
2814396
2814398
2814400
2814402
2814403
2814404
2814405
2814407
2814408
2814414
2814453
2814699
2814700
2814701
2814702
2814703
2814704
2814705
2814814
2814903
2814912
2814913
2814914
2814919
2814937
2814938
2814939
2814940
2814941
2814942
2814943
2814944
2814945
2814946
2814947
2814948
2814949
2814950
2814951
2814952
2814955
2814956
2814957
2814958
2814959
2814960
2814961
2814962
2814963
2814964
2814965
2814966
2814967
2814968
2814970
2814971
2814972
2814973
2814974
2814976
2814985
2814986
2814987
2814988
2814989
2814990
2814991
2814992
2814993
2814994
2814995
2814996
2814997
2814998
2815000
2815001
2815002
2815003
2815004
2815005
2815018
2815020
2815021
2815022
2815023
2815024
2815025
2815026
2815027
2815029
2815030
2815031
2815032
2815033
2815034
2815035
2815037
2815039
2815040
2815041
2815042
2815043
2815044
2815045
2815046
2815047
2815048
2815049
2815050
2815051
2815052
2815053
2815054
2815055
2815056
2815057
2815058
2815059
2815060
2815061
2815062
2815063
2815203
2815257
2815258
2815473
2815578
2815747
2815750
2815753
2815754
2815755
2815768
2815770
2815771
2816118
2816144
2816154
2816155
2816163
2816167
2816188
2816459
2816460
2816462
2816463
2816464
2816465
2816466
2816467
2816468
2816469
2816470
2816471
2816472
2816839
2816840
2816841
2816842
2816843
2816844
2816845
2816846
2816848
2816849
2816850
2816871
2816879
2816940
2816941
2816942
2816943
2816944
2816945
2817032
2817034
2817035
2817036
2817037
2817570
2817571
2817738
2817739
2817778
2817779
2817780
2817834
2817835
2817836
2817955
2817956
2818053
2818054
2818055
2818056
2818057
2818058
2818215
2818228
2818406
2818408
2818409
2818410
2818411
2818415
2818416
2818417
2818418
2818427
2818428
2818450
2819081
2819082
2819083
2819084
2819086
2819088
2819105
2819851
2819936
2820393
2820394
2820395
2820396
2820397
2820398
2820437
2820456
2820829
2820912
2820917
2820918
2821255
2821277
2821410
2821411
2821412
2821413
2821414
2821746
2821747
2821777
2821801
2821802
2822448
2822449
2822469
2822470
2822551
2822553
2822554
2822555
2822557
2822558
2822560
2822563
2822564
2822566
2822568
2822569
2822570
2822571
2822574
2822575
2822578
2822580
2822585
2822590
2822680
2822848
2822864
2822865
2822866
2822867
2822868
2822869
2822870
2822871
2822872
2822873
2822878
2822879
2822882
2822885
2822886
2822887
2822888
2822889
2822890
2822891
2822892
2822893
2822894
2822895
2822896
2822897
2822898
2822899
2822900
2822901
2822902
2822903
2822904
2822905
2822906
2822907
2822909
2822924
2822925
2822926
2822927
2822931
2822932
2822933
2822934
2822935
2822937
2822938
2822939
2822941
2822942
2822943
2822944
2822945
2822959
2822960
2822962
2822963
2822964
2822965
2822966
2823154
2823279
2823523
2823533
2823534
2823535
2823536
2823537
2823538
2823539
2823540
2823541
2823542
2823543
2823544
2823545
2823546
2823547
2823548
2823549
2823550
2823551
2823552
2823553
2823554
2823555
2823556
2823557
2823558
2823559
2823560
2823561
2823562
2823563
2823564
2823565
2823566
2823567
2823568
2823569
2823570
2823571
2823572
2823573
2823574
2823575
2823576
2823577
2823578
2823579
2823580
2823581
2823582
2823583
2823584
2823585
2823586
2823587
2823588
2823589
2823590
2823591
2823592
2823593
2823594
2823595
2823596
2823597
2823598
2823599
2823600
2823601
2823602
2823603
2823604
2823605
2823606
2823607
2823608
2823609
2823610
2823611
2823612
2823613
2823614
2823615
2823616
2823619
2823683
2823852
2823854
2824131
2824173
2824178
2824179
2824188
2824189
2824191
2824194
2824200
2824203
2824204
2824209
2824210
2824211
2824212
2824213
2824214
2824215
2824216
2824219
2824223
2824224
2824228
2824234
2824235
2824241
2824244
2824247
2824248
2824257
2824258
2824259
2824262
2824265
2824266
2824267
2824268
2824272
2824273
2824281
2824282
2824283
2824284
2824285
2824288
2824289
2824290
2824291
2824295
2824296
2824299
2824302
2824303
2824304
2824305
2824306
2824310
2824312
2824313
2824314
2824316
2824317
2824318
2824319
2824320
2824321
2824322
2824324
2824326
2824332
2824333
2824334
2824337
2824338
2824339
2824341
2824342
2824343
2824344
2824345
2824346
2824347
2824349
2824350
2824352
2824354
2824357
2824358
2824360
2824361
2824362
2824363
2824364
2824365
2824366
2824370
2824371
2824372
2824373
2824374
2824375
2824376
2824377
2824378
2824379
2824380
2824381
2824382
2824383
2824384
2824385
2824386
2824387
2824388
2824389
2824390
2824391
2824392
2824393
2824395
2824396
2824397
2824398
2824399
2824400
2824401
2824402
2824403
2824404
2824405
2824406
2824407
2824408
2824409
2824410
2824411
2824412
2824413
2824414
2824415
2824416
2824417
2824418
2824419
2824420
2824421
2824422
2824423
2824425
2824426
2824427
2824428
2824430
2824433
2824434
2824435
2824436
2824437
2824438
2824439
2824440
2824441
2824442
2824443
2824447
2824448
2824449
2824451
2824453
2824454
2824455
2824458
2824460
2824461
2824462
2824464
2824465
2824466
2824471
2824472
2824474
2824475
2824480
2824483
2824484
2824485
2824486
2824487
2824490
2824491
2824492
2824493
2824494
2824495
2824496
2824497
2824498
2824499
2824500
2824501
2824504
2824505
2824506
2824507
2824508
2824512
2824514
2824515
2824516
2824517
2824519
2824520
2824521
2824525
2824526
2824527
2824528
2824529
2824530
2824533
2824534
2824536
2824537
2824538
2824541
2824542
2824543
2824544
2824545
2824547
2824548
2824550
2824566
2824567
2824568
2824570
2824573
2824574
2824576
2824577
2824579
2824580
2824583
2824587
2824589
2824592
2824595
2824596
2824597
2824598
2824599
2824600
2824601
2824602
2824603
2824604
2824605
2824606
2824608
2824609
2824610
2824615
2824618
2824619
2824620
2824621
2824622
2824624
2824628
2824629
2824630
2824631
2824632
2824633
2824634
2824635
2824637
2824638
2824639
2824640
2824641
2824642
2824643
2824644
2824645
2824646
2824649
2824650
2824651
2824652
2824654
2824656
2824657
2824658
2824786
2824806
2824807
2824808
2824809
2824867
2824965
2824966
2824967
2824968
2824969
2824970
2824971
2824972
2824973
2824974
2824975
2824976
2824977
2824978
2824979
2824982
2824983
2824984
2824985
2824986
2824987
2824988
2824989
2824990
2824991
2824992
2824993
2824994
2824995
2824996
2824997
2824998
2824999
2825000
2825001
2825002
2825003
2825004
2825005
2825006
2825007
2825008
2825009
2825010
2825013
2825014
2825015
2825016
2825017
2825018
2825019
2825020
2825021
2825022
2825023
2825024
2825025
2825026
2825027
2825028
2825031
2825032
2825033
2825034
2825036
2825037
2825038
2825039
2825040
2825041
2825042
2825043
2825044
2825045
2825046
2825047
2825048
2825049
2825050
2825051
2825052
2825053
2825054
2825055
2825056
2825057
2825058
2825059
2825060
2825061
2825062
2825063
2825067
2825068
2825069
2825070
2825071
2825074
2825075
2825076
2825077
2825078
2825079
2825080
2825081
2825082
2825084
2825085
2825086
2825087
2825088
2825089
2825090
2825091
2825092
2825093
2825094
2825095
2825096
2825097
2825098
2825099
2825100
2825101
2825102
2825103
2825104
2825105
2825106
2825107
2825108
2825109
2825110
2825111
2825112
2825113
2825114
2825116
2825117
2825118
2825119
2825120
2825121
2825122
2825123
2825124
2825125
2825126
2825127
2825128
2825129
2825130
2825131
2825132
2825133
2825134
2825135
2825136
2825137
2825138
2825139
2825140
2825143
2825144
2825145
2825146
2825147
2825148
2825149
2825150
2825151
2825152
2825153
2825154
2825155
2825156
2825157
2825158
2825159
2825160
2825161
2825162
2825164
2825165
2825166
2825167
2825168
2825169
2825170
2825171
2825172
2825173
2825174
2825175
2825176
2825177
2825178
2825179
2825180
2825181
2825182
2825187
2825188
2825189
2825190
2825191
2825192
2825193
2825194
2825195
2825196
2825197
2825198
2825199
2825200
2825201
2825202
2825203
2825204
2825205
2825206
2825207
2825208
2825209
2825210
2825211
2825212
2825213
2825214
2825215
2825216
2825218
2825219
2825220
2825221
2825222
2825223
2825224
2825225
2825226
2825227
2825228
2825230
2825231
2825232
2825233
2825234
2825236
2825237
2825238
2825239
2825240
2825241
2825242
2825243
2825244
2825245
2825246
2825247
2825248
2825249
2825251
2825252
2825253
2825254
2825255
2825256
2825257
2825258
2825259
2825260
2825261
2825262
2825263
2825265
2825266
2825267
2825268
2825269
2825270
2825271
2825272
2825273
2825274
2825275
2825276
2825277
2825278
2825279
2825280
2825282
2825283
2825284
2825285
2825286
2825287
2825288
2825289
2825290
2825291
2825292
2825293
2825294
2825295
2825296
2825297
2825298
2825299
2825302
2825303
2825304
2825305
2825307
2825308
2825309
2825314
2825315
2825316
2825317
2825318
2825319
2825320
2825321
2825322
2825323
2825324
2825325
2825326
2825327
2825328
2825329
2825330
2825331
2825332
2825333
2825334
2825335
2825336
2825337
2825338
2825339
2825340
2825341
2825342
2825343
2825344
2825345
2825346
2825347
2825349
2825350
2825351
2825352
2825353
2825355
2825356
2825357
2825358
2825359
2825360
2825362
2825363
2825364
2825365
2825366
2825367
2825368
2825369
2825371
2825372
2825373
2825374
2825375
2825376
2825377
2825378
2825379
2825380
2825381
2825382
2825383
2825384
2825385
2825386
2825387
2825388
2825389
2825390
2825391
2825392
2825393
2825394
2825395
2825396
2825397
2825398
2825399
2825400
2825401
2825402
2825403
2825404
2825405
2825406
2825408
2825409
2825410
2825411
2825412
2825413
2825415
2825416
2825417
2825418
2825419
2825421
2825422
2825423
2825425
2825426
2825427
2825428
2825430
2825431
2825432
2825435
2825436
2825437
2825439
2825440
2825441
2825442
2825443
2825446
2825447
2825449
2825451
2825452
2825453
2825454
2825455
2825456
2825458
2825459
2825460
2825461
2825462
2825464
2825465
2825466
2825467
2825468
2825469
2825471
2825472
2825473
2825474
2825475
2825476
2825477
2825480
2825481
2825483
2825485
2825487
2825488
2825490
2825491
2825492
2825494
2825495
2825496
2825497
2825498
2825499
2825501
2825502
2825503
2825504
2825505
2825506
2825507
2825508
2825509
2825510
2825512
2825513
2825514
2825515
2825516
2825517
2825519
2825520
2825521
2825522
2825523
2825524
2825525
2825527
2825528
2825529
2825530
2825531
2825532
2825534
2825535
2825536
2825537
2825538
2825539
2825540
2825541
2825542
2825543
2825544
2825545
2825546
2825547
2825548
2825549
2825550
2825551
2825553
2825554
2825555
2825556
2825557
2825559
2825560
2825561
2825563
2825564
2825565
2825567
2825568
2825569
2825570
2825571
2825572
2825573
2825574
2825575
2825576
2825577
2825578
2825580
2825581
2825582
2825583
2825584
2825585
2825586
2825587
2825588
2825590
2825591
2825592
2825593
2825595
2825596
2825597
2825599
2825600
2825601
2825602
2825603
2825604
2825605
2825606
2825608
2825609
2825610
2825611
2825612
2825613
2825614
2825615
2825616
2825617
2825618
2825619
2825620
2825621
2825622
2825623
2825624
2825625
2825627
2825628
2825629
2825630
2825631
2825632
2825633
2825634
2825635
2825636
2825637
2825638
2825639
2825640
2825641
2825642
2825643
2825644
2825645
2825646
2825647
2825648
2825649
2825650
2825651
2825652
2825653
2825654
2825655
2825656
2825657
2825658
2825659
2825660
2825661
2825662
2825664
2825665
2825666
2825667
2825668
2825669
2825670
2825671
2825673
2825674
2825675
2825676
2825677
2825678
2825679
2825680
2825681
2825682
2825683
2825684
2825685
2825686
2825687
2825688
2825689
2825690
2825691
2825693
2825695
2825696
2825697
2825698
2825699
2825700
2825701
2825702
2825703
2825704
2825705
2825706
2825707
2825708
2825709
2825710
2825712
2825713
2825714
2825715
2825716
2825717
2825718
2825719
2825720
2825721
2825722
2825723
2825724
2825725
2825726
2825727
2825728
2825729
2825732
2825733
2825734
2825735
2825736
2825737
2825738
2825740
2825741
2825742
2825743
2825744
2825745
2825746
2825747
2825748
2825750
2825751
2825752
2825753
2825754
2825755
2825756
2825757
2825758
2825759
2825760
2825761
2825762
2825764
2825766
2825768
2825769
2825770
2825771
2825772
2825773
2825774
2825775
2825776
2825777
2825778
2825779
2825780
2825781
2825782
2825784
2825785
2825786
2825787
2825789
2825790
2825791
2825792
2825794
2825795
2825796
2825797
2825798
2825799
2825801
2825802
2825803
2825804
2825805
2825806
2825807
2825809
2825810
2825811
2825812
2825813
2825814
2825815
2825816
2825817
2825818
2825819
2825820
2825821
2825822
2825823
2825824
2825825
2825826
2825827
2825828
2825829
2825830
2825831
2825832
2825833
2825834
2825835
2825836
2825837
2825838
2825839
2825840
2825847
2826083
2826084
2826085
2826166
2826167
2826169
2826170
2826171
2826172
2826173
2826175
2826176
2826178
2826179
2826180
2826181
2826182
2826183
2826185
2826186
2826187
2826188
2826189
2826190
2826191
2826192
2826194
2826195
2826196
2826197
2826198
2826199
2826200
2826201
2826202
2826203
2826204
2826206
2826207
2826208
2826209
2826210
2826211
2826213
2826214
2826215
2826217
2826218
2826219
2826220
2826221
2826222
2826223
2826224
2826225
2826226
2826229
2826230
2826231
2826233
2826234
2826235
2826236
2826237
2826238
2826239
2826240
2826241
2826242
2826243
2826244
2826246
2826247
2826248
2826249
2826250
2826251
2826252
2826253
2826254
2826255
2826256
2826257
2826258
2826259
2826260
2826261
2826262
2826263
2826264
2826265
2826267
2826268
2826269
2826270
2826271
2826272
2826273
2826274
2826275
2826276
2826277
2826278
2826279
2826280
2826281
2826282
2826283
2826284
2826285
2826286
2826287
2826288
2826289
2826290
2826291
2826293
2826294
2826295
2826296
2826298
2826299
2826300
2826301
2826302
2826303
2826305
2826306
2826307
2826308
2826309
2826310
2826311
2826312
2826313
2826314
2826315
2826316
2826317
2826318
2826319
2826320
2826321
2826322
2826323
2826325
2826326
2826328
2826329
2826330
2826331
2826332
2826333
2826334
2826335
2826336
2826337
2826338
2826339
2826340
2826341
2826342
2826343
2826344
2826345
2826346
2826349
2826351
2826352
2826353
2826354
2826355
2826356
2826358
2826359
2826360
2826361
2826362
2826363
2826364
2826365
2826366
2826367
2826368
2826370
2826371
2826372
2826373
2826374
2826375
2826376
2826377
2826378
2826379
2826380
2826381
2826382
2826384
2826385
2826386
2826387
2826388
2826389
2826390
2826391
2826392
2826394
2826395
2826397
2826398
2826399
2826401
2826402
2826403
2826404
2826405
2826406
2826407
2826408
2826409
2826411
2826412
2826413
2826414
2826415
2826416
2826417
2826418
2826419
2826420
2826421
2826422
2826423
2826424
2826425
2826426
2826427
2826428
2826429
2826430
2826431
2826432
2826434
2826435
2826436
2826437
2826438
2826440
2826443
2826445
2826446
2826448
2826449
2826450
2826451
2826452
2826453
2826454
2826455
2826456
2826457
2826458
2826459
2826460
2826461
2826462
2826463
2826464
2826465
2826466
2826467
2826468
2826469
2826470
2826471
2826472
2826473
2826474
2826475
2826476
2826477
2826478
2826479
2826480
2826481
2826484
2826485
2826486
2826487
2826489
2826490
2826491
2826492
2826493
2826494
2826495
2826496
2826497
2826498
2826499
2826500
2826502
2826503
2826505
2826506
2826507
2826508
2826509
2826510
2826511
2826512
2826513
2826514
2826515
2826516
2826517
2826518
2826519
2826520
2826521
2826522
2826523
2826524
2826525
2826526
2826527
2826528
2826529
2826530
2826531
2826532
2826533
2826534
2826535
2826536
2826537
2826538
2826539
2826540
2826541
2826542
2826543
2826544
2826545
2826546
2826547
2826548
2826549
2826550
2826551
2826552
2826553
2826554
2826555
2826556
2826557
2826558
2826559
2826560
2826561
2826562
2826563
2826564
2826565
2826566
2826567
2826568
2826570
2826571
2826572
2826573
2826574
2826575
2826577
2826578
2826579
2826580
2826581
2826582
2826583
2826584
2826585
2826586
2826587
2826588
2826589
2826590
2826591
2826592
2826593
2826594
2826595
2826596
2826597
2826598
2826600
2826601
2826602
2826603
2826604
2826606
2826607
2826608
2826609
2826610
2826611
2826612
2826613
2826614
2826615
2826616
2826617
2826618
2826619
2826620
2826621
2826622
2826623
2826624
2826625
2826626
2826627
2826628
2826629
2826630
2826631
2826632
2826633
2826634
2826635
2826636
2826637
2826638
2826639
2826641
2826642
2826643
2826644
2826645
2826646
2826647
2826648
2826649
2826650
2826651
2826652
2826654
2826655
2826656
2826657
2826658
2826660
2826661
2826662
2826663
2826664
2826666
2826667
2826668
2826669
2826670
2826671
2826672
2826673
2826674
2826675
2826676
2826678
2826679
2826680
2826681
2826682
2826683
2826684
2826685
2826686
2826687
2826688
2826689
2826690
2826691
2826692
2826693
2826694
2826695
2826696
2826698
2826699
2826700
2826701
2826702
2826703
2826704
2826705
2826706
2826707
2826708
2826709
2826710
2826711
2826712
2826713
2826714
2826715
2826716
2826718
2826719
2826721
2826722
2826723
2826724
2826725
2826726
2826727
2826728
2826729
2826730
2826731
2826732
2826733
2826734
2826735
2826736
2826737
2826738
2826739
2826740
2826741
2826742
2826743
2826744
2826745
2826746
2826747
2826748
2826749
2826750
2826751
2826752
2826753
2826754
2826755
2826756
2826758
2826759
2826760
2826761
2826764
2826765
2826766
2826767
2826768
2826769
2826770
2826771
2826772
2826773
2826774
2826775
2826776
2826777
2826778
2826779
2826780
2826781
2826782
2826783
2826785
2826786
2826787
2826788
2826789
2826790
2826791
2826792
2826793
2826794
2826795
2826796
2826797
2826798
2826799
2826800
2826801
2826802
2826803
2826804
2826805
2826806
2826807
2826808
2826809
2826811
2826813
2826814
2826815
2826816
2826818
2826819
2826820
2826821
2826822
2826823
2826824
2826825
2826826
2826827
2826828
2826945
2826956
2826957
2827271
2827272
2827273
2827274
2827275
2827276
2827277
2827278
2827279
2827280
2827281
2827282
2827283
2827284
2827285
2827286
2827287
2827288
2827289
2827290
2827291
2827292
2827293
2827294
2827295
2827296
2827297
2827298
2827299
2827300
2827437
2827438
2827439
2827441
2827443
2827444
2827445
2827557
2827558
2827559
2827560
2827561
2827562
2827563
2827564
2827565
2827566
2827567
2827568
2827569
2827570
2827571
2827572
2827573
2827574
2827575
2827576
2827577
2827578
2827579
2827580
2827581
2827582
2827583
2827584
2827585
2827586
2827587
2827588
2827589
2827590
2827591
2827592
2827593
2827594
2827595
2827596
2827597
2827598
2827599
2827600
2827601
2827602
2827603
2827604
2827605
2827606
2827607
2827608
2827609
2827610
2827611
2827612
2827613
2827614
2827615
2827616
2827617
2827618
2827619
2827620
2827621
2827622
2827623
2827624
2827625
2827626
2827627
2827628
2827629
2827630
2827631
2827632
2827633
2827634
2827635
2827636
2827637
2827638
2827639
2827640
2827641
2827642
2827643
2827644
2827645
2827646
2827647
2827648
2827649
2827650
2827651
2827652
2827653
2827654
2827655
2827656
2827657
2827658
2827659
2827660
2827661
2827662
2827664
2827665
2827666
2827667
2827668
2827669
2827671
2827672
2827673
2827674
2827675
2827676
2827677
2827678
2827679
2827680
2827681
2827682
2827683
2827684
2827685
2827686
2827687
2827688
2827689
2827690
2827691
2827692
2827693
2827694
2827695
2827696
2827697
2827698
2827699
2827700
2827701
2827702
2827703
2827704
2827705
2827706
2827707
2827708
2827709
2827710
2827711
2827712
2827713
2827714
2827715
2827716
2827717
2827718
2827719
2827720
2827721
2827722
2827723
2827724
2827725
2827726
2827727
2827728
2827729
2827730
2827731
2827732
2827733
2827735
2827736
2827737
2827738
2827739
2827740
2827741
2827742
2827743
2827744
2827745
2827746
2827747
2827748
2827749
2827750
2827751
2827752
2827753
2827754
2827755
2827756
2827757
2827758
2827759
2827760
2827761
2827762
2827763
2827764
2827765
2827766
2827767
2827768
2827769
2827770
2827771
2827772
2827773
2827774
2827775
2827776
2827777
2827778
2827779
2827780
2827781
2827782
2827783
2827784
2827785
2827786
2827787
2827788
2827789
2827790
2827791
2827792
2827793
2827794
2827795
2827796
2827797
2827798
2827799
2827800
2827801
2827802
2827803
2827804
2827805
2827806
2827807
2827808
2827810
2827811
2827812
2827813
2827814
2827815
2827816
2827817
2827818
2827819
2827820
2827821
2827822
2827823
2827824
2827825
2827826
2827827
2827828
2827829
2827830
2827831
2827832
2827833
2827834
2827835
2827836
2827837
2827838
2827839
2827840
2827841
2827842
2827843
2827844
2827845
2827846
2827847
2827848
2827849
2827850
2827851
2827852
2827853
2827854
2827855
2827856
2827857
2827858
2827859
2827861
2827862
2827863
2827864
2827865
2827866
2827867
2827868
2827869
2827870
2827871
2827872
2827873
2827874
2827875
2827876
2827877
2827878
2827879
2827880
2827881
2827882
2827883
2827884
2827885
2827886
2827887
2827888
2827889
2827890
2827891
2827892
2827893
2827894
2827895
2827896
2827897
2827898
2827899
2827900
2827901
2827902
2827903
2827904
2827905
2827906
2827907
2827908
2827909
2827910
2827911
2827912
2827913
2827914
2827915
2827916
2827917
2827918
2827919
2827920
2827921
2827922
2827923
2827924
2827925
2827926
2827927
2827928
2827929
2827930
2827931
2827932
2827933
2827934
2827935
2827936
2827937
2827938
2827939
2827940
2827941
2827942
2827943
2827944
2827945
2827946
2827947
2827948
2827949
2827950
2827951
2827952
2827953
2827954
2827955
2827956
2827957
2827958
2827959
2827960
2827961
2827962
2827963
2827964
2827965
2827966
2827967
2827968
2827969
2827970
2827971
2827972
2827973
2827974
2827975
2827976
2827977
2827978
2827979
2827980
2827981
2827982
2827983
2827984
2827985
2827986
2827987
2827988
2827989
2827990
2827991
2827992
2827993
2827994
2827995
2827996
2827997
2827998
2827999
2828001
2828002
2828003
2828004
2828005
2828006
2828007
2828008
2828009
2828010
2828011
2828012
2828013
2828014
2828015
2828016
2828017
2828018
2828019
2828020
2828021
2828022
2828023
2828072
2828073
2828074
2828075
2828076
2828077
2828078
2828079
2828081
2828082
2828083
2828084
2828085
2828086
2828087
2828088
2828089
2828090
2828091
2828092
2828093
2828094
2828095
2828096
2828097
2828098
2828099
2828100
2828101
2828102
2828103
2828104
2828105
2828106
2828107
2828108
2828109
2828110
2828111
2828112
2828113
2828114
2828115
2828116
2828117
2828118
2828119
2828120
2828121
2828122
2828124
2828125
2828126
2828127
2828128
2828129
2828130
2828131
2828132
2828133
2828134
2828135
2828136
2828137
2828138
2828139
2828140
2828141
2828142
2828143
2828144
2828145
2828146
2828147
2828148
2828149
2828150
2828151
2828152
2828153
2828154
2828155
2828156
2828157
2828158
2828159
2828160
2828161
2828162
2828163
2828164
2828165
2828166
2828167
2828168
2828169
2828170
2828171
2828172
2828173
2828174
2828176
2828177
2828178
2828179
2828180
2828181
2828182
2828183
2828184
2828185
2828186
2828187
2828188
2828189
2828190
2828191
2828192
2828193
2828194
2828195
2828196
2828197
2828198
2828199
2828200
2828201
2828202
2828203
2828204
2828205
2828206
2828207
2828208
2828209
2828210
2828211
2828212
2828213
2828214
2828215
2828216
2828217
2828218
2828219
2828220
2828221
2828222
2828223
2828224
2828225
2828226
2828227
2828228
2828229
2828230
2828231
2828232
2828233
2828234
2828235
2828236
2828237
2828238
2828239
2828240
2828241
2828242
2828243
2828244
2828246
2828248
2828249
2828250
2828251
2828252
2828253
2828254
2828255
2828343
2828344
2828521
2829081
2829087
2829089
2829090
2829091
2829092
2829093
2829094
2829095
2829100
2829101
2829102
2829137
2829140
2829141
2829142
2829145
2829146
2829171
2829172
2829174
2829175
2829223
2829280
2829281
2829282
2829283
2829284
2829285
2829286
2829366
2829367
2829386
2829387
2829389
2829390
2829391
2829392
2829393
2829395
2829397
2829398
2829408
2829560
2829800
2829845
2829846
2829847
2829853
2830216
2830220
2830222
2830470
2830620
2830621
2830702
2830709
2830715
2830719
2830720
2830723
2830724
2830862
2830863
2830907
2830920
2830922
2831042
2831043
2831169
2831170
2831171
2831174
2831176
2831177
2831178
2831179
2831181
2831182
2831243
2831433
2831434
2831441
2831606
2831612
2831613
2831614
2831640
2831644
2831671
2831678
2831679
2831680
2831681
2832073
2832074
2832075
2832076
2832077
2832078
2832079
2832080
2832081
2832082
2832083
2832084
2832086
2832087
2832088
2832089
2832090
2832091
2832092
2832093
2832143
2832144
2832148
2832149
2832151
2832152
2832153
2832154
2832155
2832156
2832157
2832158
2832159
2832160
2832161
2832162
2832163
2832164
2832165
2832166
2832167
2832168
2832169
2832170
2832172
2832173
2832174
2832176
2832177
2832178
2832179
2832180
2832181
2832182
2832183
2832184
2832185
2832186
2832187
2832188
2832189
2832190
2832191
2832192
2832193
2832194
2832195
2832196
2832197
2832198
2832199
2832200
2832201
2832202
2832203
2832204
2832205
2832206
2832207
2832208
2832209
2832210
2832211
2832212
2832214
2832215
2832216
2832217
2832218
2832219
2832220
2832221
2832224
2832225
2832226
2832227
2832228
2832229
2832230
2832232
2832233
2832234
2832235
2832236
2832237
2832238
2832239
2832240
2832241
2832242
2832243
2832244
2832245
2832246
2832247
2832251
2832252
2832253
2832254
2832255
2832256
2832257
2832259
2832260
2832261
2832262
2832263
2832264
2832265
2832266
2832267
2832268
2832269
2832270
2832271
2832272
2832273
2832274
2832275
2832315
2832316
2832317
2832318
2832319
2832320
2832321
2832322
2832323
2832339
2832341
2832474
2832510
2832556
2832567
2832643
2832664
2832675
2832696
2832697
2832712
2832729
2832923
2832944
2832974
2832985
2833002
2833053
2833066
2833078
2833151
2833184
2833306
2833309
2833427
2833429
2833430
2833431
2833432
2833438
2833439
2833440
2833441
2833444
2833876
2834153
2834154
2834246
2834247
2834248
2834249
2834250
2834252
2834253
2834254
2834256
2834259
2834265
2834266
2834267
2834268
2834269
2834275
2834287
2834422
2834876
2834877
2834970
2834971
2834980
2835265
2835276
2835278
2835563
2835564
2835638
2835654
2835730
2835890
2835891
2835892
2835893
2835894
2835896
2835897
2835926
2835927
2835934
2835935
2835936
2835939
2835940
2835941
2835942
2835943
2835944
2835951
2835952
2835953
2835954
2835956
2835957
2835959
2835960
2835961
2835962
2835965
2835966
2835967
2835968
2835969
2835970
2835971
2835972
2835973
2835974
2835975
2835976
2835977
2835978
2835979
2835980
2835981
2835982
2835983
2835984
2835985
2835986
2835991
2835995
2835998
2836002
2836003
2836004
2836005
2836006
2836007
2836008
2836010
2836011
2836012
2836013
2836014
2836015
2836016
2836018
2836019
2836020
2836022
2836023
2836024
2836025
2836026
2836041
2836042
2836043
2836044
2836045
2836046
2836047
2836048
2836049
2836050
2836051
2836052
2836053
2836074
2836075
2836076
2836077
2836078
2836079
2836080
2836081
2836082
2836083
2836084
2836085
2836086
2836087
2836088
2836090
2836091
2836092
2836093
2836094
2836095
2836096
2836097
2836098
2836099
2836100
2836104
2836105
2836106
2836107
2836108
2836109
2836110
2836111
2836112
2836113
2836115
2836116
2836117
2836118
2836121
2836122
2836123
2836124
2836126
2836127
2836128
2836130
2836132
2836134
2836135
2836136
2836137
2836139
2836140
2836141
2836142
2836143
2836148
2836149
2836254
2836296
2836297
2836298
2836336
2836379
2836440
2836441
2836442
2836783
2836817
2836846
2836890
2838076
2838077
2838078
2838079
2838133
2838134
2838135
2838136
2838150
2838151
2838153
2838154
2838264
2838316
2838317
2838328
2838329
2838330
2838363
2838368
2838373
2838374
2838375
2838376
2838378
2838379
2838380
2838381
2838382
2838383
2838384
2838385
2838386
2838389
2838390
2838393
2838395
2838912
2839003
2839026
2839027
2839028
2839030
2839036
2839037
2839038
2839046
2839047
2839052
2839083
2839849
2839893
2839956
2840000
2840001
2840002
2840003
2840004
2840005
2840006
2840008
2840009
2840010
2840011
2840012
2840013
2840014
2840015
2840016
2840017
2840018
2840019
2840020
2840021
2840022
2840023
2840024
2840056
2840070
2840071
2840072
2840073
2840074
2840075
2840076
2840077
2840078
2840184
2841024
2841276
2841277
2841278
2841279
2841280
2841281
2841282
2841283
2841299
2841300
2841302
2841303
2841637
2841641
2841740
2841874
2842055
2842056
2842057
2842199
2842242
2842243
2842244
2842247
2842248
2842249
2842313
2842314
2842315
2842317
2842318
2842319
2842320
2842321
2842322
2842324
2842325
2842326
2842327
2842328
2842329
2842330
2842331
2842332
2842333
2842358
2842360
2842361
2842362
2842363
2842364
2842365
2842366
2842367
2842368
2842369
2842370
2842371
2842373
2842374
2842377
2842379
2842381
2842384
2842386
2842388
2842389
2842390
2842391
2842392
2842393
2842395
2842397
2842398
2842399
2842400
2842401
2842402
2842403
2842405
2842406
2842407
2842408
2842409
2842410
2842411
2842412
2842413
2842414
2842415
2842416
2842417
2842418
2842419
2842420
2842421
2842422
2842423
2842424
2842425
2842517
2842518
2842519
2842520
2842521
2842522
2842523
2842524
2842525
2842526
2842527
2842528
2842529
2842530
2842539
2842540
2842541
2842542
2842543
2842544
2842545
2842546
2842547
2842548
2842549
2842550
2842551
2842552
2842553
2842554
2842555
2842556
2842557
2842558
2842559
2842560
2842561
2842562
2842563
2842564
2842565
2842566
2842567
2842568
2842570
2842571
2842572
2842573
2842574
2842577
2842578
2842582
2842583
2842585
2842586
2842587
2842588
2842589
2842591
2842592
2842593
2842594
2842595
2842596
2842597
2842598
2842600
2842601
2842602
2842604
2842605
2842606
2842607
2842608
2842609
2842615
2842616
2842618
2842619
2842620
2842621
2842622
2842623
2842625
2842631
2842632
2842633
2842635
2842636
2842637
2842638
2842639
2842640
2842641
2842642
2842644
2842645
2842647
2842648
2842649
2842650
2842651
2842652
2842653
2842654
2842656
2842657
2842658
2842660
2842661
2842662
2842663
2842664
2842665
2842667
2842668
2842669
2842670
2842674
2842675
2842676
2842677
2842678
2842679
2842680
2842682
2842683
2842684
2842685
2842686
2842687
2842688
2842689
2842690
2842691
2842692
2842693
2842694
2842695
2842696
2842697
2842698
2842699
2842701
2842702
2842704
2842706
2842707
2842708
2842710
2842711
2842712
2842713
2842714
2842715
2842716
2842717
2842718
2842719
2842721
2842722
2842724
2842725
2842726
2842727
2842728
2842729
2842730
2842731
2842732
2842733
2842736
2842737
2842738
2842739
2842741
2842742
2842743
2842746
2842749
2842751
2842752
2842753
2842754
2842755
2842756
2842757
2842758
2842759
2842760
2842761
2842762
2842763
2842764
2842765
2842766
2842767
2842769
2842770
2842771
2842772
2842773
2842774
2842775
2842776
2842777
2842778
2842779
2842780
2842781
2842782
2842783
2842784
2842785
2842786
2842787
2842788
2842789
2842790
2842792
2842793
2842794
2842795
2842796
2842797
