10239
10240
10241
10242
10243
10244
10245
10249
10252
10253
10254
10255
10256
10257
10258
10259
10260
10261
10263
10264
10265
10266
10269
10270
10271
10273
10275
10276
10278
10279
10280
10281
10282
10284
10286
10288
10290
10291
10292
10293
10294
10295
10298
10299
10304
10310
10314
10317
10319
10320
10325
10326
10331
10334
10335
10345
10353
10357
10358
10359
10363
10364
10365
10366
10368
10371
10372
10373
10374
10375
10376
10379
10380
10381
10383
10385
10386
10388
10390
10395
10397
10398
10401
10404
10405
10406
10407
10418
10437
10442
10449
10450
10453
10454
10455
10456
10462
10463
10464
10465
10468
10469
10471
10472
10473
10474
10475
10477
10479
10484
10486
10487
10489
10490
10491
10492
10493
10494
10497
10501
10506
10507
10508
10509
10510
10511
10512
10514
10515
10519
10521
10522
10524
10527
10528
10529
10530
10532
10533
10534
10535
10537
10541
10547
10548
10552
10553
10561
10562
10563
10564
10565
10566
10567
10568
10569
10570
10571
10573
10574
10576
10579
10580
10583
10584
10585
10586
10587
10588
10589
10590
10591
10592
10593
10594
10595
10596
10598
10599
10600
10604
10605
10606
10607
10608
10609
10611
10614
10615
10616
10617
10618
10620
10621
10623
10630
10632
10636
10637
10639
10640
10641
10649
10651
10652
10653
10654
10656
10658
10659
10660
10661
10663
10664
10665
10666
10674
10676
10677
10678
10679
10680
10682
10683
10685
10686
10687
10689
10690
10691
10692
10693
10696
10701
10702
10703
10704
10705
10707
10708
10710
10712
10713
10715
10717
10719
10723
10724
10725
10726
10728
10730
10732
10733
10735
10736
10738
10742
10746
10747
10748
10749
10750
10752
10753
10754
10755
10756
10757
10759
10760
10761
10773
10778
10779
10780
10784
10785
10786
10788
10792
10794
10796
10798
10799
10802
10803
10804
10806
10809
10811
10812
10813
10814
10815
10817
10820
10821
10825
10826
10827
10829
10830
10831
10832
10834
10835
10836
10837
10838
10839
10840
10841
10842
10843
10844
10845
10847
10848
10849
10850
10851
10852
10854
10855
10856
10860
10861
10862
10863
10864
10867
10868
10869
10872
10874
10875
10877
10878
10879
10882
10884
10885
10886
10891
10892
10893
10894
10895
10897
10903
10906
10910
10911
10912
10913
10917
10921
10922
10923
10927
10928
10937
10941
10942
10943
10946
10953
10954
10961
10963
10967
10968
10970
10971
10978
10979
10981
10985
10986
10987
10988
10989
10990
10991
10992
10993
10995
11002
11005
11006
11007
11008
11009
11010
11011
11012
11014
11018
11019
11020
11021
11023
11024
11029
11033
11034
11036
11039
11040
11041
11047
11048
11049
11050
11051
11052
11053
11060
11069
11070
11071
11072
11076
11077
11079
11080
11082
11083
11084
11085
11086
11089
11090
11093
11094
11095
11096
11098
11099
11100
11101
11102
11118
11120
11128
11135
11137
11138
11142
11144
11146
11149
11151
11152
11153
11155
11156
11157
11158
11159
11168
11216
11224
11226
11229
11233
11234
11235
11240
11241
11242
11244
11245
11246
11247
11250
11251
11263
11264
11266
11270
11271
11272
11274
11276
11277
11280
11286
11287
11288
11290
11292
11303
11306
11307
11308
11309
11318
11320
11375
11384
11397
11414
11433
11448
11520
11521
11550
11552
11553
11554
11556
11557
11560
11567
11568
11569
11572
11574
11575
11577
11580
11582
11583
11584
11587
11588
11590
11591
11596
11601
11607
11612
11615
11617
11618
11624
11627
11632
11636
11641
11642
11646
11652
11653
11654
11655
11656
11657
11660
11663
11665
11673
11676
11709
11711
11712
11723
11725
11726
11745
11746
11749
11752
11757
11764
11768
11772
11777
11780
11783
11785
11786
11788
11791
11792
11793
11795
11796
11799
11801
11807
11808
11809
11813
11819
11820
11821
11823
11824
11827
11829
11830
11833
11834
11836
11837
11840
11841
11845
11848
11849
11850
11854
11855
11856
11857
11861
11864
11866
11867
11870
11873
11874
11876
11878
11879
11884
11885
11886
11889
11901
11908
11909
11938
11942
11945
11946
11948
11949
11950
11955
11957
11958
11960
11961
11963
11965
11966
11968
11970
11971
11973
11974
11976
11977
11978
11982
11983
11984
11985
11986
11987
11988
12014
12017
12018
12019
12020
12021
12022
12023
12024
12027
12029
12030
12031
12032
12036
12037
12041
12042
12045
12049
12050
12051
12054
12055
12056
12057
12058
12059
12060
12062
12063
12064
12066
12067
12069
12070
12071
12072
12073
12074
12075
12076
12078
12080
12081
12082
12083
12086
12089
12090
12091
12092
12101
12103
12104
12107
12109
12110
12111
12114
12116
12118
12121
12122
12123
12124
12130
12131
12132
12134
12135
12136
12137
12138
12139
12141
12142
12143
12144
12145
12148
12149
12150
12151
12152
12153
12154
12157
12158
12160
12161
12162
12163
12164
12165
12166
12167
12169
12171
12172
12173
12174
12175
12176
12177
12178
12179
12180
12181
12182
12183
12187
12188
12194
12195
12196
12197
12198
12199
12200
12201
12202
12203
12204
12205
12206
12207
12208
12209
12210
12211
12212
12215
12216
12217
12219
12220
12222
12223
12224
12226
12227
12228
12229
12230
12232
12233
12234
12235
12238
12239
12240
12241
12242
12253
12258
12259
12260
12261
12262
12263
12264
12266
12267
12268
12269
12270
12271
12273
12274
12275
12280
12282
12283
12285
12286
12287
12288
12289
12291
12293
12294
12295
12298
12300
12301
12302
12303
12304
12305
12313
12315
12316
12317
12319
12320
12321
12326
12327
12328
12329
12333
12336
12344
12345
12347
12348
12353
12356
12357
12360
12366
12375
12387
12390
12392
12397
12402
12407
12412
12413
12417
12425
12426
12427
12429
12430
12431
12432
12433
12435
12436
12438
12440
12441
12444
12450
12451
12455
12456
12458
12465
12466
12470
12471
12472
12473
12475
12477
12480
12509
12519
12521
12524
12530
12538
12541
12542
12558
12578
12584
12585
12615
12618
12627
12637
12639
12643
12645
12647
12657
12663
12672
12675
12701
12705
12721
12730
12742
12750
12777
12783
12804
12809
12814
12830
12844
12851
12870
12877
12881
12885
12887
12888
12890
12892
12893
12894
12895
12896
12897
12898
12901
12903
12904
12905
12906
12907
28265
28274
28275
28276
28278
28280
28282
28284
28285
28288
28289
28292
28295
28300
28304
28311
28312
28314
28321
28322
28326
28327
28329
28332
28344
28347
28348
28350
28351
28353
28354
28355
28358
28360
28365
28369
28373
28375
28869
28871
28873
28874
28875
28876
28877
28882
29250
29252
29255
29256
29257
29261
29262
29263
29264
29271
29272
29276
29342
31503
31504
31507
31519
31532
31533
31535
31537
31544
31545
31546
31547
31548
31552
31555
31559
31563
31564
31567
31570
31574
31588
31590
31591
31592
31598
31600
31602
31612
31618
31621
31631
31632
31647
31648
31649
31650
31651
31653
31654
31655
31656
31657
31658
31663
31668
31669
31694
31695
31696
31699
31704
31708
31709
31711
31713
31721
31722
31724
31732
31738
31741
31742
31743
31744
31749
31750
31754
31757
31759
31761
31770
31771
31931
32603
32604
32605
32606
32608
32610
32611
32612
32613
32614
32615
32616
32618
32619
32620
32621
32622
32623
32624
32625
32629
33706
33708
33709
33710
33711
33714
33720
33721
33724
33726
33727
33737
33743
33745
33746
33747
33748
33750
33751
33753
33755
33756
33757
33758
33759
33760
33761
33763
33764
33765
33768
33769
33771
33773
35238
35239
35241
35243
35244
35246
35247
35248
35249
35250
35252
35254
35255
35258
35263
35265
35266
35267
35269
35270
35276
35277
35278
35279
35280
35281
35284
35285
35286
35287
35288
35289
35290
35291
35292
35293
35294
35295
35296
35297
35300
35303
35304
35305
35307
35308
35309
35312
35313
35314
35315
35316
35318
35320
35323
35324
35325
35327
35328
35329
35330
35331
35332
35333
35334
35336
35337
35338
35339
35340
35341
35342
35343
35344
35345
35350
35511
35513
35514
35515
35516
35593
35612
35740
35741
36338
36340
36341
36342
36343
36344
36345
36352
36353
36355
36357
36362
36363
36368
36369
36370
36381
36390
36395
36403
36408
36418
36421
36423
36427
36432
36433
36442
36443
36452
36453
36771
36772
37105
37108
37111
37112
37114
37115
37116
37118
37119
37120
37121
37122
37124
37125
37126
37127
37128
37130
37131
37132
37138
37141
37206
37207
37296
37297
37299
37300
37323
37324
37325
37363
37368
37477
37478
37554
37665
37668
37733
37741
37754
37755
37756
37757
37758
37759
37779
37780
37814
37954
37955
37956
37957
37958
37959
37960
37961
38012
38016
38018
38036
38062
38143
38144
38170
38172
38251
38404
38416
38418
38420
38426
38428
38430
38432
38525
38765
38766
38767
38768
38804
38827
38837
38950
38973
38983
39013
39046
39054
39058
39068
39085
39101
39103
39104
39114
39116
39420
39443
39444
39445
39457
39566
39637
39640
39641
39681
39718
39720
39721
39724
39725
39729
39730
39731
39733
39734
39738
39739
39740
39741
39742
39743
39744
39746
39747
39748
39749
39750
39751
39752
39755
39756
39759
39760
39767
39780
39781
39788
39803
39804
39838
39943
39944
40004
40005
40012
40050
40051
40052
40053
40054
40056
40057
40058
40059
40060
40061
40062
40064
40065
40067
40068
40069
40070
40119
40120
40121
40122
40242
40268
40270
40271
40272
40274
40276
40279
40280
40281
40282
40360
40521
40522
40523
40537
40538
40539
40540
40631
40640
40666
40687
40979
41118
41406
41408
41459
41460
41678
41763
41764
41846
41856
41857
41858
41952
41995
42004
42005
42097
42159
42171
42174
42178
42182
42357
42475
42478
42567
42631
42680
42683
42769
42770
42771
42772
42773
42774
42775
42776
42778
42779
42781
42782
42783
42784
42785
42786
42787
42788
42789
42791
42792
42841
42842
42843
42882
43130
43240
43241
43242
43244
43266
43358
43680
43681
43682
43685
43761
43762
43763
43764
44017
44019
44020
44021
44022
44023
44024
44025
44026
44027
44028
44088
44128
44129
44130
44131
44132
44133
44134
44135
44136
44137
44158
44269
44419
44421
44560
44561
44562
44564
44572
44755
45029
45030
45031
45032
45101
45103
45224
45237
45240
45269
45270
45332
45333
45335
45336
45368
45370
45406
45408
45411
45417
45441
45454
45455
45475
45617
45659
45661
45764
45767
45768
45769
45999
46014
46015
46017
46018
46019
46020
46021
46024
46075
46076
46221
46241
46242
46253
46289
46290
46291
46292
46339
46342
46350
46436
46448
46473
46608
46618
46619
46633
46654
46771
46839
46916
46917
46920
46921
46922
46923
46924
46925
46926
46927
46928
46929
46930
46931
46932
46933
46934
46935
46936
46937
46938
46939
46940
46941
46942
46943
47000
47001
47047
47049
47223
47298
47300
47301
47416
47418
47419
47465
47488
47501
47502
47503
47504
47505
47506
47507
47508
47509
47510
47511
47512
47513
47514
47515
47516
47517
47669
47680
47681
47688
47736
47740
47838
47898
47899
47900
47901
47903
47929
47930
47931
47985
48200
48201
48295
48410
48460
48539
48540
48541
48543
48544
48726
48876
48981
49081
49267
49268
49892
49964
50290
50292
50293
50294
50359
50713
50817
50892
50947
50948
51033
51034
51313
51317
51330
51336
51354
51368
51369
51374
51617
51673
51676
51677
51680
52135
52274
52275
52276
52280
52412
52438
52610
52971
52979
52996
53000
53010
53017
53181
53182
53190
53192
53193
53258
53260
53369
53454
53480
53481
53954
53963
53965
53976
53980
53981
53988
53991
54289
54290
54315
54392
55074
55075
55216
55510
55511
55517
55530
55531
55532
55744
55884
55951
55987
56052
56094
56095
56144
56145
56486
56637
56820
56865
56879
56947
56948
56949
57119
57282
57325
57476
57477
57478
57482
57483
57579
57581
57667
57745
57747
57748
57875
58094
58103
58166
58177
58535
58620
59240
59241
59300
59301
59302
59303
59304
59305
59306
59375
59376
59380
59500
59504
59506
59509
59562
59563
59565
59730
59749
59771
59816
59817
59831
59835
60025
60027
60031
60456
60457
60613
60629
60714
60869
60875
60876
60877
60879
60991
60993
61000
61003
61010
61673
61856
62059
62060
62078
62079
62098
62099
62352
62360
62365
62392
62405
62408
62411
62415
62420
62424
62432
62433
62441
62454
62458
62476
62484
62485
62496
62497
62504
62509
62517
62518
62524
62534
62541
62542
62551
62553
62564
62570
62573
62575
62577
62579
62584
62586
62587
62592
62593
62594
62601
62805
63106
63107
63108
63118
63125
63126
63421
63426
63443
63723
63746
64003
64006
64021
64141
64186
64279
64280
64281
64282
64283
64284
64285
64286
64287
64288
64289
64290
64291
64292
64293
64294
64295
64296
64297
64298
64299
64300
64301
64302
64303
64305
64306
64307
64308
64309
64310
64311
64312
64313
64314
64315
64317
64318
64319
64320
64375
64376
64377
64378
64379
64380
64381
64382
64461
64462
64698
64894
64948
64949
64950
64951
64952
64958
65016
65068
65124
65388
65405
65424
65467
65573
65690
65743
65801
66200
66261
66264
66284
66295
66366
66702
66711
66797
66834
67082
67571
67585
67603
67604
67605
67753
67754
67761
67762
67962
68033
68347
68348
68402
68416
68558
68632
68636
68742
68876
68887
68893
68912
69156
69243
69244
69245
69246
69247
69248
69256
69263
69294
69576
69577
69598
69608
69609
69612
69613
69831
69932
69955
69973
69984
69985
69986
69987
70064
70134
70149
70170
70177
70203
70297
70333
70564
70566
70600
70692
70734
70735
70793
70796
70821
70822
70823
70824
70865
71030
71031
71032
71186
71366
71440
71548
71569
71570
71572
71574
71575
71576
71577
71776
71778
71972
72003
72012
72132
72133
72134
72135
72136
72137
72138
72139
72140
72149
72197
72200
72201
72202
72203
72475
72476
72477
72478
72479
72480
72481
72482
72483
72484
72485
72486
72497
72498
72499
72501
72504
72505
72506
72507
72508
72510
72511
72512
72513
72514
72539
72638
72683
72684
72705
72709
72711
72750
73011
73034
73036
73147
73149
73422
73423
73482
73491
73494
73497
73498
73561
73819
73840
74320
74336
74382
74492
74501
74561
74581
74660
74941
75186
75320
75325
75387
75448
75574
75590
75725
75746
75747
75888
75890
75909
75910
75911
75914
75918
75986
76041
76052
76146
76262
76343
76344
76490
76583
76590
76592
76803
76804
76875
76911
76933
77028
77041
77042
77048
77153
77204
77344
77581
77582
77647
77698
77763
77764
77766
77775
77811
77813
77856
77920
78218
78219
78220
78276
78395
78522
78540
78541
79064
79065
79205
79219
79236
79256
79450
79691
79700
79889
79890
79891
79892
79899
79917
79918
79952
79953
79954
80267
80271
80341
80366
80935
80937
80938
80939
80940
80941
80942
81583
81832
81877
81931
82300
82372
82470
82639
82658
82659
82664
82676
82692
82791
82847
83126
83127
83129
83132
83190
83191
83192
83201
83206
83207
83208
83397
83440
83442
83534
83544
83650
83810
83839
83871
83872
83925
83927
83928
84272
84412
84589
84739
84740
85106
85154
85454
85506
85516
85543
85618
85650
85651
85652
85655
85708
85709
85752
85753
85755
86059
86060
86061
86062
86107
86385
86386
86502
86782
87097
87496
87497
87498
87505
87506
87508
87512
87513
87514
87786
88059
88097
88103
88104
88129
88299
88387
88388
88389
88776
88870
89157
89162
89165
89167
89169
89170
89171
89172
89173
89213
89216
89218
89219
89220
89223
89224
89382
89463
89464
89471
89551
89592
89603
89623
90010
90011
90410
90887
90888
90889
90960
90961
90963
91019
91179
91234
91613
91740
91741
91753
91913
92129
92395
92444
92521
92652
92693
92834
92931
92963
93224
93386
93387
93465
93678
93830
93838
93923
93986
94290
94432
94433
94651
94653
94700
94966
94967
95234
95237
95238
95239
95240
95337
95339
95340
95341
95342
95525
95622
95888
96029
96046
96054
96491
96509
96510
96779
96892
97081
97195
97344
97348
97349
97350
97352
97353
97356
97358
97389
97390
97395
97396
97469
98383
98827
98833
98834
98840
98843
99000
99179
99182
99183
99184
99185
99186
99187
99188
99189
99190
99261
99262
99263
99264
99265
99266
99267
99268
99269
99270
99271
99272
99273
99274
99275
99352
99467
99468
99469
99471
99472
99474
99475
99476
99477
99478
99486
99541
99542
99543
99565
99581
99584
99585
99930
100217
100220
100636
100638
100639
100640
100673
100755
100785
100834
100835
100836
100837
100840
100841
100850
100851
100852
100853
100855
100887
100990
101029
101281
101350
101351
101352
101353
101355
101357
101358
101359
101360
101361
101362
101570
101688
101751
101752
101753
101764
101850
101947
102144
102146
102793
102796
102797
102800
102801
103216
103370
103371
103442
103603
103722
103723
103782
103807
103821
103881
103908
103914
103915
103926
104223
104240
104263
104346
104388
104389
104391
104392
104393
104395
104575
104580
104581
104624
104625
104626
104637
104661
104664
104766
105154
105502
105503
105505
105506
105686
106118
106284
106330
106331
106332
106333
106423
106491
106493
106515
106517
106518
106586
106607
106608
106820
106821
106962
106965
106966
107020
107236
107263
107323
107324
107403
107404
107405
107406
107407
107410
107411
107414
107415
107416
107417
107423
107430
107432
107462
107470
107485
107494
107496
107503
107522
107532
107534
107544
107550
107563
107677
107678
107679
107681
107804
108087
108090
108091
108098
108918
109047
109241
109242
109243
109270
109346
109347
109348
109981
109990
109991
110195
110456
110457
110679
110829
110944
111166
111167
111168
111418
111427
111468
111469
111470
111609
111874
111970
112023
112227
112228
112229
112231
112436
112437
112596
113194
113366
113368
113370
113371
113376
113553
114102
114183
114258
114326
114408
114416
114417
114424
114425
114426
114427
114428
114429
114430
114654
114716
114722
114723
114725
114726
114727
114728
114729
114730
114731
114732
114733
114769
114777
114871
114891
114921
114922
114923
114976
115232
115813
115985
115987
115991
115992
116056
116080
116082
116759
117169
117198
117204
117574
117830
118026
118027
118043
118139
118140
118655
118656
119102
119104
119164
119207
119210
119211
119212
119213
119214
119215
119216
119217
119218
119220
119221
119222
119492
119755
119756
119910
120086
120163
120164
120166
120167
120168
120381
120499
120505
120509
120574
120686
120950
121429
121430
121431
121432
121435
121436
121437
121438
121440
121441
121444
121454
121455
121456
121457
121460
121536
121816
122280
122291
122910
122911
122912
122913
122914
122915
122916
122917
122918
122919
122920
122921
122922
122923
122924
122925
122928
122929
123358
123561
123595
123630
123735
123738
123932
124304
124855
125217
125788
126070
126071
126794
126989
127441
127507
127509
127511
127568
127569
127570
127957
127960
128706
128708
128710
128790
128818
128819
128821
128941
128975
128982
128986
128987
129003
129009
129141
129143
129395
129525
129526
129527
129724
129725
129726
129727
129728
129732
129771
129772
129774
129775
129776
129777
129778
129779
129781
129782
129783
129785
129861
129862
129875
129876
129950
129951
129952
129953
129954
129955
129956
130067
130068
130308
130309
130310
130327
130328
130329
130478
130499
130500
130556
130663
130667
130668
130760
130763
131003
131004
131005
131006
131007
131008
131009
131010
131011
131012
131013
131014
131015
131016
131017
131082
131083
131226
131408
131415
131416
132417
132475
132477
132485
132504
132613
132614
132766
132807
132903
132904
132905
133704
133774
133776
133777
133789
133790
134366
134367
134374
134386
134394
134554
134599
134606
134632
134681
134999
135102
135106
135210
135246
135325
135330
135389
135656
135658
135659
135660
135661
135725
135728
135733
135736
135737
135748
135749
135750
135757
135855
136084
136138
136163
136187
136234
136358
136418
136466
136472
136474
136477
136481
136482
136484
136486
136506
136966
137422
137443
137475
137511
137555
137556
137576
137578
137611
137725
137756
137757
137758
137876
137885
137886
137992
138184
138540
138672
138679
138680
138681
138682
138683
138684
138694
138800
138801
138805
138806
138807
138948
138949
138950
138951
138954
138982
139031
139032
139033
139034
139209
139270
139285
139292
139643
139870
139871
139872
139873
139874
140020
140024
140052
140295
140298
140303
140410
140568
140665
141265
141270
141860
141863
141864
141903
141904
142102
142661
142786
142843
142940
142941
142942
142943
142944
142945
142946
142947
142948
142949
142951
142952
143616
143901
143919
143920
143921
144051
144196
144208
144209
144353
144363
144752
145171
145175
145183
145184
145186
145187
145188
145189
145192
145193
145198
145200
145201
145202
145203
145204
145205
145207
145208
145209
145210
145211
145213
145214
145215
145218
145219
145220
145221
145222
145225
145226
145229
145307
145390
145579
145665
145856
146015
146032
146073
146269
146499
146500
146501
146761
146762
147093
147095
147097
147098
147155
147262
147263
147337
147338
147340
147348
147672
147673
147674
147675
147676
147677
147678
147679
147680
147681
147683
147684
147685
147711
147712
147714
147720
147721
147722
147723
147724
147725
147727
147736
147742
147743
147744
147747
147750
147756
147757
147758
147760
147761
147762
147763
147765
148339
148360
148363
148603
148879
148880
148943
149595
149596
150058
150063
150070
150072
150073
150080
150098
150129
150133
150134
150135
150137
150145
150152
150171
150284
150285
150286
150546
150717
150720
150846
150904
150907
151043
151340
151341
151505
151528
151529
151530
151531
151533
151534
151535
151536
151537
151538
151539
151599
152006
152076
152077
152078
152079
152177
152217
152219
152265
152338
152560
152561
152564
152565
152566
152632
152633
152634
152635
152636
153057
153135
153136
153137
153227
153229
153472
153473
153969
153970
154121
154122
154322
154334
154339
154540
154784
154834
155025
155148
155218
155219
155220
155223
155224
155225
155226
155227
155414
155429
155430
155905
155906
155907
156207
156208
156441
156614
156615
156619
156626
156627
156647
156654
156658
156661
156662
156663
156665
156666
156667
156669
156670
156671
156674
156675
156680
156690
156712
156715
156718
156721
156729
156732
156741
156742
156743
156744
156746
156747
156749
156768
156770
156772
156774
156775
156776
156778
156779
156780
156781
156782
156786
156791
156797
156799
156800
156806
156807
156808
156811
156815
156816
156822
156827
156832
156909
157018
157019
157037
157042
157046
157187
157239
157270
157271
157642
157703
157731
157777
157790
157798
157799
157800
157802
157837
157897
157898
157899
157924
158197
158307
158371
158372
158463
158464
158465
158474
158476
158477
158611
158632
158634
158635
158636
158639
158642
158683
158684
158919
159079
159081
159082
159084
159122
159132
159137
159138
159139
159140
159141
159142
159143
159144
159145
159146
159147
159149
159150
159151
159152
159153
159183
159201
159231
159252
159253
159312
159468
159469
159480
159481
159482
159486
159602
159603
159604
160235
160358
160484
160691
160750
160753
160796
160841
160842
160843
160844
161015
161239
161240
161378
161494
161501
161502
161504
161600
161675
161716
161728
161729
161730
161736
162013
162145
162161
162277
162387
162499
162500
162507
162508
162510
162517
162529
162533
162536
163012
163325
163654
163655
163777
164038
164041
164043
164125
164246
164247
164249
164253
164254
164255
164256
164325
164416
164518
164522
164523
164554
164556
164557
164558
164560
164561
164564
164565
164567
164751
164992
165102
165104
165229
165232
165235
165238
165239
165241
165242
165244
165246
165247
165248
165250
165252
165420
165429
165432
165509
165510
165511
165512
165513
165516
165527
165803
165826
166056
166122
166123
166124
166921
166940
166942
166948
166951
166961
166963
167018
167019
167020
167021
167124
167127
167129
167132
167158
167159
167160
167161
167320
167321
167322
167323
167324
167325
167326
167327
167328
167329
167330
167331
167478
167634
167676
167786
167927
167947
168014
168023
168038
168041
168042
168044
168047
168135
168228
168229
168233
168234
168235
168238
168260
168261
168262
168264
168278
168284
168586
169066
169102
169104
169105
169159
169160
169161
169162
169165
169166
169167
169169
169171
169173
169174
169398
169533
169682
169683
169684
169687
169689
169691
169693
169696
169864
169865
169959
169967
169974
170325
170341
170342
170343
170344
170500
170503
170516
170517
170523
170524
170525
170526
170527
170528
170529
170617
170618
170621
170646
170748
170756
170763
170767
170768
170771
170778
170795
170797
170849
170954
170965
171005
171230
171264
171370
171371
171422
171615
171618
171661
171662
171663
171720
171834
171835
171836
171837
171838
171839
171840
171841
171842
171843
171844
171845
171847
171848
171849
171850
171852
171853
171854
171855
171856
171857
171858
171859
172022
172027
172038
172039
172148
172149
172150
172220
172278
172296
172297
172314
172316
172385
172386
172387
172390
172391
172392
172394
172395
172653
172667
172852
172853
172856
172857
172858
172859
172860
172861
172862
172863
172864
172932
173082
173087
173443
173473
173474
173475
173476
173477
173527
173566
173572
173573
173574
173575
173707
173712
173714
173717
173720
173722
173723
173724
173824
173829
173830
173831
173916
173917
173919
173921
173923
173924
173926
173927
173928
173930
173931
173932
173976
174003
174142
174178
175567
175568
175569
175814
175816
175848
175950
176100
176106
176651
176652
176654
176655
176656
176671
176673
176674
176676
176677
177065
177066
177067
177069
177117
177123
177124
177125
177126
177127
177128
177130
177132
177133
177136
177137
177140
177188
177190
177311
177316
177326
177331
177343
177344
177348
177351
178276
178354
178530
178534
178581
178584
178589
178598
178599
178773
178830
178881
179237
179239
179240
179241
179532
179708
179820
179877
179986
180165
180166
180167
180168
180169
180170
180230
180252
180255
180399
180503
180504
180526
180544
180586
180587
180816
180822
180903
181003
181007
181082
181083
181084
181085
181086
181087
181208
181209
181485
181522
181604
181667
181669
181858
182093
182275
182452
182494
182781
182782
182788
182835
182851
183405
183407
183516
183517
183584
183585
183664
183665
183666
183667
183727
183734
183764
183769
183771
183777
183778
183779
183780
183781
183782
183783
183784
183786
183787
183991
184001
184002
184005
184006
184008
184009
184010
184011
184012
184013
184020
184021
184610
184750
184751
184974
185017
185237
185579
185580
185636
185637
185638
185639
185692
185750
185751
185752
185753
185754
185756
185757
185758
185759
185782
185783
185786
185788
185793
185880
185889
185890
185891
185892
185893
185894
185895
185896
185897
185898
185899
185900
185901
185902
185903
185904
185905
185906
185907
185908
185909
185910
185911
185912
185913
185914
185915
185916
185917
185918
185919
185920
185921
185922
185923
185924
185925
185926
185927
185928
185929
185930
185931
185932
185933
185934
185935
185936
185937
185938
185939
185940
185941
185942
185943
185944
185945
185946
185954
185955
185959
186152
186153
186156
186160
186165
186166
186167
186168
186187
186371
186373
186457
186458
186460
186532
186533
186534
186536
186537
186538
186539
186540
186541
186616
186617
186636
186637
186642
186643
186665
186666
186667
186670
186677
186764
186765
186766
186767
186768
186769
186772
186777
186778
186783
186786
186789
186794
186805
186810
186815
186844
186845
186846
186886
186914
186938
187161
187162
187163
187164
187166
187167
187168
187171
187212
187213
187214
187217
187218
187388
187397
187401
187402
187678
187764
187850
187943
187944
187977
187978
187984
188141
188333
188350
188538
188539
188763
188884
188885
188886
188887
188938
189458
189819
189820
189830
189831
189836
189947
190059
190060
190061
190062
190063
190064
190065
190238
190388
190478
190503
190729
190808
190809
190810
190811
190890
191031
191032
191089
191090
191091
191092
191094
191288
191289
191436
191460
191463
191531
191547
191548
191766
192021
192023
192025
192026
192027
192196
192197
192199
192203
192452
192535
192536
192537
192538
192539
192545
192548
192549
192550
192578
192581
192584
192694
192706
192709
192711
192714
192720
192721
192722
192773
192777
192782
192971
192973
193118
193119
193120
193121
193122
193152
193157
193158
193211
193229
194397
194422
194440
194441
194443
194445
194540
194603
194609
194611
194613
194630
194647
194652
194675
194699
194701
194802
194851
194948
194949
194958
194959
194960
194961
194965
194966
195055
195056
195059
195060
195062
195063
195471
195476
195477
195478
195480
195700
195702
196089
196093
196094
196095
196194
196242
196375
196398
196399
196400
196403
196425
196426
196427
196432
196433
196434
196435
196436
196437
196438
196439
196440
196441
196443
196444
196445
196446
196447
196448
196451
196452
196455
196596
196597
196937
197012
197112
197311
197314
197576
197577
197578
197579
197580
197581
197582
197583
197584
197585
197586
197587
197771
197772
197778
197780
197781
197783
197873
197911
197912
197913
198038
198052
198058
198061
198068
198110
198112
198128
198310
198421
198503
198538
198539
198540
198542
198543
198589
198595
198597
198599
198600
198601
198607
198608
198612
198833
198932
199303
199308
199342
199343
199344
199345
199346
199347
199348
199350
199351
199352
199356
199357
199358
199359
199361
199362
199365
199366
199367
199368
199369
199371
199372
199373
199587
199703
199704
200154
200233
200255
200392
200399
200401
200402
200403
200404
200480
200685
200913
201352
201489
201490
201491
201492
201493
201494
201495
201496
201497
201847
201862
201996
201997
202250
202252
202273
202496
202566
202567
202568
202812
202813
202910
203126
203134
203136
203138
203139
203168
203172
203173
203174
203188
203224
203225
203227
203228
203229
203231
203232
203233
203380
203820
204016
204023
204073
204086
204090
204269
204270
204440
204478
204507
204519
204711
204729
204734
204819
204827
204836
204849
204859
204873
204928
204929
204932
204933
204987
205005
205323
205355
205472
205798
205868
205869
205870
205872
205874
205875
205876
205877
205879
205880
205895
205896
205898
205899
205908
205909
205910
205911
205947
205952
205953
205955
205956
206036
206037
206038
206039
206060
206062
206102
206103
206156
206160
206161
206181
206183
206198
206199
206207
206217
206218
206369
206376
206377
206378
206392
207240
207241
207242
207247
207251
207253
207343
207401
207597
207656
207657
207658
207678
207679
207697
207818
207819
207821
207822
207823
207828
207830
208013
208084
208086
208177
208292
208294
208303
208491
208509
208726
208893
208895
208896
208897
208898
208973
209045
209052
209055
209056
209057
209058
209061
209062
209063
209152
209266
209529
209642
209782
209783
209786
209844
209849
209851
209854
210016
210023
210025
210026
210168
210624
210655
210656
210658
210659
210660
210661
210662
210663
210665
210666
210667
210668
210669
210670
210671
210672
210673
210752
210754
210759
210769
210827
210928
211044
211787
211866
211901
211902
211903
211904
211905
211906
211907
211908
211909
211910
211911
211977
212035
212102
212424
212435
212436
212453
212718
212719
212720
212721
212722
212723
212724
212725
212726
212727
212728
212729
212730
213034
213236
213633
213769
213770
213774
213775
213776
213778
213779
213780
213781
213782
213888
213998
214439
214826
214828
214829
214830
214831
214879
214882
215158
215167
215285
215289
215290
215291
215293
215294
215295
215298
215300
215301
215680
215681
215796
215851
215852
215853
215854
215855
215872
215879
215882
215894
215901
215907
215909
215920
216370
216371
216614
216615
216877
216928
217160
217166
217167
217362
217429
217536
217615
217616
217686
217712
217713
217714
217719
217721
217723
217724
217725
217811
217821
217823
217825
217831
217834
217836
217906
217911
217917
217931
218120
218282
218283
218667
218845
218849
218923
219164
219174
219292
219299
219300
219447
219584
219585
219589
219591
219596
219632
219635
219639
219640
219642
219644
219645
219646
219702
219704
219744
220339
220340
220501
220608
220638
220812
220813
220814
220931
220932
220934
220935
220940
220941
220943
220944
220951
220954
220956
220959
220962
220963
220968
220969
220970
220972
220974
220978
220979
220984
220999
221001
221002
221005
221007
221008
221010
221012
221013
221014
221015
221016
221017
221019
221021
221022
221023
221024
221029
221036
221037
221054
221113
221115
221118
221119
221244
221245
221246
221262
221523
221524
221528
221529
221532
221537
221539
221541
221542
221543
221685
221689
221690
221703
221915
221916
221917
221918
221934
221938
221982
221984
221985
221986
221993
222059
222061
222064
222070
222073
222074
222075
222076
222077
222078
222079
222140
222142
222144
222145
222146
222441
222445
222446
222447
222450
222456
222459
222463
222464
222474
222475
222554
222556
222557
222645
222721
222722
222728
222731
222740
222753
222754
222757
222762
222768
222769
222770
222772
222773
222774
222887
222888
222889
223252
223253
223255
223256
223259
223260
223261
223262
223263
223264
223265
223266
223268
223269
223270
223271
223272
223273
223275
223276
223281
223282
223284
223285
223286
223287
223288
223289
223290
223291
223292
223293
223295
223299
223301
223302
223303
223305
223307
223312
223313
223314
223316
223317
223321
223323
223324
223328
223332
223333
223334
223336
223337
223342
223343
223344
223345
223346
223347
223348
223349
223350
223351
223352
223354
223356
223358
223359
223362
223363
223524
223769
223930
223935
223941
223947
223951
223997
224197
224199
224202
224203
224204
224206
224310
224311
224399
224578
224583
224820
224825
224959
224976
225067
225086
225087
225090
225091
225093
225097
225098
225588
225725
225726
225752
225962
225976
225978
225979
226084
226582
226584
226613
226618
226619
226620
226625
226632
226633
226635
226645
226647
226649
226654
226655
226656
226657
226660
226662
227125
227127
227134
227135
227136
227137
227293
227294
227304
227305
227307
227451
227452
227470
227506
227507
227509
227514
227516
227720
227731
227940
227984
228072
228074
228075
228177
228277
228330
228404
228406
228407
228409
228415
228578
228579
228580
228582
228675
228747
228897
228928
229030
229055
229149
229206
229401
229634
229636
229907
229992
230108
230158
230161
230176
230177
230285
230286
230457
230458
230460
230461
230471
230493
230604
230871
231395
231513
231515
231516
231517
231518
231519
231520
231851
231853
231854
231855
231856
231858
231859
231981
231992
232107
232130
232234
232237
232380
232434
232435
232437
232441
232541
232545
232547
232548
232550
232552
232795
232799
232800
232802
232818
232819
232820
232824
232827
232830
232835
233044
233048
233049
233050
233051
233194
233585
233784
233883
233884
233885
233886
233887
233888
233889
233890
233894
234600
234601
234603
234604
234829
235091
235102
235106
235123
235126
235128
235136
235173
235201
235265
235266
235347
235406
235411
235413
235434
235455
235456
235457
235458
235544
235994
236210
236244
236486
236750
236987
237020
237640
237716
237902
237914
237915
238099
238100
238101
238102
238103
238817
238845
238854
238892
238893
238968
239239
239243
239364
239720
239758
240263
240266
240268
240269
240271
240273
240426
240492
240513
240550
240552
240555
240557
240559
240592
240594
240708
240865
241433
241434
241436
241525
241630
241631
241651
241654
241655
242130
242328
242380
242381
242521
242527
242707
242710
242711
242861
243531
243535
243540
243550
243551
243560
243563
243678
244050
244310
244589
244590
244948
244950
245072
245101
245685
245843
246160
246208
246212
246217
246220
246221
246280
246343
246818
246878
247080
247149
247268
247269
247487
247507
248053
248054
248056
248058
248059
248060
248062
248252
248496
248909
248910
248911
248912
248913
248914
248915
248942
249055
249056
249062
249063
249064
249065
249066
249071
249073
249074
249080
249084
249151
249184
249185
249190
249199
249310
249370
249371
249372
249373
249583
249584
249585
249588
249589
251095
251096
251297
251299
251749
251774
252234
252468
252584
252602
252654
253182
253251
253435
253446
253450
253451
253454
253457
253634
253675
253676
253677
253679
253681
253682
253685
253687
253688
253689
253690
253692
253693
253700
253701
253702
253923
254249
254252
254253
254254
254355
254397
254398
254711
254946
255066
255131
255194
255216
255221
255222
255223
255224
255225
255226
255227
255228
255229
255231
255232
255238
255255
255330
255363
255364
255431
255520
255521
255587
255685
255696
255721
255729
255730
256044
256045
256049
256050
256052
256130
256548
256591
256729
256802
256817
256962
256994
257463
257464
257468
257469
257630
257631
257816
258040
258041
258043
258445
258446
258453
258471
258781
258922
258962
258964
259389
259538
259828
259838
259898
259901
259931
260012
260021
260024
260047
260069
260120
260121
260149
260372
260373
260374
260375
260377
260378
260379
260479
260584
260586
260683
260684
260716
260717
260797
260798
260810
260813
260827
260904
260907
260908
260909
260963
260964
261202
261204
261665
261666
261726
261939
262167
262168
262169
262170
262171
262172
262173
262174
262175
262176
262177
262225
262307
262584
262588
262789
262790
262809
262817
262855
262881
262893
262896
262897
262957
262962
262963
262968
263001
263004
263363
263374
263375
263386
263509
263531
263532
263577
263578
263595
263596
263598
263599
263793
263891
263892
263950
264076
264370
264376
264381
264484
264490
264518
264653
264727
264729
264832
264836
264986
264987
264998
265022
265122
265124
265294
265522
265877
265963
266093
266147
266148
266799
266801
266827
266828
266829
267285
267383
267387
267391
267392
267395
267396
267398
267399
267563
267564
267784
267821
267970
268305
268316
268317
268318
268319
268320
268322
268325
268328
268329
268331
268336
268338
268341
268342
268585
268586
268587
268588
268589
268590
268591
268746
268747
268748
268778
268780
268782
268783
268784
268785
268786
268787
268789
268832
268956
268957
268958
268959
268960
268961
268965
268967
268969
269095
269096
269099
269100
269101
269102
269103
269104
269105
269106
269108
269111
269145
269213
269274
269275
269276
269277
269301
269305
269339
269447
269448
269638
269725
270117
270140
270142
270143
270144
270145
270146
270148
270149
270150
270151
270152
270153
270161
270182
270227
270229
270230
270255
270256
270257
270473
270478
270481
270482
270483
270485
270487
270490
270494
270642
270673
270687
270904
270905
270906
270908
271070
271071
271073
271101
271103
271105
271106
271108
271109
271111
271115
271164
271257
271479
271647
272551
272580
272583
272608
272636
272751
272871
272875
272879
272882
272886
272888
272890
272891
272894
272895
273001
273021
273133
273303
273305
273341
273342
273343
273344
273345
273346
273347
273348
273349
273352
273354
273355
273356
273357
273358
273359
273360
273361
273514
273516
273517
273522
273525
273651
273794
273795
273810
274495
274584
274827
274828
274829
274830
274831
274832
274833
274834
274835
274836
274837
274838
274839
274840
274841
274842
274843
274844
274845
274846
274848
277944
278008
278069
278130
278193
278675
278812
279006
279072
279150
279154
279207
279233
279280
279281
279303
279306
279329
279330
279333
279334
279337
279339
279383
279390
279394
279395
279530
279538
279539
279540
279728
279803
279896
280049
280050
280581
280582
280585
280701
280702
280756
280757
280855
281051
281492
281717
281924
281945
281946
281947
281963
281966
281967
281969
281972
281975
281976
282066
282117
282119
282120
282121
282122
282124
282127
282128
282133
282134
282148
282149
282156
282188
282345
282663
282712
282713
282785
282786
282853
282862
282897
282898
282914
282954
282955
282956
282961
282962
282963
282965
282968
282971
282975
282977
283067
283068
283069
283073
283076
283349
283494
283675
283824
283876
283957
284052
284164
284168
284169
284170
284172
284173
284176
284177
284178
284180
284181
284184
284186
284193
284195
284198
284204
284207
284208
284209
284211
284213
284214
284215
284218
284220
284221
284241
284468
284473
284503
284515
284523
284672
284687
284688
284689
285013
285018
285020
285021
285023
285262
285267
285418
285423
285662
285945
285946
285949
285956
285967
285986
286072
286227
286236
286241
286262
286263
286264
286265
286266
286272
286279
286281
286284
286285
286286
286287
286292
286293
286294
286295
286296
286540
286541
286542
286543
286545
286546
287018
287054
287411
287412
287413
287424
287426
287427
287428
287432
287433
287434
287436
287437
287438
287439
287441
287443
287447
287451
287733
287736
287865
287866
288028
288117
288118
288456
288580
288583
288620
288891
288956
288958
288959
289183
289236
289326
289330
289339
289341
289342
289344
289346
289349
289356
289365
289366
289367
289505
289512
289999
290005
290008
290028
290030
290031
290057
290090
290254
290255
290280
290303
290314
290499
290500
290542
290543
290544
290547
290556
290557
290587
290849
291027
291028
291039
291175
291270
291286
291365
291367
291484
291588
291589
291590
291592
291612
291613
291829
291837
291841
291843
292029
292032
292033
292034
292036
292037
292038
292039
292040
292041
292043
292044
292045
292046
292047
292048
292049
292052
292208
292278
292443
292472
292476
292477
292510
292511
292589
292591
292626
292627
292633
292638
292639
292724
292725
292792
293061
293090
293178
293284
293321
293544
293557
293644
293819
293820
293933
293934
293935
293936
293992
294363
294365
294369
294371
294382
294631
294828
294993
295013
295020
295090
295670
295671
295709
295710
295712
295717
296145
296148
296178
296190
296210
296738
297248
297249
297254
297724
297793
298129
298322
298331
298333
298334
298337
298338
298599
298601
298603
298650
298706
298707
298711
298713
298715
298716
298903
298910
298915
298917
298941
298945
298947
298949
298965
298969
298970
298971
298974
298975
298976
298977
299129
299200
299327
299333
299335
299463
299474
299619
299647
299731
299733
299735
299736
299807
300175
300180
300186
300187
300188
300189
300190
300203
300204
300411
300562
300563
300647
300714
300715
300716
300717
300724
300727
300732
300740
300748
300749
300750
300753
300879
300942
301027
301047
301372
301374
301599
301864
301865
301961
301962
302069
302070
302099
302100
302274
302277
302304
302310
302341
302450
302838
302840
303316
303317
303923
303924
304193
304218
304222
304297
304337
304342
304359
304360
304362
304365
304368
304399
304859
304890
304932
304946
304950
304956
304958
304959
304969
304970
304972
304975
304987
304991
304997
305032
305034
305041
305044
305045
305050
305417
305491
305674
305676
305677
305785
305805
305811
305814
305853
306025
306276
306323
306536
306552
306586
306587
306588
307044
307110
307111
307164
307197
307240
307443
307444
307448
307451
307452
307453
307454
307456
307457
307458
307459
307460
307461
307463
307464
307466
307467
307468
307469
307470
307476
307622
307671
307677
307795
307808
307809
307811
307812
307813
307898
307903
307997
308062
308159
308418
308425
308703
308705
308706
308707
308714
308716
308725
308906
308911
308912
309181
309368
309385
309390
309405
309406
309433
309542
309833
309834
309836
309837
310103
310539
310540
310680
310684
310741
310750
310756
310907
310911
310953
311156
311158
311162
311163
311164
311165
311166
311167
311168
311170
311171
311174
311175
311176
311179
311221
311225
311226
311227
311228
311229
311245
311246
311247
311374
311379
311415
311488
311554
311579
311581
311582
311583
311586
311587
311588
311589
311591
311592
311598
311604
311606
311609
311611
311612
311616
311617
311621
311623
311625
311626
311629
311630
311633
311634
311637
311640
311643
311644
311645
311647
311650
311651
311652
311654
311655
311659
311660
311661
311662
311664
311666
311667
311668
311670
311674
311678
311683
311684
311685
311686
311694
311695
311697
311699
311701
311704
311707
311710
311711
311712
311714
311715
311719
311721
311722
311732
311736
311738
311739
311740
311743
311749
311753
311754
311757
311759
311760
311763
311764
311767
311769
311770
311771
311772
311774
311775
311776
311777
312008
312009
312027
312033
312034
312035
312185
312273
312274
312275
312295
312349
312998
313599
313629
314021
314489
314535
314537
314538
314539
315266
315392
315393
315431
315713
315953
316106
316618
316620
316623
316983
317026
317027
317288
317414
317626
317631
317633
317657
317718
317719
317720
317857
317858
317878
318279
318416
318490
318558
318563
318564
318565
318566
318567
318568
318569
318570
318571
318592
318593
318594
318595
318596
318831
318834
318835
318836
318840
318842
318843
318844
318845
318848
318849
318852
319101
319104
319105
319131
319215
319223
319460
319522
319747
319748
319837
319842
319843
319845
319846
319847
319849
319850
319851
319852
319853
319854
319855
319857
319858
319861
319862
319863
319867
319868
319875
319876
319879
319885
319889
319893
319894
319896
319900
319901
319904
319906
319908
319911
319914
319915
319916
319917
319963
320045
320122
320306
320432
320438
320831
320832
320834
320835
320836
320837
320839
320840
320841
320842
320843
320844
320845
320846
320847
320848
320849
320850
320856
320883
320884
320885
321023
321285
321291
321294
321295
321298
321302
321613
321842
321933
322018
322019
322053
322067
322073
322308
322320
322358
322593
322644
322836
322855
323118
323225
323226
323231
323363
323364
323824
324684
324685
324686
324900
324901
324902
324913
325111
325113
325212
325252
325253
325348
325444
325445
325446
325447
325454
325455
325456
325457
325458
325459
325461
325462
325568
325571
325675
325676
325678
326036
326037
326124
326172
326198
326202
326249
326484
326485
326487
326488
326489
326490
326574
326811
326856
326869
326876
326882
326941
327045
327046
327106
327107
327108
327163
327168
327172
327175
327176
327178
327181
327186
327191
327194
327197
327203
327204
327207
327263
327280
327299
327306
327310
327311
327315
327317
327375
327386
327387
327392
327794
327822
327825
327830
327947
327984
327987
328061
328326
328329
328330
328429
328430
328431
328458
328459
328460
328469
328474
328483
328486
328509
328613
328614
328615
328622
328627
328668
328670
328671
328678
328679
328680
328681
328682
328683
328685
328686
328694
328709
328729
328733
328734
328736
329048
329049
329119
329156
329157
329158
329160
329164
329182
329183
329254
329285
329288
329290
329294
329359
329366
329372
329376
329381
329384
329385
329393
329397
329400
329585
329593
329594
329595
329596
329597
329598
329599
329600
329602
329603
329604
329605
329606
329607
329608
329609
329611
329612
329613
329614
329615
329639
329641
329684
329685
329689
329823
329836
329840
329846
329852
329853
329861
329862
329864
329886
330379
330381
330383
330395
330396
330397
330398
330399
331116
331278
331624
331627
331642
331976
332032
332054
332090
332096
332097
332179
332192
332202
332470
332471
332585
332587
332588
332720
332733
332738
332741
332743
332746
332747
332837
332844
332857
332863
332868
332870
332872
332884
332888
332889
332896
332934
332937
332938
332939
332940
332942
333047
333143
333161
333162
333163
333181
333184
333186
333195
333196
333205
333224
333227
333229
333234
333238
333240
333252
333254
333263
333272
333273
333274
333276
333277
333278
333291
333293
333347
333348
333361
333365
333366
333675
333743
333750
333751
333752
333753
333754
333757
333759
333760
333761
333762
333763
333764
333765
333766
333767
333769
333770
333771
333772
333774
333918
333919
333920
333921
333922
333923
333924
333926
333928
333929
333930
333931
333933
333938
333941
333968
333982
334186
334188
334197
334202
334203
334204
334205
334207
334208
334209
334210
334211
334212
334213
334425
334447
334448
334514
334520
334521
334523
334591
334778
334782
334856
335100
335102
335103
335187
335204
335301
335303
335307
335316
335318
335331
335333
335339
335341
335342
335343
335344
335348
335354
335356
335366
335367
335368
335369
335398
335399
335400
335404
335484
335550
335795
335797
335811
335812
335924
335963
336009
336010
336012
336013
336060
336063
336064
336065
336066
336067
336096
336097
336206
336207
336219
336220
336222
336223
336242
336247
336248
336249
336370
336371
336374
336376
336392
336448
336449
336476
336486
336487
336619
336620
336621
336633
336634
336635
336639
336705
336724
336735
336741
336749
336792
336793
336795
336797
336798
336799
336871
336959
336960
336961
336962
336987
337039
337041
337042
337043
337044
337048
337049
337050
337051
337052
337054
337309
337311
337312
337450
337590
337593
337596
337597
337602
337610
337611
337612
337616
337823
337824
337826
337827
337896
337956
338079
338099
338101
338102
338103
338105
338106
338107
338108
338109
338110
338111
338112
338113
338114
338115
338116
338117
338118
338119
338120
338121
338122
338123
338124
338125
338126
338127
338128
338129
338130
338131
338132
338133
338134
338135
338136
338137
338138
338140
338322
338323
338324
338326
338327
338345
338473
338478
338562
338605
338781
338858
338859
338882
338903
339165
339351
339419
339420
339564
339566
339570
339571
339847
339965
340003
340007
340013
340016
340017
340018
340054
340061
340093
340141
340187
340194
340195
340196
340434
340896
340907
340921
340955
341034
341035
341038
341053
341110
341111
341112
341113
341167
341207
341226
341227
341670
341671
341673
341685
341698
341699
341700
341711
341712
341713
341721
341730
341834
341844
341850
341859
341862
341864
341883
341885
341886
341895
341908
341911
341938
341939
341940
341941
341942
341945
341955
341957
341958
342091
342106
342107
342121
342122
342123
342139
342150
342151
342160
342168
342184
342186
342188
342192
342196
342215
342217
342221
342222
342224
342373
342409
342410
342473
342474
342476
342478
342479
342481
342486
342493
342494
342495
342496
342498
342499
342500
342502
342507
342509
342515
342516
342519
342525
342526
342527
342528
342530
342535
342537
342539
342540
342541
342542
342544
342545
342547
342548
342550
342552
342553
342564
342566
342596
342940
342941
343463
343513
343515
343516
343865
343866
343867
343870
343949
344005
344021
344022
344193
344194
344196
344219
344417
344593
344595
344596
344701
344703
344866
344889
344892
344898
344899
344904
344905
344970
344971
345030
345184
345195
345196
345197
345198
345199
345201
345202
345203
345249
345250
345295
345296
345297
345299
345307
345582
345584
345585
345690
345921
345922
346048
346173
346175
346178
346646
346647
346648
346672
346673
346674
346881
346882
346883
346884
346932
347219
347227
347324
347325
347326
347327
347328
347329
347330
347482
347514
347536
347537
347814
347956
347957
347958
347962
348008
348009
348010
348011
348013
348014
348018
348026
348058
348094
348095
348096
348097
348136
348137
348296
348306
348386
348449
348531
348599
348600
348626
348643
348648
348652
348653
348663
348686
348769
348771
348794
348795
348799
348800
348822
348823
348894
348904
348920
348921
348935
348985
348988
349012
349044
349066
349172
349258
349260
349261
349262
349329
349342
349344
349370
349399
349463
349563
349564
349681
349682
349683
349686
349691
349692
349944
349945
349974
349975
350104
351032
351033
351034
351035
351037
351047
351048
351049
351053
351054
351073
351152
351246
351250
351251
351252
351253
351254
351256
351257
351258
351259
351260
351261
351262
351263
351266
351267
351270
351271
351272
351273
351277
351281
351364
351424
351425
351426
351427
351428
351495
351517
351520
351680
351707
351708
351710
351732
351765
351808
351875
351879
351889
351891
351895
351900
351906
351907
351909
351992
352000
352034
352046
352209
352210
352235
352236
352244
352246
352248
352256
352257
352258
352259
352348
352350
352375
352474
352476
352511
352512
352515
352520
352522
352523
352524
352525
352530
352531
352540
352543
352545
352546
352547
352548
352549
352550
352551
352552
352553
352554
352555
352557
352559
352561
352564
352566
352568
352569
352571
352572
352575
352576
352577
352578
352586
352587
352589
352591
352592
352593
352598
352600
352602
352604
352606
352609
352610
352614
352621
352628
352629
352634
352635
352636
352639
352640
352641
352642
352644
352648
352649
352650
352651
352655
352656
352658
352660
352662
352663
352665
352667
352669
352670
352671
352673
352674
352675
352676
352677
352679
352683
352689
352691
352692
352693
352695
352704
352706
352708
352709
352710
352711
352715
352716
352717
352720
352722
352728
352729
352731
352735
352736
352737
352738
352739
352740
352744
352748
352752
352755
352756
352757
352760
352764
352765
352769
352770
352771
352772
352773
352774
352775
352776
352777
352778
352781
352785
352786
352790
352792
352848
352850
352882
352883
352885
352887
352888
352889
352924
352925
352926
352927
353207
353209
353210
353212
353245
353252
353289
353294
353297
353306
353308
353310
353316
353320
353323
353330
353339
353341
353342
353343
353348
353354
353357
353362
353365
353366
353367
353376
353377
353383
353388
353392
353393
353405
353415
353416
353417
353418
353420
353421
353425
353426
353428
353429
353434
353439
353443
353452
353461
353465
353472
353486
353633
353639
353768
353769
353825
354085
354090
354227
354228
354231
354232
354233
354234
354235
354260
354328
354348
354350
354461
354462
354463
354464
354465
354466
354468
354554
354555
354562
354563
354564
354572
354573
354575
354577
355235
355238
355245
355246
355294
355303
355305
355307
355313
355472
355475
355476
355481
355485
355486
355488
355498
355500
355501
355502
355503
355504
355505
355506
355507
355508
355510
355624
356113
356114
356115
356127
356349
356350
356355
356380
356386
356387
356388
356390
356391
356410
356412
356413
356414
356416
356417
356418
356420
356422
356423
356424
356425
356426
356427
356466
356467
356468
356469
356623
356630
356663
356664
356862
357204
357205
357207
357209
357210
357212
357213
357231
357250
357252
357255
357256
357259
357260
357355
357488
357492
357599
357990
358008
358077
358104
358182
358183
358213
358215
358403
358575
358576
358577
358578
358579
358580
358581
358582
358764
358768
358769
358770
358792
358805
358812
359302
359323
359919
359942
359943
359944
359947
359948
359961
359962
359987
359996
360001
360006
360164
360251
360255
360256
360257
360260
360264
360271
360273
360397
360398
360575
360576
360577
360578
360579
360580
360638
360722
361231
361232
361234
361237
361688
361696
361697
361698
361723
361731
361737
362246
362398
362399
362692
362693
362698
362784
362830
362866
362905
363020
363027
363030
363034
363038
363043
363047
363050
363053
363054
363055
363059
363063
363065
363067
363070
363074
363076
363083
363084
363085
363087
363088
363089
363090
363094
363095
363097
363112
363116
363117
363119
363122
363126
363129
363130
363131
363134
363135
363136
363138
363140
363141
363149
363150
363151
363153
363159
363160
363161
363163
363165
363166
363168
363169
363170
363171
363191
363228
363231
363555
363628
363744
363745
363747
363800
364121
364122
364126
364128
364132
364137
364138
364158
364320
364370
364412
364415
364416
364634
364745
364954
364957
364961
364965
364982
364983
365005
365047
365048
365068
365070
365073
365077
365080
365082
365085
365088
365090
365091
365092
365094
365095
365099
365103
365104
365107
365108
365114
365116
365119
365120
365121
365122
365124
365128
365129
365130
365132
365137
365139
365144
365150
365327
365495
365496
365497
365500
365502
365503
365504
365505
365506
365507
365509
365510
365511
365521
365523
365620
366461
366617
366686
366920
367021
367023
367061
367120
367121
367134
367153
367154
367300
367301
367398
367399
367400
367682
367715
367760
367770
367797
367798
367850
367867
367897
367898
367975
367976
367985
367991
367993
367995
368453
368617
368620
368704
368710
368711
368715
368716
368735
368736
368797
368798
368859
369257
369437
369452
369453
369457
369471
369581
369584
369643
369752
369762
369763
369764
369765
369766
369773
369917
369954
369955
369956
369960
369963
369964
369965
369966
370037
370128
370129
370133
370134
370135
370136
370137
370138
370139
370140
370142
370144
370145
370146
370147
370148
370150
370151
370152
370153
370154
370155
370158
370159
370161
370162
370167
370169
370171
370174
370176
370177
370178
370179
370182
370184
370189
370191
370197
370198
370199
370200
370202
370203
370204
370207
370208
370210
370217
370218
370220
370222
370224
370226
370227
370228
370229
370230
370231
370235
370236
370237
370290
370477
370479
370481
370482
370483
370484
370485
370492
370496
370498
370499
370500
370505
370510
370511
370512
370517
370518
370529
370534
370535
370623
370810
370811
370812
370813
370819
370820
370830
370833
370847
370848
370856
370858
371078
371079
371082
371201
371202
371203
371204
371206
371207
371208
371209
371210
371211
371212
371213
371214
371215
371216
371218
371219
371220
371221
371222
371223
371224
371225
371226
371227
371228
371229
371230
371231
371232
371233
371234
371401
371403
371412
371413
371715
371730
371735
371736
371737
371833
372234
372255
372443
372457
372588
372624
372630
372646
372784
372785
373035
373058
373126
373133
373193
373195
373320
373321
373322
373371
373372
373373
373398
373403
373404
373405
373406
373407
373408
373409
373410
373411
373412
373413
373414
373415
373416
373506
373507
373508
373513
373601
373603
373604
373605
373607
373608
373610
373628
373859
373861
373862
373996
374003
374078
374160
374404
374405
374406
374407
374408
374411
374413
374414
374416
374421
374422
374423
374436
374437
374438
374439
374441
374442
374443
374448
374467
374507
374526
374527
374778
374842
374900
374901
374987
374988
374997
375003
375009
375032
375034
375039
375040
375048
375056
375057
375192
375198
375354
375355
375358
375359
375360
375425
375457
375546
375547
375592
375593
375595
375598
375603
375605
375607
375608
375610
375611
375613
375614
375615
375616
375617
375620
375621
375625
375626
375629
375631
375632
375633
375635
375638
375639
375640
375641
375721
375725
375732
375733
375741
375753
376147
376148
376188
376193
376612
376615
376616
376721
376722
376744
376745
376758
376820
376848
376849
376850
376852
376853
376854
376900
377461
377462
377463
377609
377610
377611
377612
377613
377622
377627
378124
378127
378129
378130
378131
378132
378133
378141
378143
378146
378147
378153
378154
378155
378157
378158
378159
378160
378161
378264
378383
378506
378507
378547
378549
378809
378830
378831
378833
379081
379329
379427
379432
379434
379444
379445
379453
379501
379529
379728
379729
379730
379740
379741
379744
379746
379747
379748
379753
379756
379757
379758
379891
379892
379963
379964
380045
380135
380136
380137
380138
380139
380140
380141
380143
380144
380145
380160
380178
380186
380191
380197
380210
380212
380213
380216
380217
380218
380219
380220
380222
380223
380252
380281
380282
380283
380284
380285
380286
380287
380293
380294
380296
380297
380298
380299
380301
380302
380305
380307
380308
380309
380328
380329
380330
380331
380332
380333
380334
380335
380337
380339
380340
380341
380342
380343
380344
380346
380347
380348
380349
380350
380351
380389
380390
380432
380433
380434
380435
380436
380438
380440
380442
380465
380484
380598
380620
380621
380624
380669
380676
380793
380798
380800
380802
380807
380814
380815
380817
380819
380821
380822
380823
380825
380826
380827
380828
380829
380830
380833
380834
380837
380840
380841
380842
380846
380848
380849
380851
380852
380853
380854
380855
380858
380860
380861
380865
380866
380867
380871
380872
380901
380905
380916
380919
380920
380921
380922
380925
380927
380928
380930
380938
380940
380943
380945
380946
380949
380950
380960
380964
380969
380979
380982
380983
380985
381000
381296
381330
381511
381512
381513
381515
381516
381517
381518
381520
381531
381534
381543
381638
381707
381899
382262
382265
382266
382267
382271
382273
382275
382278
382280
382282
382359
382642
382650
382651
382653
382654
382685
382726
382728
382781
382785
382787
382789
382794
382797
382811
382814
382818
382819
382822
382827
382832
382833
382834
382835
382837
382838
382839
382842
382843
382844
382845
382846
382847
382848
382851
382852
382855
382856
382857
382859
382994
382995
382996
382997
382998
382999
383000
383001
383003
383006
383007
383012
383013
383014
383015
383016
383018
383020
383025
383026
383027
383028
383035
383036
383037
383042
383044
383046
383048
383050
383051
383052
383053
383054
383056
383058
383059
383061
383063
383065
383066
383069
383071
383073
383076
383082
383089
383090
383095
383098
383100
383110
383116
383118
383119
383122
383125
383129
383133
383136
383137
383144
383145
383150
383154
383155
383159
383161
383163
383172
383173
383175
383176
383180
383181
383183
383184
383187
383190
383194
383195
383199
383200
383201
383206
383215
383216
383217
383222
383224
383232
383234
383241
383244
383248
383252
383256
383260
383266
383273
383277
383278
383280
383281
383283
383284
383288
383295
383303
383304
383306
383308
383309
383311
383313
383314
383315
383317
383318
383319
383320
383321
383322
383530
383531
383533
383534
383535
383537
383538
383539
383540
383541
383546
383547
383548
383549
383550
383551
383552
383553
383555
383557
383559
383560
383561
383562
383563
383565
383568
383569
383570
383571
383573
383575
383576
383577
383579
383580
383581
383582
383583
383586
383588
383589
383596
383598
383599
383602
383603
383604
383864
383865
384357
384359
384478
384479
384481
384482
384483
384484
384485
384486
384487
384489
384492
384493
384495
384496
384497
384498
384499
384500
384501
384502
384503
384504
384505
384506
384508
384509
384510
384511
384512
384513
384514
384516
384518
384519
384520
384525
384527
384528
384529
384599
384600
384601
384614
384619
384625
384642
384848
385048
385216
385217
385218
385220
385221
385534
385577
385580
385582
385583
385584
385585
385586
385587
385589
385590
385592
385593
385595
385597
385599
385602
385603
385605
385606
385607
385608
385609
385610
385611
385612
385617
385620
385621
385624
385625
385626
385627
385629
385630
385632
385633
385634
385635
385636
385637
385638
385640
385642
385644
385645
385646
385680
385684
385685
385687
385688
385693
385695
385697
385698
385699
385704
385705
385708
385710
385717
385720
385722
385725
385727
385731
385736
385738
385742
385982
385996
386009
386020
386029
386312
386586
386630
386708
386735
386737
386742
386792
386793
387139
387141
387143
387146
387147
387148
387153
387154
387159
387160
387163
387164
387165
387169
387171
387172
387174
387175
387176
387182
387189
387191
387193
387194
387197
387198
387199
387200
387201
387202
387203
387204
387205
387207
387208
387215
387216
387218
387222
387223
387224
387226
387227
387228
387230
387231
387233
387234
387235
387240
387243
387244
387245
387246
387247
387248
387250
387251
387252
387253
387254
387255
387256
387259
387262
387264
387308
387309
387312
387318
387423
387905
387907
387908
387909
387910
388038
388039
388040
388067
388328
388452
388464
388536
388537
388538
388539
388737
388738
388795
388909
389126
389135
389143
389145
389147
389160
389162
389164
389165
389166
389167
389214
389221
389229
389230
389237
389241
389246
389252
389254
389255
389256
389388
389390
389393
389449
389458
389469
389481
389482
389484
389485
390143
390152
390153
390154
390155
390157
390160
390163
390168
390169
390171
390172
390173
390176
390180
390182
390183
390184
390190
390193
390194
390197
390198
390200
390201
390202
390203
390209
390212
390216
390219
390221
390222
390225
390227
390237
390436
390437
390438
390439
390440
390441
390442
390443
390444
390720
390844
390845
390849
390987
391006
391090
391228
391337
391355
391618
391640
391646
391647
391897
391954
391955
391999
392000
392001
392172
392174
392298
392503
392504
392505
392512
392517
392522
392749
392750
392751
392753
392756
392761
392791
392797
392799
392803
392804
392805
392809
392810
393034
393045
393046
393049
393052
393053
393058
393174
393175
393177
393178
393179
393485
393551
393555
393559
393560
393561
393562
393590
393598
393599
393603
393616
393625
393767
393768
393882
393896
393899
393902
394036
394077
394187
394222
394224
394226
394238
394239
394311
394312
394313
394315
394316
394319
394320
394321
394325
394329
394332
394333
394337
394778
394779
394781
394783
394784
394788
394793
395338
395339
395349
395593
395841
395842
395884
396034
396359
396902
396908
396909
397104
397106
397107
397342
397353
397367
397368
397369
397458
397542
397543
397544
397545
397546
397547
397549
397550
397695
397725
397730
398032
398033
398066
398296
398316
398317
398319
398320
398322
398324
398325
398328
398581
398722
398800
398808
398809
398810
398811
398812
398815
398839
399114
399121
399122
399125
399183
399185
399314
399383
399384
399387
399394
399494
399501
399502
399781
399784
399785
400029
400034
400121
400122
400124
400251
400256
400257
400260
400262
400264
400270
400271
400277
400279
400280
400282
400284
400291
400292
400293
400295
400297
400300
400301
400302
400304
400307
400308
400309
400311
400312
400326
400327
400337
400338
400340
400344
400347
400364
400369
400376
400379
400394
400395
400396
400567
400733
400734
400735
400739
400740
400742
400788
400790
400792
400794
400796
400799
400803
400809
400811
400813
400828
400834
400835
401016
401019
401025
401026
401030
401031
401037
401039
401040
401078
401080
401081
401082
401083
401084
401085
401086
401091
401093
401096
401099
401100
401101
401102
401341
401354
401356
401365
401368
401371
401372
401375
401396
401397
401407
401409
401414
401483
401485
401518
401566
401567
401627
401666
401667
401668
402052
402055
402172
402179
402207
402370
402372
402399
402434
402436
402438
402440
402441
402445
402447
402448
402454
402455
402456
402457
402458
402460
402461
402463
402464
402465
402469
402470
402471
402473
402474
402475
402476
402477
402478
402480
402481
402484
402485
402488
402489
402492
402493
402494
402495
402496
402499
402500
402501
402502
402503
402504
402506
402507
402509
402510
402511
402514
402515
402517
402519
402523
402526
402527
402529
402530
402531
402534
402535
402536
402537
402541
402584
402585
402586
402802
402875
402905
402967
402975
402979
403055
403248
403257
403261
403264
403314
403325
403326
403328
403340
403378
403403
403407
403410
403432
403451
403452
403698
403897
403905
404135
404136
404137
404138
404139
404140
404146
404147
404148
404149
404150
404151
404152
404153
404154
404155
404157
404158
404159
404161
404162
404163
404164
404165
404166
404167
404168
404169
404170
404171
404172
404173
404174
404175
404176
404177
404178
404179
404180
404181
404182
404183
404184
404185
404186
404187
404188
404189
404190
404191
404193
404194
404196
404237
404238
404404
404408
404428
404768
404915
404917
404924
404926
404927
404979
405050
405062
405065
405066
405098
405358
405547
405554
405558
405947
406088
406269
406336
406337
406339
406340
406598
406599
406790
406791
406853
406856
406857
406858
406859
406861
406862
406864
406865
406868
406869
406871
406872
406873
406874
406875
406876
406877
406878
406879
406880
406881
406882
406883
406884
406885
406886
406887
406888
406889
407054
407055
407101
407102
407203
407204
407205
407254
407257
407261
407392
407394
407399
407405
407406
407407
407408
407410
407411
407416
407419
407424
407431
407432
407433
407436
407440
407447
407448
407449
407452
407455
407466
407475
407478
407479
407481
407487
407489
407491
407496
407497
407500
407504
407506
407508
407515
407518
407523
407528
407531
407532
407533
407534
407540
407544
407548
407553
407555
407564
407565
407569
407577
407586
407587
407588
407595
407618
407627
407636
407644
407645
407649
407662
407663
407667
407672
407673
407681
407682
407684
407697
407708
407715
407723
407727
407729
407734
407738
407742
407743
407747
407762
407773
407774
407778
407779
407788
407789
407790
407798
407802
407832
407834
407836
407837
407843
407967
407968
407969
408092
408136
408165
408167
408205
408206
408598
408599
408681
408695
408698
408700
408703
408707
408711
408712
408714
408716
408719
408882
408883
408884
408885
408888
408890
408891
408893
408899
408901
408904
408906
408907
408909
408912
408913
408914
408915
408917
408919
408920
408924
408926
408929
408930
408931
408932
408935
408936
408937
408938
408939
408940
408946
408948
408950
408951
409015
409287
409486
409869
409879
409881
409931
409943
410071
410078
410233
410235
410236
410237
410239
410240
410243
410245
410246
410249
410603
410826
411152
411157
411158
411159
411160
411163
411168
411173
411174
411179
411180
411181
411182
411183
411184
411185
411187
411192
411193
411194
411195
411201
411209
411210
411248
411321
411322
411323
411324
411325
411330
411335
411341
411344
411347
411349
411351
411491
411492
411493
411494
411495
411496
411497
411498
411499
411500
411645
411646
411658
411854
411855
412097
412150
412403
412404
412464
412466
412468
412620
412688
412969
413066
413073
413074
413075
413255
413256
413257
413258
413259
413405
413684
413710
413715
413716
413941
413942
413970
414044
414090
414092
414093
414094
414095
414096
414097
414098
414101
414102
414103
414104
414105
414107
414115
414116
414241
414361
414453
414526
414528
414670
414970
415106
415118
415130
415135
415166
415167
415168
415169
415173
415174
415175
415177
415313
415316
415317
415360
415365
415370
415372
415375
415377
415378
415382
415602
415688
415695
415853
415937
415939
415987
415988
416034
416035
416039
416145
416161
416277
416367
416419
416557
416558
416571
416614
416642
416643
416645
416648
416649
416650
416651
416652
416653
416656
416659
416660
416661
416663
416664
416665
416669
416670
416672
416673
416674
416675
416678
416679
416680
416681
416682
416683
416684
416685
416686
416687
416688
416689
416693
416694
416695
416696
416698
416699
416700
416701
416702
416704
416706
416707
416708
416713
416717
416718
416720
416727
416728
416729
416730
416732
416733
416734
416735
416736
416737
416738
416739
416742
416743
416744
416745
416746
416750
416755
416756
416757
416759
416762
416767
416768
416769
416770
416771
416772
416773
416774
416775
416777
416780
416783
416784
416785
416786
416787
416790
416793
416795
416796
416798
416799
416802
417189
417192
417194
417280
417285
417287
417288
417296
417297
417301
417312
417747
417748
417753
417755
417756
417757
417758
417759
417760
417761
417763
417765
417766
417767
417768
417770
417771
417773
417774
417775
417776
417777
417778
417779
417780
417781
417783
417784
417786
417787
417788
417789
417790
417793
417796
417797
417799
417800
417801
417803
417811
417812
417813
417814
417816
417817
417818
417853
417865
417867
417890
417895
417993
418143
418385
418387
418391
418392
418399
418400
418426
418427
418429
418431
418443
418446
418448
418523
418827
418835
418837
418841
418842
418976
419423
419435
419438
419587
419697
419782
419953
419954
419955
420114
420115
420116
420117
420119
420152
420252
420253
420254
420255
420682
420683
420684
420853
421007
421010
421012
421013
421472
421474
421742
421748
421750
421878
421901
421949
421951
421952
421953
421956
421957
421958
421960
421961
421967
421968
421969
421971
421972
421973
421974
421975
421976
422060
422134
422137
422214
422216
422217
422218
422220
422386
423079
423081
423085
423091
423093
423100
423342
423358
423447
423476
423569
423571
423572
423573
423574
423575
423576
423581
423583
423586
423587
423592
423595
423600
424361
424362
424364
424365
424367
424368
424369
424370
424371
424374
424376
424382
424679
424716
424892
424893
424894
424898
424924
424944
424947
424949
425009
425010
425088
425182
425188
425189
425244
425279
425303
425386
425521
425522
425523
425524
425525
425527
425528
425529
425530
425532
425533
425534
425541
425548
425549
425550
425551
425552
425554
425555
425557
425558
425562
425563
425566
425567
425569
425570
425572
425573
425574
425575
425577
425579
425580
425584
425587
425588
425589
425590
425675
426262
426419
426466
426469
426471
426472
426476
426735
426736
426738
426739
426740
426784
426786
426787
426789
426790
426791
427315
427316
427343
427528
427529
427533
427534
427537
427748
427749
427773
427826
427875
427882
428111
428114
428323
428472
428483
428667
428668
428674
428675
428692
428944
428945
428947
429130
429312
429313
429321
429322
429329
429331
429563
429564
429743
430059
430150
430173
430278
430349
430395
430427
430428
430433
430434
430439
430490
430511
430595
430596
430597
430602
430654
430663
430710
430726
430727
430730
430731
430733
430737
430738
430743
430796
430911
431037
431038
431317
431320
431594
431615
431616
431617
431619
431622
431623
431626
431627
431630
431632
431842
431845
431847
431851
431853
431854
431855
431857
431858
431860
431868
431869
431872
431873
431877
431879
431880
431891
431892
431893
431894
431915
431918
431921
431923
431926
431927
431994
431996
432000
432066
432070
432071
432073
432076
432078
432089
432183
432197
432198
432200
432201
432261
432358
432363
432367
432370
432371
432552
432554
432587
433356
433357
433426
433427
433428
433429
433430
433431
433432
433433
433437
433439
433440
433441
433442
433462
433499
433591
433593
433730
433731
433732
433832
434026
434028
434066
434068
434070
434192
434193
434195
434196
434308
434309
434335
434337
434338
434339
434343
434344
434346
434491
434604
434605
434607
434611
434613
434614
434615
434913
434914
434945
434951
434981
434982
434999
435275
435357
435358
435359
435486
435487
435488
435489
435646
435895
435948
435949
435950
435952
436004
436007
436014
436066
436077
436110
436241
436242
436243
436249
436253
436254
436289
436447
436672
436674
436675
436902
436911
437061
437062
437063
437324
437326
437329
437340
437341
437343
437344
437349
437350
437351
437353
437356
437358
437359
437362
437363
437364
437366
437368
437369
437370
437374
437375
437378
437382
437383
437384
437390
437391
437394
437395
437396
437398
437399
437400
437401
437402
437404
437405
437409
437414
437416
437420
437421
437426
437427
437429
437431
437432
437433
437435
437442
437444
437470
437605
437606
437607
437817
437818
437826
437877
438045
438047
438054
438061
438082
438084
438089
438104
438105
438107
438109
438110
438115
438116
438180
438185
438221
438226
438245
438254
438256
438260
438273
438275
438282
438289
438294
438311
438322
438482
438516
438765
438780
438782
438788
438789
438798
438800
438809
438811
438812
438816
438819
438820
438821
438822
438828
438829
438832
438880
438881
438886
438890
438904
438947
438948
438974
439015
439016
439195
439202
439218
439420
439421
439422
439423
439424
439425
439426
439427
439488
439490
439491
439576
439577
439578
439583
439614
439615
439616
439805
439809
439860
439957
439961
440081
440250
440266
440392
440393
440395
440407
440423
440431
440440
440441
440442
440459
440469
440471
440481
440500
440501
440591
441562
441563
441565
441566
441568
441570
441571
441572
441573
441574
441575
441576
441577
441579
441580
441581
441583
441585
441586
441587
441588
441589
441591
441592
441594
441596
441597
441962
441976
441977
441984
441985
441999
442299
442300
442301
442302
442303
442304
442305
442306
442307
442308
442401
442402
442405
442406
442407
442409
442410
442412
442413
442492
442493
442494
442531
442532
442533
442534
442535
442537
442538
442539
442540
442541
442542
442543
442544
442545
442546
442547
442549
442550
442552
442553
442554
442555
442558
442559
442670
442690
442691
442712
442713
442736
442741
442742
442743
442744
442745
442746
442747
442748
442749
442750
442751
442752
442753
442754
442755
442756
442757
442758
442759
442760
442761
442762
442763
442764
442765
442767
442768
442769
442770
442771
442772
442773
442774
442775
442776
442777
442778
442780
442781
442782
442783
442785
442786
442787
442788
442789
442790
442791
442794
442795
442796
442797
442798
442799
442800
442801
442803
442804
442806
442807
442809
442810
442811
442812
442813
442814
442815
442816
442851
442857
442859
442942
442957
442958
442966
443179
443180
443220
443221
443627
443746
443876
443878
443948
443949
443950
443958
443959
443960
443961
443962
443965
443974
443975
443976
443978
443980
443981
443982
443984
443985
443987
443991
443994
443995
443996
443998
443999
444000
444001
444002
444004
444005
444006
444007
444008
444009
444010
444011
444012
444014
444015
444016
444017
444018
444021
444022
444025
444026
444027
444029
444030
444031
444032
444033
444035
444037
444038
444040
444042
444043
444046
444047
444048
444049
444050
444115
444116
444120
444122
444123
444125
444127
444129
444130
444133
444180
444184
444185
444193
444311
444312
444313
444314
444317
444318
444319
444321
444322
444325
444346
444352
444377
444473
444474
444501
444510
444664
444665
444666
444672
444673
444675
444677
444679
444680
444685
444691
444693
444783
444786
444787
444793
444803
444804
444805
444807
444808
444809
444813
444817
444823
444824
444829
444830
444833
444834
444835
444837
444839
444840
444859
444860
444861
444862
444875
444876
444878
445027
445217
445218
445227
445256
445368
445370
445376
445381
445382
445383
445384
445387
445435
445515
445516
445517
445683
445684
445685
445686
445688
445692
445693
445696
445700
445788
445789
445929
446023
446034
446132
446138
446529
446548
446549
446568
446569
446766
446769
446770
446807
447023
447133
447173
447174
447176
447177
447179
447181
447182
447188
447189
447192
447195
447196
447365
447527
447597
447598
447599
447600
447601
447602
447603
447604
447605
447606
447798
447799
447802
447807
447808
447809
447810
447885
447897
447909
448066
448086
448170
448375
448376
448377
448378
448379
448384
449133
449134
449135
449136
449137
449138
449139
449140
449141
449142
449277
449278
449279
449280
449400
449582
449655
449656
449720
449721
449992
449993
450015
450159
450161
450162
450209
450214
450278
450605
450633
451127
451128
451129
451344
451381
451705
451767
451802
452110
452114
452115
452464
452465
452469
452475
452491
452512
452516
452647
452648
452649
452660
452661
452663
452664
452665
452666
452667
452668
452669
452758
453050
453139
453140
453177
453179
453226
453451
453456
453460
453461
453469
453497
453544
453614
453615
453856
453880
453881
453882
453884
453885
453887
453893
453894
453898
453900
454121
454123
454128
454129
454143
454376
454377
454389
454409
454447
454448
454449
454450
454453
454454
454456
454459
454587
454589
454591
454757
454798
454951
454952
454953
454955
455318
455363
455364
455365
455367
455370
455456
455457
455459
455460
455462
455464
455465
455467
455649
455834
455837
455838
455840
455841
455842
455843
455844
455846
455848
455849
455850
455852
455853
455860
455861
455870
455872
455873
455874
455876
455877
455879
455882
455884
455890
455895
455896
455899
455902
455911
455913
455916
455917
455918
455919
455935
455940
455941
455943
455944
455945
455946
455953
455955
455956
455958
455959
455963
455965
455968
455971
455972
455974
455976
455979
455981
455982
455986
455987
455993
455994
456002
456003
456007
456010
456014
456015
456018
456020
456021
456024
456025
456026
456027
456029
456031
456039
456042
456043
456045
456047
456048
456049
456052
456053
456066
456067
456069
456071
456073
456078
456079
456080
456081
456082
456084
456085
456087
456089
456090
456091
456093
456094
456096
456097
456100
456103
456110
456112
456115
456118
456123
456124
456126
456130
456133
456134
456135
456137
456139
456142
456143
456144
456145
456146
456148
456149
456150
456155
456162
456170
456171
456183
456184
456189
456204
456206
456207
456208
456216
456218
456219
456226
456235
456243
456254
456258
456269
456270
456274
456277
456278
456281
456285
456286
456287
456288
456289
456290
456293
456294
456295
456296
456390
456491
456502
456524
456532
456533
456534
456535
456536
456537
456538
456539
456540
456541
456542
456543
456545
456546
456548
456549
456551
456554
456556
456557
456561
456562
456564
456570
456571
456572
456573
456574
456576
456577
456579
456580
456585
456586
456590
456591
456592
456593
456594
456596
456597
456598
456601
456602
456605
456606
456607
456608
456611
456612
456613
456614
456615
456616
456617
456618
456619
456621
456622
456623
456624
456625
456627
456628
456629
456630
456632
456633
456634
456635
456636
456638
456639
456640
456641
456643
456645
456647
456649
456651
456652
456653
456654
456657
456660
456662
456664
456668
456670
456674
456676
456677
456678
456680
456683
456684
456688
456690
456691
456692
456693
456695
456696
456697
456699
456703
456704
456705
456706
456707
456709
456710
456711
456713
456714
456715
456716
456717
456719
456720
456721
456722
456723
456724
456725
456726
456728
456730
456731
456732
456733
456734
456735
456736
456739
456740
456743
456744
456745
456747
456748
456749
456750
456751
456754
456755
456757
456758
456759
456760
456763
456765
456766
456767
456768
456769
456770
456771
456772
456773
456777
456780
456781
456785
456786
456787
456789
456792
456793
456794
456796
456798
456799
456800
456801
456802
456803
456804
456805
456806
456808
456809
456810
456812
456814
456815
456816
456817
456831
456832
456833
456883
456884
457007
457286
457382
457455
457457
457458
457459
457463
457465
457466
457467
457468
457469
457471
457474
457561
457997
457998
458000
458001
458002
458003
458004
458006
458012
458013
458014
458015
458016
458018
458019
458020
458021
458022
458023
458025
458105
458132
458267
458269
458276
458284
458286
458429
458434
458435
458441
458447
458457
458476
458626
458630
458631
458639
458671
458672
458674
458677
458679
458680
458681
458682
459064
459290
459291
459305
459307
459308
459310
459313
459770
459777
459779
459782
459845
459949
459957
460364
460676
460861
460926
460946
461126
461261
461264
461290
461295
461296
461306
461309
461322
461347
461357
461360
461711
461735
461737
461739
461751
461755
461760
461830
461883
461890
461894
461921
461923
461932
461936
461947
461948
461952
461974
462037
462038
462040
462043
462050
462065
462066
462072
462082
462084
462100
462104
462106
462111
462119
462121
462132
462137
462161
462166
462296
462297
462298
462299
462344
462345
462348
462590
462694
462706
462712
462713
462729
462730
462731
462818
463045
463281
463282
463287
463360
463375
463376
463377
463378
463379
463380
463381
463382
463383
463385
463386
463387
463389
463390
463391
463392
463653
463676
463697
463708
463709
463710
463712
463713
463714
463715
463716
463717
463718
463719
463720
463721
463722
463723
463724
463725
463726
463727
463728
463729
463824
464033
464095
464314
464315
464406
464409
464416
464417
464419
464425
464426
464433
464439
464447
464448
464449
464450
464451
464457
464460
464466
464479
464480
464503
464505
464506
464508
464510
464514
464515
464518
464521
464522
464525
464526
464529
464530
464532
464533
464539
464540
464544
464558
464569
464572
464573
464576
464591
464593
464596
464602
464606
464619
464621
464623
464624
464869
464925
464935
464936
464939
464940
464941
464979
464980
464983
464984
464985
464986
465364
465447
465870
465873
465876
465882
465883
465914
465916
465917
465918
465920
465921
465928
465934
465935
465936
465937
465947
465955
465957
465958
465959
465961
465963
465965
465971
465975
465980
466051
466052
466143
466144
466196
466215
466216
466217
466230
466232
466235
466246
466252
466253
466254
466278
466284
466286
466307
466309
466319
466348
466360
466376
466392
466406
466437
466446
466449
466454
466456
466458
466465
466468
466470
467101
467106
467108
467110
467114
467116
467144
467337
467338
467339
467352
467353
467354
467481
467758
467761
467763
467766
467770
467771
467989
468394
468414
468415
468442
468605
468606
468609
468611
468612
468928
468949
468951
468955
468957
468960
468968
468972
469031
469059
469094
469167
469173
469476
469643
469645
469646
469660
469959
469961
469964
470166
470213
470214
470314
470317
470547
470556
470865
470916
470918
470919
471094
471095
471155
471181
471182
471183
471184
471185
471186
471285
471358
471359
471451
471452
471455
471458
471459
471476
471491
471498
471717
471721
471723
471728
471851
471894
471911
471927
471937
471967
472026
472027
472028
472505
472507
472508
472520
472521
472586
472589
472594
472606
472618
472628
472649
472992
473003
473006
473015
473539
473541
473588
473783
473784
474453
474454
475026
475029
475033
475037
475178
475235
475454
475461
475462
475463
475464
475466
475467
475472
475473
475474
475475
475477
475481
475483
475485
475486
475487
475488
475489
475490
475491
475494
475495
475497
475498
475499
475501
475506
475509
475510
475512
475516
475518
475521
475525
475527
475531
475541
475543
475550
475551
475555
475559
475560
475562
475564
475568
475572
475573
475580
475584
475588
475592
475593
475594
475601
475602
475627
475777
475861
475878
475879
476204
476258
476261
476262
476263
476264
476294
476296
476298
476299
476302
476304
476307
476316
476320
476329
476334
476336
476359
476367
476378
476403
476411
476523
476591
476593
476599
476603
476605
476612
476615
476617
476622
476624
476625
476626
476629
476630
476632
476633
476638
476640
476641
476648
476650
476651
477572
477967
478045
478052
478057
478083
478084
478085
478086
478087
478089
478091
478514
478517
478550
478577
478812
478825
478845
478846
478852
478853
478995
478996
478997
478999
479000
479001
479002
479003
479004
479013
479014
479015
479016
479025
479029
479030
479035
479037
479038
479040
479041
479042
479044
479045
479050
479052
479053
479055
479057
479058
479060
479065
479068
479069
479073
479074
479144
479146
479166
479167
479169
479237
479240
479341
479713
479727
479952
479959
479960
479962
479963
479964
479965
479966
479967
479985
479988
479990
479993
479997
479998
480002
480003
480005
480010
480013
480379
480410
480522
480696
480697
480698
480700
480701
480702
480808
481147
481311
481315
481316
481465
481492
481493
481494
481495
481498
481502
481507
481508
481510
481511
481512
481515
481517
481608
481628
481716
481717
481796
481801
481851
481855
481856
481857
481865
481874
481886
481887
481904
482024
482026
482029
482036
482039
482048
482049
482053
482161
482239
482326
482327
482329
482503
482544
482554
482623
482626
482822
482917
483045
483046
483265
483266
483267
483273
483277
483278
483415
483499
483537
483756
483783
483784
484706
484735
484894
484895
484896
485241
485242
485243
485362
485388
485580
485588
485714
485719
485720
485721
485722
485724
486176
486489
486494
486627
486628
486629
486630
486649
486809
486898
487050
487071
487072
487073
487074
487075
487077
487078
487079
487085
487097
487098
487102
487152
487155
487212
487311
487323
487324
487329
487333
487335
487336
487337
487339
487492
487493
487494
487496
487497
487499
487502
487503
488063
488096
488106
488183
488225
488226
488229
488231
488232
488234
488235
488236
488237
488238
488239
488240
488241
488255
488317
488333
488334
488516
488638
488858
488880
488883
488884
488886
488887
488888
488889
488890
489122
489258
489282
489450
489451
489455
489460
489779
489821
489822
489828
489830
489926
489927
490025
490028
490029
490031
490033
490035
490036
490037
490038
490039
490041
490042
490043
490044
490103
490110
490111
490297
490298
490299
490389
490395
490399
490401
490403
490419
490423
490427
490434
490440
490454
490455
490456
490457
490465
490466
490468
490469
490471
490473
490474
490476
490477
490478
490486
490584
490632
490711
490877
490878
490892
490894
490912
490913
491003
491144
491223
491228
491230
491232
491235
491240
491241
491242
491244
491246
491252
491893
491924
492113
492114
492115
492116
492117
492118
492119
492120
492121
492502
492506
492507
492508
492511
493779
493797
493802
493803
493827
493847
493906
494060
494269
494452
494472
494475
494477
494487
494507
494651
494652
495296
495301
495302
495310
496015
496016
496018
496019
496020
496021
496022
496023
496024
496027
496028
496031
496034
496036
496037
496038
496040
496041
496042
496045
496047
496048
496050
496396
496407
496427
496526
496527
496528
496550
496733
496735
496736
496737
496739
496740
496741
496743
496745
496748
496750
496753
496755
496756
496757
496760
496761
496762
496763
496764
496765
496766
496767
496769
496770
496771
496774
496776
496778
496780
496783
496785
496787
496789
496790
496791
496792
496793
496794
496795
496796
496797
496800
496801
496802
496803
496804
496807
496835
496836
496865
496874
497136
497344
497347
497348
497350
497351
497354
497356
497359
497360
497363
497364
497365
497366
497367
497368
497370
497372
497373
497375
497376
497377
497378
497380
497402
497435
497437
497438
497440
497442
497455
497458
497470
497472
497478
497508
497712
497714
497715
497716
497810
497862
497863
497865
497937
497940
497943
497945
497951
497961
497970
497971
498207
498337
498339
498340
498344
498345
498347
498348
498356
498715
498803
498805
499033
499036
499038
499040
499042
499043
499045
499048
499050
499055
499088
499191
499193
499235
499237
499239
499246
499250
499259
499261
499275
499277
499283
499285
499289
499294
499299
499302
499305
499306
499308
499309
499311
499313
499322
499329
499331
499340
499341
499346
499350
499352
499361
499362
499370
499371
499381
499388
499394
499398
499399
499411
499426
499427
499428
499433
499448
499452
499453
499454
499455
499462
499475
499478
499493
499500
499503
499506
499572
499607
499612
499613
499854
499878
499880
499882
499886
499887
499889
499891
499955
500026
500029
500032
500033
500034
500036
500044
500051
500053
500064
500065
500066
500068
500072
500073
500077
500078
500080
500081
500085
500089
500113
500116
500117
500118
500119
500120
500122
500124
500130
500139
500324
500382
500383
500385
500467
500654
500657
500660
500661
500662
500663
500664
500665
500669
500670
500671
500672
500674
500676
500677
500678
500679
500680
500681
500682
500683
500684
500685
500687
500688
500690
500692
500693
500694
500699
500700
500701
500887
500915
500940
500945
500948
501251
501327
501328
501491
502055
502056
502057
502078
502079
502080
502100
502102
502104
502105
502106
502107
502177
502256
502564
502566
502571
502592
502748
502858
502866
502871
502956
503197
503207
503209
503212
503216
503234
503241
503249
503251
503252
503253
503254
503255
503256
503257
503258
503259
503261
503263
503265
503267
503268
503270
503273
503276
503277
503279
503280
503282
503283
503284
503285
503287
503288
503291
503292
503293
503294
503297
503304
503308
503311
503316
503317
503318
503320
503324
503325
503326
503329
503333
503336
503337
503338
503339
503341
503388
503398
503401
503403
503404
503407
503457
503755
503756
503763
503764
503765
503778
503780
503793
503797
504346
504455
504501
504502
504530
504545
504553
504668
504673
504675
504681
504682
504683
504697
504698
504714
504716
504723
504724
504734
504735
504737
504738
504739
504742
504808
504857
504904
504905
504910
504911
504912
504914
504928
504932
504933
504940
504942
504945
504946
504947
504950
504954
504956
504957
504960
504963
504972
504973
504976
504977
504983
504988
504993
504999
505001
505006
505008
505011
505012
505014
505016
505017
505020
505026
505027
505029
505031
505033
505035
505038
505044
505045
505047
505048
505052
505053
505056
505059
505061
505069
505073
505076
505077
505078
505079
505084
505091
505099
505100
505109
505114
505116
505118
505119
505121
505122
505130
505135
505139
505140
505141
505142
505144
505148
505150
505151
505152
505154
505155
505159
505161
505163
505164
505166
505169
505174
505176
505178
505181
505184
505185
505186
505187
505204
505205
505206
505207
505211
505212
505213
505220
505226
505227
505228
505229
505230
505231
505274
505291
505292
505490
505493
505494
505500
505504
505505
505506
505511
505524
505547
505554
505562
505564
505568
505570
505575
505577
505583
505597
505599
505624
505628
505631
505635
505639
505668
505670
506037
506038
