1104916
1104917
1104985
1104989
1104992
1104993
1105008
1105018
1105028
1105033
1105057
1105165
1105171
1105172
1105173
1105286
1105327
1105376
1105378
1105379
1105380
1105381
1105383
1105384
1105385
1105386
1107325
1107327
1107328
1107330
1107331
1107335
1107336
1107337
1107953
1107954
1107955
1107956
1107959
1108070
1108495
1108810
1108814
1108816
1108817
1108819
1108820
1108821
1108824
1108827
1108865
1108925
1108926
1108927
1108949
1109105
1109106
1109107
1109404
1109710
1109711
1109712
1109713
1109714
1109715
1109716
1109717
1109721
1109732
1110438
1110443
1110514
1110515
1110516
1110517
1110520
1110526
1110528
1110529
1110530
1110702
1110703
1110704
1110710
1110713
1110714
1111160
1111543
1111552
1111560
1111567
1111575
1111583
1111589
1111592
1111598
1111606
1111610
1111611
1111619
1111622
1111634
1111649
1111709
1111710
1111816
1111817
1111820
1111825
1111849
1111868
1111988
1112008
1112202
1112326
1112328
1112329
1112332
1112339
1112578
1112591
1112594
1112597
1112600
1112602
1112606
1112608
1112611
1112629
1112630
1112635
1112640
1112642
1112649
1112655
1112656
1112657
1112658
1112659
1112660
1112661
1112663
1112664
1112665
1112670
1112676
1112677
1112679
1112680
1112683
1112684
1112686
1112689
1112690
1112692
1112693
1112697
1112699
1112700
1112769
1112770
1112859
1113535
1113547
1114179
1114182
1114183
1114214
1114215
1114270
1114274
1114276
1114280
1114283
1114618
1114659
1114942
1115105
1115110
1115112
1115114
1115115
1115116
1115118
1115119
1115120
1115123
1115124
1115125
1115126
1115127
1115128
1115130
1115200
1115227
1115250
1115261
1115272
1115276
1115280
1115287
1115291
1115297
1115304
1115324
1115341
1115344
1115478
1115653
1115692
1115693
1115696
1115845
1115886
1116241
1116242
1116482
1116809
1116811
1116822
1116846
1116849
1116850
1117045
1117048
1117049
1117050
1117130
1117131
1117132
1117183
1117188
1117190
1117192
1117195
1117197
1117198
1117201
1117202
1117204
1117207
1117208
1117210
1117224
1117225
1117228
1117231
1117235
1117239
1117241
1117243
1117470
1117518
1117520
1117523
1117544
1117551
1117600
1117633
1117734
1117737
1117738
1117739
1117740
1117741
1117742
1117745
1117746
1117749
1117750
1117752
1117753
1117755
1117756
1117760
1117763
1117767
1117768
1117770
1117771
1117772
1117773
1117776
1117777
1117778
1117779
1117783
1117786
1117787
1117791
1117792
1117794
1117795
1117797
1117798
1117799
1117802
1118018
1118036
1118037
1118040
1118063
1118064
1118205
1118207
1118208
1118369
1118486
1118488
1118493
1118892
1118894
1118985
1118986
1118987
1118991
1118992
1118994
1118995
1120751
1120765
1120767
1122275
1122277
1122279
1123754
1123947
1123958
1123959
1123963
1123964
1124577
1124578
1124653
1124654
1124655
1124795
1124849
1125438
1125439
1125440
1125442
1125443
1125444
1125584
1125653
1125677
1125764
1125810
1125813
1125818
1125844
1126247
1126250
1126254
1126383
1126384
1126385
1126386
1126885
1126949
1126950
1126951
1127357
1127365
1127476
1127491
1127492
1127514
1127515
1127516
1127518
1127767
1127768
1127823
1128027
1128071
1128072
1128073
1128117
1128118
1128119
1128120
1128121
1128131
1128135
1128137
1128138
1128140
1128141
1128143
1128146
1128151
1128422
1128423
1128424
1128647
1128741
1129000
1129032
1129033
1129034
1129035
1129145
1129146
1129147
1129191
1129192
1129194
1129344
1129345
1129347
1129826
1129831
1129862
1129873
1129880
1129883
1129884
1130823
1130831
1130861
1130862
1130981
1131029
1131040
1131256
1131262
1131315
1131316
1131317
1131334
1131386
1131391
1131393
1131395
1131416
1131483
1131485
1131590
1131592
1131594
1131595
1131622
1131623
1131699
1131700
1131701
1131702
1131862
1131879
1131880
1131881
1132026
1132364
1132365
1132582
1132621
1132622
1132624
1132625
1132843
1132845
1132847
1132848
1132915
1132916
1132918
1132919
1132920
1132923
1132924
1132925
1132933
1132935
1132946
1132950
1132960
1132962
1132963
1132964
1132965
1132976
1133022
1133025
1133031
1133032
1133122
1133251
1133292
1133293
1133354
1133355
1133358
1133360
1133361
1133363
1133557
1133560
1133653
1133699
1133726
1133727
1133728
1133751
1133941
1133948
1133954
1133957
1133960
1133962
1133963
1133973
1133974
1134038
1134340
1134396
1134397
1134398
1134400
1134411
1134579
1134582
1134583
1134586
1134587
1134588
1134590
1134607
1134619
1134622
1134640
1134641
1134642
1134644
1134665
1135256
1135257
1135258
1135259
1135261
1135262
1135263
1135278
1135301
1135308
1135313
1135541
1135609
1135615
1135623
1135632
1135642
1135655
1135658
1135667
1135708
1135731
1135762
1135824
1135858
1136024
1136025
1136027
1136048
1136060
1136061
1136133
1136260
1136299
1136301
1136311
1136315
1136316
1136321
1136324
1136456
1136459
1136533
1136534
1136535
1136731
1136878
1137452
1137744
1137745
1137746
1137801
1137931
1138483
1138484
1138485
1138486
1138487
1138488
1138489
1138490
1138844
1140149
1140152
1140153
1140160
1140177
1140191
1140194
1140195
1140196
1140202
1140207
1140222
1140225
1140227
1140237
1140258
1140260
1140261
1140267
1140268
1140270
1140275
1140277
1140285
1140286
1140291
1140294
1140297
1140298
1140304
1140320
1140329
1140338
1140339
1140344
1140345
1140347
1140351
1140354
1140357
1140361
1140365
1141132
1141133
1141134
1141135
1141136
1141137
1141138
1141139
1141140
1141141
1141241
1141274
1141285
1141296
1141300
1141309
1141371
1141372
1141491
1141494
1141495
1141519
1141525
1141526
1141563
1141564
1141582
1141583
1141624
1141625
1141706
1141720
1141721
1141724
1141726
1141727
1141754
1141919
1142451
1142452
1142453
1142454
1143142
1143396
1143475
1143531
1143580
1143586
1143594
1143600
1143641
1143645
1143646
1143654
1143697
1143701
1143702
1143709
1143712
1143713
1143714
1143716
1143717
1143742
1143750
1143762
1143784
1143786
1143808
1143810
1143819
1143835
1143856
1143864
1143868
1143882
1143911
1143913
1143919
1143929
1143932
1143939
1143974
1143979
1143983
1144016
1144019
1144029
1144036
1144038
1144049
1144057
1144065
1144067
1144070
1144078
1144093
1144120
1144128
1144130
1144145
1144159
1144160
1144168
1144182
1144187
1144189
1144239
1144263
1144267
1144274
1144284
1144295
1144379
1144380
1144381
1144382
1144383
1144721
1144723
1144724
1144727
1144728
1144729
1144736
1144737
1144906
1145081
1145082
1145238
1145295
1146848
1146857
1146872
1146873
1146875
1146876
1146877
1146935
1146936
1147042
1147043
1147044
1147094
1147126
1147137
1147139
1147140
1147141
1147142
1147143
1147144
1147145
1147147
1147148
1147149
1147150
1147151
1147152
1147153
1147154
1147155
1147156
1147157
1147158
1147160
1147458
1147461
1147468
1147496
1147499
1147512
1147513
1147514
1147515
1147524
1147545
1147557
1147565
1147589
1147593
1147600
1147603
1147622
1147625
1147630
1147636
1147711
1147713
1147722
1147756
1148094
1148100
1148101
1148107
1148110
1148117
1148122
1148127
1148128
1148129
1148137
1148139
1148141
1148143
1148153
1148454
1148455
1148456
1148457
1148458
1148491
1148492
1148493
1148494
1148496
1148507
1148771
1148801
1149326
1149327
1149328
1149330
1149333
1149334
1149339
1149340
1149341
1149342
1149343
1149347
1149348
1149349
1149350
1149351
1149352
1149353
1149354
1149356
1149357
1149360
1149364
1149366
1149372
1149374
1149375
1149376
1149377
1149379
1149381
1149389
1149391
1149395
1149396
1149397
1149401
1149402
1149404
1149406
1149413
1149418
1149421
1149423
1149425
1149426
1149429
1149430
1149431
1149437
1149443
1149444
1149446
1149447
1149448
1149450
1149454
1149462
1149465
1149467
1149468
1149469
1149470
1149471
1149472
1149474
1149476
1149477
1149478
1149480
1149482
1149484
1149485
1149487
1149492
1149495
1149496
1149497
1149499
1149501
1149505
1149506
1149507
1149509
1149510
1149511
1149515
1149516
1149517
1149519
1149520
1149528
1149529
1149536
1149537
1149539
1149541
1149549
1149550
1149551
1149552
1149556
1149558
1149559
1149560
1149561
1149565
1149566
1149573
1149577
1149581
1149583
1149584
1149585
1149586
1149587
1149588
1149590
1149592
1149596
1149598
1149600
1149603
1149612
1149613
1149614
1149616
1149618
1149619
1149620
1149621
1149622
1149774
1149838
1149844
1149846
1150353
1150741
1150742
1150745
1150757
1150835
1150836
1150855
1150860
1150861
1150869
1150880
1150989
1150990
1150991
1150992
1151014
1151015
1151017
1151036
1151040
1151783
1151789
1151790
1151791
1151792
1151793
1154689
1154691
1154725
1154749
1154987
1154995
1154997
1155088
1155104
1155188
1155931
1155932
1155935
1155936
1155937
1155938
1155943
1155999
1156386
1156719
1156720
1156721
1156722
1156749
1156769
1156810
1156816
1156821
1156979
1156980
1156981
1156982
1157040
1157299
1157319
1157336
1157337
1157338
1157339
1157522
1157543
1157566
1157597
1157599
1157691
1157993
1158189
1158190
1158191
1158212
1158213
1158214
1158265
1158460
1158559
1158561
1158680
1158713
1158721
1159003
1159014
1159186
1159187
1159188
1159189
1159190
1159191
1159192
1159193
1159194
1159195
1159779
1159782
1159785
1159787
1159888
1159901
1159902
1159903
1159904
1159905
1159906
1159907
1159908
1160941
1160947
1160948
1160968
1161126
1161128
1161130
1161131
1161132
1161297
1161299
1161300
1161301
1161302
1161304
1161305
1161306
1161307
1161311
1161312
1161313
1161314
1161528
1161571
1161749
1161901
1161903
1161906
1161927
1161928
1161930
1161931
1161933
1161934
1161935
1161939
1162280
1162290
1162295
1162304
1162305
1162306
1162393
1162483
1162554
1162556
1162557
1162558
1162681
1162682
1162684
1162685
1162688
1162866
1162880
1162887
1162893
1162911
1162917
1162972
1163307
1163309
1163311
1163314
1163316
1163317
1163319
1163322
1163324
1163326
1163328
1163370
1163380
1163482
1163487
1163537
1163570
1163571
1163572
1163574
1163576
1163581
1163668
1163669
1163683
1163689
1163701
1163703
1163706
1163708
1163709
1163715
1163767
1164581
1164583
1164588
1164591
1165123
1165130
1165134
1165135
1165136
1165137
1165140
1165141
1165142
1165143
1165145
1165149
1165151
1165152
1165153
1165154
1165155
1165156
1165159
1165160
1165702
1165826
1165907
1165934
1166414
1166421
1166422
1166424
1166425
1166433
1166436
1166448
1166449
1166453
1166470
1166473
1166555
1166568
1166569
1166570
1166571
1166574
1166575
1166577
1166580
1166582
1166588
1166589
1166591
1166592
1166596
1166597
1166598
1166602
1166603
1166605
1166607
1166613
1166622
1166623
1166624
1166625
1166626
1166627
1166629
1166630
1166632
1166634
1166635
1166636
1166637
1166638
1166639
1166640
1166641
1166642
1166645
1166648
1166649
1166650
1166651
1166652
1166653
1166655
1166656
1166657
1166659
1166661
1166662
1166663
1166664
1166665
1167204
1167305
1167310
1167461
1167614
1167660
1167667
1167668
1167670
1167673
1167690
1167691
1167692
1167696
1167698
1168173
1168261
1168263
1168269
1168271
1168274
1168280
1168281
1168478
1168479
1168481
1168482
1168483
1168489
1168493
1168498
1168499
1168504
1168505
1168514
1168516
1168522
1168535
1168547
1168548
1168549
1168550
1168563
1168593
1168594
1168595
1168600
1168607
1168608
1168610
1168611
1168612
1168613
1168744
1168811
1168812
1168813
1168814
1168815
1168816
1168817
1168818
1168820
1168821
1168822
1168823
1168824
1168825
1168826
1168827
1168828
1168829
1168830
1168831
1168832
1168833
1168834
1168836
1168837
1168838
1168839
1168840
1168841
1168842
1168843
1168844
1168845
1168846
1168847
1168848
1168850
1168851
1168852
1168916
1168955
1169008
1169009
1169014
1169015
1169016
1169020
1169032
1169120
1169617
1169618
1169619
1169620
1169621
1169622
1169624
1169625
1169626
1169627
1169628
1169629
1169630
1169631
1169632
1169633
1169634
1169635
1169636
1169638
1169639
1169640
1169641
1169642
1169917
1170233
1170234
1170370
1170375
1170410
1170411
1170412
1170416
1170417
1170418
1170421
1170422
1170423
1170424
1170425
1170427
1170505
1170506
1170589
1170590
1170592
1170604
1170605
1170612
1170620
1170655
1170656
1170661
1170666
1170667
1170670
1170671
1170672
1171059
1171060
1171061
1171064
1171066
1171072
1171093
1171094
1171096
1171097
1171099
1171101
1171102
1171103
1171104
1171106
1171108
1171111
1171116
1171121
1171156
1171157
1171158
1171167
1171172
1171178
1171182
1171184
1171190
1171196
1171197
1171201
1171204
1171205
1171206
1171208
1171212
1171213
1171215
1171217
1171228
1171241
1171256
1171259
1171261
1171263
1171265
1171267
1171270
1171271
1171273
1171275
1171277
1171280
1171282
1171283
1171284
1171288
1171289
1171290
1171294
1171295
1171296
1171298
1171299
1171328
1171330
1171334
1171336
1171339
1171342
1171343
1171346
1171347
1171631
1171632
1171633
1171637
1171638
1171640
1171643
1171650
1171651
1171653
1171654
1171667
1172082
1172083
1172086
1172088
1172089
1172090
1172092
1172093
1172094
1172095
1172096
1172097
1172099
1172100
1172101
1172103
1172104
1172105
1172106
1172107
1172108
1172193
1172195
1172196
1172314
1172353
1172985
1173135
1173138
1173193
1173203
1173217
1173295
1173296
1173297
1173523
1173626
1173627
1173709
1173740
1173741
1173743
1173745
1173747
1173748
1173749
1173750
1173751
1173752
1173753
1173754
1173756
1173757
1173758
1173759
1173760
1173761
1173762
1173764
1173766
1173767
1173768
1173769
1173770
1173771
1173772
1174516
1174517
1174519
1174520
1174522
1174526
1174530
1174534
1174536
1174537
1174538
1174539
1174976
1174977
1174980
1174985
1175242
1175308
1175309
1175310
1175312
1175504
1175505
1175507
1175653
1175654
1175655
1175657
1175659
1175662
1175663
1175848
1175849
1175850
1175851
1175852
1175853
1175854
1175855
1175981
1175982
1175984
1176006
1176035
1176040
1176041
1176042
1176043
1176044
1176045
1176046
1176047
1176048
1176049
1176050
1176051
1176052
1176053
1176054
1176055
1176056
1176057
1176058
1176059
1176060
1176061
1176062
1176064
1176065
1176066
1176067
1176068
1176069
1176070
1176071
1176072
1176073
1176074
1176075
1176076
1176077
1176078
1176079
1176080
1176081
1176087
1176089
1176090
1176091
1176092
1176093
1176094
1176095
1176096
1176097
1176098
1176099
1176100
1176101
1176102
1176103
1176104
1176106
1176107
1176110
1176111
1176112
1176113
1176114
1176115
1176116
1176117
1176118
1176119
1176120
1176121
1176122
1176123
1176124
1176133
1176135
1176145
1176146
1176147
1176148
1176149
1176150
1176153
1176422
1176423
1176425
1176478
1176479
1176481
1176484
1176557
1176560
1176736
1176764
1176765
1176766
1176767
1177006
1177042
1177043
1177045
1177046
1177191
1177590
1177591
1177613
1177614
1177615
1177616
1177617
1177623
1177624
1177625
1177626
1177630
1177632
1177751
1177752
1177753
1177757
1177758
1177759
1177762
1177763
1177764
1177765
1177766
1177767
1178443
1178517
1178525
1178527
1178775
1178776
1178840
1178856
1178859
1178873
1178886
1179638
1179664
1179680
1181288
1181289
1181290
1181291
1181292
1181310
1181675
1181709
1181711
1182142
1182143
1182206
1182518
1182525
1182526
1182527
1182528
1182850
1182851
1182925
1183059
1183064
1183156
1183160
1183239
1183241
1183254
1183255
1183266
1183271
1183273
1183281
1183284
1183285
1183286
1183288
1183295
1183299
1183301
1183312
1183313
1183316
1183317
1183319
1183320
1183638
1184126
1184127
1184128
1184129
1184131
1184132
1184133
1184484
1184485
1184486
1184487
1184488
1184491
1184496
1184507
1184510
1184514
1184524
1184527
1184530
1184531
1184533
1184535
1184541
1184543
1184544
1184545
1184546
1184547
1184550
1184551
1184552
1184555
1184557
1184558
1184563
1184565
1184566
1184568
1184569
1184574
1184575
1184579
1184584
1184586
1184587
1184594
1184595
1184597
1184691
1184693
1184694
1184695
1184696
1184697
1184698
1184699
1184700
1184704
1184708
1184797
1185413
1185853
1185854
1185855
1185856
1185857
1185858
1185859
1185866
1185867
1185869
1186059
1186124
1187128
1187131
1187894
1187967
1187973
1188015
1188792
1188793
1188794
1188795
1188812
1188819
1188991
1189101
1189116
1189123
1189124
1189153
1190450
1190451
1190460
1190475
1190974
1190980
1190992
1191005
1191063
1191064
1191065
1191066
1191207
1191380
1191383
1192193
1192194
1192195
1192859
1192860
1192873
1192876
1192877
1192879
1192881
1192883
1192884
1192885
1192893
1192899
1192907
1192909
1192910
1192916
1192917
1192924
1192925
1192927
1192928
1192929
1192931
1192932
1192935
1192937
1192939
1192943
1192945
1192946
1192947
1192954
1192955
1192957
1192958
1192959
1192960
1192962
1192963
1192966
1192967
1192968
1192970
1192971
1193290
1193328
1193336
1193359
1193386
1193388
1193390
1193395
1193398
1193399
1193419
1193420
1193422
1193655
1193657
1193663
1193666
1193668
1193848
1193849
1193852
1193858
1193859
1193860
1193863
1193869
1193874
1193876
1193877
1193878
1193883
1193884
1193885
1193888
1193891
1193892
1193893
1193894
1193895
1193898
1193902
1193903
1193904
1193905
1193910
1193911
1193912
1193913
1193916
1193927
1193929
1193933
1193938
1193939
1193946
1193947
1193948
1193949
1193952
1193958
1193960
1193961
1193962
1193966
1193967
1193968
1193969
1193970
1193974
1193975
1193976
1193979
1193980
1194000
1194001
1194006
1194007
1194008
1194011
1194013
1194014
1194015
1194017
1194021
1194024
1194025
1194026
1194091
1194096
1194147
1194163
1194230
1194299
1194303
1194306
1194307
1194308
1194309
1194310
1194311
1194312
1194313
1194314
1194315
1194316
1194317
1194318
1194319
1194321
1194322
1194323
1194324
1194325
1194326
1194328
1194329
1194330
1194337
1194338
1194339
1194340
1194428
1194429
1194430
1194433
1194437
1194438
1194439
1194444
1194635
1194641
1194642
1194757
1195069
1195070
1195071
1195072
1195073
1195074
1195075
1195077
1195078
1195079
1195080
1195081
1195085
1195086
1195087
1195162
1195163
1195196
1195201
1195202
1195203
1195208
1195209
1195218
1195220
1195221
1195233
1195235
1195279
1195281
1195289
1195290
1195291
1195364
1195366
1195367
1195368
1195370
1195371
1195372
1195374
1195376
1195378
1195608
1195613
1195615
1195616
1195618
1195619
1195620
1195621
1195622
1195623
1195624
1195626
1195627
1195628
1195629
1195630
1195631
1195632
1195633
1195634
1195635
1195636
1195637
1195638
1195639
1195641
1195658
1195791
1195796
1196057
1196060
1196061
1196065
1196075
1196079
1196228
1196236
1196237
1196600
1196601
1196602
1196619
1196624
1196647
1196824
1196826
1196844
1197114
1197457
1197459
1197880
1197935
1197951
1197952
1197953
1198013
1198014
1198015
1198016
1198017
1198018
1198019
1198021
1198022
1198023
1198024
1198085
1198086
1198087
1198117
1198134
1198136
1198137
1198139
1198140
1198144
1198146
1198147
1198218
1198219
1198220
1198288
1198328
1198329
1198330
1198331
1198332
1198333
1198334
1198388
1198392
1198394
1198396
1198397
1198399
1198412
1198413
1198418
1198425
1198431
1198435
1198450
1198498
1198648
1198663
1198664
1198665
1198666
1198887
1198891
1198910
1198976
1198980
1199139
1199274
1199277
1199352
1199380
1200308
1200310
1200367
1200395
1200670
1200671
1200862
1200971
1201021
1201040
1201042
1201156
1201157
1201158
1201301
1201302
1201311
1202094
1202142
1202184
1202185
1202186
1202190
1202191
1202192
1202193
1202204
1202205
1202218
1202220
1202224
1202226
1202228
1202230
1202232
1202236
1202238
1202240
1202241
1202242
1202251
1202252
1202253
1202254
1202256
1202273
1202274
1202277
1202278
1202281
1202282
1202283
1202286
1202287
1202288
1202290
1202292
1202298
1202302
1202303
1202304
1202305
1202306
1202309
1202310
1202313
1202314
1202315
1202318
1202553
1202565
1202566
1202570
1202571
1202572
1202573
1202576
1202577
1202579
1202580
1202582
1202585
1202588
1202589
1202590
1202591
1202593
1202594
1202596
1202598
1202599
1202604
1202609
1202611
1202616
1202618
1202619
1202630
1202633
1202640
1202642
1202644
1202648
1202656
1202992
1202997
1203000
1203029
1203273
1203274
1203275
1203281
1203294
1203295
1203297
1203298
1203305
1203312
1203331
1203337
1203348
1203354
1203356
1203539
1203543
1203640
1203676
1203680
1203681
1203698
1203703
1203710
1203711
1203713
1203715
1203723
1203725
1203726
1203729
1203735
1203747
1203767
1203768
1203770
1203796
1203825
1203874
1203886
1203900
1203907
1203912
1203919
1203923
1203924
1203934
1203958
1203961
1203974
1203975
1203978
1203987
1204003
1204026
1204030
1204058
1204060
1204075
1204080
1204099
1204105
1204120
1204122
1204134
1204149
1204159
1204160
1204161
1204178
1204180
1204231
1204232
1204235
1204236
1204237
1204238
1204243
1204244
1204247
1204254
1204257
1204258
1204289
1204514
1204515
1204516
1204517
1204521
1204522
1204523
1204524
1204525
1204527
1204528
1204529
1204530
1204531
1204533
1204534
1204535
1204536
1204537
1204538
1204539
1204540
1204541
1204542
1204543
1204544
1204570
1204571
1204572
1204577
1204737
1204801
1204805
1204812
1204988
1205300
1205304
1205318
1205479
1205492
1205512
1205519
1205835
1205838
1205875
1205899
1205901
1205902
1205904
1205924
1206069
1206110
1206163
1206179
1206183
1206184
1206201
1206206
1206207
1206211
1206300
1206313
1206556
1206557
1206558
1206559
1206560
1206566
1206674
1206676
1206678
1206679
1206680
1206682
1206684
1206688
1206691
1206694
1206696
1206698
1206699
1206700
1206701
1206703
1206704
1206706
1206708
1206999
1207438
1207924
1207926
1207928
1207930
1207932
1207936
1207941
1207943
1207945
1207946
1207948
1207950
1207959
1207962
1207964
1207967
1207972
1207973
1207977
1207979
1207982
1208059
1208062
1208063
1208064
1208236
1208309
1208310
1208341
1208385
1208587
1208593
1208650
1208652
1208653
1208714
1208725
1208726
1209378
1209379
1209380
1209381
1209382
1209383
1209385
1209442
1209443
1209820
1210004
1210018
1210025
1210035
1210124
1210127
1210132
1210133
1210134
1210135
1210140
1210178
1210183
1210192
1210203
1210210
1210212
1210213
1210214
1210217
1210230
1210239
1210266
1210285
1210303
1210308
1210311
1210325
1210326
1210346
1210352
1210914
1210996
1211016
1211017
1211018
1211020
1211278
1211279
1211280
1211281
1211282
1211283
1211284
1211285
1211380
1211386
1211388
1211417
1211480
1211482
1211484
1211640
1211641
1211642
1211644
1211786
1211898
1211899
1212475
1212478
1212483
1212507
1212668
1212699
1212700
1213187
1213198
1213379
1213406
1213422
1213588
1213620
1213621
1213881
1213962
1213983
1213990
1214023
1214037
1214042
1214046
1214049
1214051
1214059
1214061
1214078
1214137
1214138
1214139
1214230
1214458
1214459
1214618
1214619
1214620
1214621
1214622
1214623
1214625
1214626
1214627
1214628
1214629
1214630
1214631
1214632
1214793
1214798
1214800
1214805
1214809
1214827
1214830
1214832
1214833
1214848
1214852
1214858
1214859
1214861
1214865
1214866
1214877
1214881
1214882
1214884
1214885
1214887
1214888
1214891
1214893
1214894
1214896
1214898
1214899
1214900
1214906
1214920
1214953
1214955
1214957
1214959
1214966
1214967
1214968
1214970
1214971
1214972
1214973
1214974
1214976
1214979
1214981
1214983
1214984
1214985
1214987
1214988
1214989
1214990
1214991
1214992
1214994
1214996
1214997
1214998
1214999
1215001
1215003
1215006
1215007
1215008
1215009
1215010
1215306
1215307
1215308
1215316
1215318
1215320
1215321
1215413
1215424
1215429
1215440
1215441
1215470
1215475
1215494
1215503
1215516
1215535
1215560
1215578
1215594
1215597
1215598
1215919
1215921
1215922
1216472
1216504
1216890
1216904
1216905
1216906
1216909
1216911
1216920
1216926
1216927
1216928
1217117
1217123
1217124
1217126
1217129
1217131
1217132
1217303
1217304
1217310
1217561
1217568
1217770
1217771
1217772
1217773
1217774
1217775
1217776
1217777
1217778
1217810
1217821
1217841
1217847
1217851
1217854
1217859
1217861
1217862
1218299
1218300
1218301
1218302
1218303
1218304
1218305
1218306
1218307
1218309
1218487
1218488
1218489
1218490
1218619
1218622
1218637
1218648
1218650
1218727
1219262
1219263
1219264
1219265
1219268
1219351
1219352
1219353
1219376
1219377
1219378
1219379
1219380
1219381
1219404
1219405
1219406
1219407
1219413
1219416
1219419
1219424
1219426
1219465
1219528
1219529
1219530
1219531
1219554
1219558
1219563
1219564
1219875
1219876
1219877
1219896
1220025
1220265
1220488
1220489
1220552
1220601
1220602
1220603
1220714
1220715
1220716
1220717
1221206
1221208
1221219
1221391
1221437
1221449
1221622
1221623
1221637
1221835
1221882
1222019
1222251
1222252
1222338
1223259
1223260
1223261
1223262
1223561
1223562
1223808
1223810
1223823
1223825
1223827
1223829
1223832
1223833
1223835
1223836
1223839
1224329
1224344
1224349
1224363
1224371
1224390
1224397
1224400
1224402
1224510
1224515
1224516
1224517
1224520
1224522
1224524
1224525
1224526
1224528
1224530
1224531
1224532
1224534
1224538
1224540
1224676
1224677
1224818
1224820
1225069
1225431
1225479
1225483
1225491
1225644
1225732
1225739
1225740
1225744
1225745
1225751
1225752
1225753
1225755
1225757
1225759
1225760
1225762
1225763
1225764
1225765
1225766
1225768
1225789
1225790
1225791
1225792
1225793
1225794
1225795
1225800
1225805
1225806
1225860
1225861
1225862
1226252
1226253
1226254
1226255
1226257
1226258
1226259
1226260
1226261
1226262
1226263
1226266
1226329
1226368
1226504
1226531
1226655
1226656
1226722
1226723
1227348
1227354
1227355
1227356
1227357
1227515
1227519
1227520
1227521
1227522
1227523
1227524
1227525
1227557
1227559
1227786
1227789
1227793
1227798
1227803
1227925
1228012
1228013
1228014
1228070
1228086
1228099
1228220
1228234
1228250
1228302
1228310
1228333
1228340
1228393
1228403
1228412
1228418
1228421
1228424
1228425
1228427
1228430
1228431
1228443
1228447
1228454
1228455
1228458
1228461
1228462
1228464
1228470
1228485
1228499
1228513
1228524
1228526
1228535
1228541
1228551
1228553
1228562
1228574
1228576
1228577
1228581
1228583
1228586
1228606
1228607
1228612
1228616
1228617
1228630
1228631
1228632
1228663
1228673
1228674
1228675
1228676
1228677
1228680
1228681
1228690
1228695
1228696
1228706
1228723
1228735
1228737
1228754
1228759
1228812
1228813
1228814
1228815
1228822
1228823
1228828
1228830
1228831
1228834
1228835
1228836
1228837
1228840
1228841
1228842
1228846
1228847
1228848
1228849
1228856
1228862
1228863
1228865
1228866
1228870
1228874
1228877
1228879
1228880
1228881
1228884
1228885
1228886
1228888
1228889
1228891
1228893
1228896
1228898
1228899
1228900
1228901
1228902
1228903
1228905
1228906
1228908
1228910
1228913
1228915
1228918
1228920
1228924
1228927
1228928
1228932
1228933
1229186
1229189
1229190
1229324
1229325
1229326
1229455
1229457
1229470
1229528
1229535
1229536
1229537
1229540
1229551
1229558
1229572
1229576
1229579
1229581
1229593
1229612
1229618
1229620
1229634
1229675
1229676
1229677
1229678
1229680
1229682
1229683
1229685
1229686
1229751
1229752
1229753
1229754
1229755
1229757
1229760
1229761
1229766
1229768
1229773
1229777
1229782
1229784
1229786
1229787
1229788
1229789
1229790
1229791
1229792
1229793
1229794
1229832
1229833
1229834
1229835
1229837
1229838
1229913
1230175
1230176
1230199
1230201
1230209
1230210
1230222
1230223
1230228
1230231
1230242
1230245
1230251
1230253
1230254
1230390
1230469
1231003
1231048
1231086
1231088
1231094
1231098
1231099
1231106
1231107
1231111
1231113
1231115
1231146
1231155
1231159
1231163
1231176
1231177
1231267
1231283
1231291
1231293
1231296
1231298
1231304
1231305
1231307
1231319
1231322
1231325
1231334
1231360
1231361
1231612
1231613
1231614
1231709
1231902
1231903
1231929
1231972
1232468
1232498
1232618
1232619
1232637
1232640
1232647
1232658
1232736
1232737
1232738
1232754
1232868
1232869
1232871
1232872
1232896
1233096
1233097
1233167
1233177
1233218
1233314
1233316
1233317
1233320
1233383
1233488
1233522
1233523
1233675
1233678
1233735
1234171
1234417
1234428
1234611
1234615
1234616
1234688
1234689
1234697
1234701
1234808
1234872
1234878
1234879
1234880
1234881
1234882
1234883
1234884
1234886
1234887
1234888
1235280
1235281
1235282
1235285
1235288
1235289
1235314
1235419
1235421
1235427
1235428
1235429
1235430
1235559
1235640
1235645
1235647
1235648
1235649
1235650
1235651
1235652
1235653
1235654
1235655
1235656
1235657
1235659
1235661
1235662
1235689
1235691
1235692
1235712
1235824
1235991
1235996
1236000
1236042
1236047
1236391
1236392
1236393
1236394
1236395
1236396
1236397
1236398
1236399
1236400
1236401
1236403
1236405
1236406
1236407
1236409
1236410
1236566
1236569
1236573
1236767
1236981
1236985
1236986
1236987
1236992
1237001
1237009
1237063
1237064
1237159
1237364
1237423
1237432
1237435
1237445
1237450
1237452
1237462
1237467
1237472
1237483
1237484
1237485
1237489
1237490
1237871
1238267
1238268
1238269
1238270
1238271
1238272
1238274
1238275
1238276
1238278
1238279
1238280
1238282
1238283
1238284
1238455
1238886
1239215
1239216
1239234
1239241
1239247
1239248
1239260
1239266
1239267
1239379
1239381
1239382
1239383
1239384
1239385
1239386
1239416
1239435
1239437
1239438
1239439
1239441
1239452
1239565
1239566
1239567
1239568
1239569
1239570
1239571
1239572
1239573
1239574
1239575
1239576
1239577
1239578
1239579
1239580
1239581
1239582
1239583
1239800
1239801
1239805
1239825
1239832
1240004
1240008
1240009
1240010
1240011
1240012
1240013
1240014
1240015
1240016
1240017
1240018
1240019
1240020
1240021
1240120
1240124
1240574
1240575
1240577
1240584
1240589
1240595
1240596
1240597
1241370
1241371
1241381
1241383
1241398
1241399
1241407
1241438
1241918
1241932
1241933
1241957
1241966
1241967
1241968
1241969
1241970
1241971
1241972
1241973
1241974
1242122
1242123
1242125
1242140
1242143
1242145
1242179
1242183
1242185
1242191
1242193
1242197
1242199
1242200
1242204
1242215
1242217
1242221
1242224
1242232
1242234
1242235
1242237
1242241
1242781
1242782
1242785
1242786
1242808
1242809
1242810
1242863
1242880
1243178
1243179
1243182
1243183
1243184
1243185
1243186
1243187
1243189
1243190
1243191
1243193
1243194
1243197
1243198
1243199
1243200
1243202
1243207
1243211
1243212
1243213
1243216
1243218
1243220
1243222
1243223
1243224
1243228
1243230
1243231
1243232
1243233
1243234
1243235
1243236
1243238
1243241
1243242
1243243
1243244
1243245
1243246
1243247
1243248
1243249
1243250
1243251
1243252
1243253
1243254
1243256
1243257
1243258
1243259
1243260
1243261
1243263
1243264
1243266
1243269
1243270
1243271
1243272
1243274
1243275
1243279
1243284
1243286
1243287
1243291
1243294
1243298
1243299
1243300
1243301
1243303
1243307
1243309
1243312
1243313
1243314
1243315
1243317
1243319
1243320
1243321
1243322
1243324
1243325
1243328
1243329
1243333
1243334
1243335
1243337
1243338
1243343
1243348
1243349
1243353
1243356
1243358
1243359
1243360
1243361
1243364
1243365
1243366
1243368
1243372
1243373
1243377
1243378
1243380
1243382
1243387
1243388
1243389
1243390
1243391
1243394
1243398
1243399
1243401
1243402
1243403
1243404
1243410
1243411
1243412
1243414
1243419
1243420
1243422
1243423
1243427
1243428
1243431
1243432
1243433
1243435
1243436
1243437
1243438
1243440
1243441
1243442
1243443
1243445
1243448
1243449
1243450
1243451
1243454
1243456
1243457
1243459
1243460
1243461
1243462
1243463
1243465
1243466
1243470
1243472
1243473
1243475
1243476
1243477
1243478
1243479
1243480
1243484
1243493
1243494
1243499
1243501
1243502
1243505
1243506
1243508
1243521
1243527
1243535
1243536
1243540
1243542
1243546
1243548
1243551
1243555
1243558
1243564
1243568
1243571
1243574
1243883
1243884
1243885
1243887
1243888
1243889
1243890
1244158
1244203
1244522
1244523
1244525
1244526
1244527
1244563
1244565
1244854
1244856
1244857
1244873
1244884
1244885
1245187
1245189
1245191
1245464
1245470
1245560
1245561
1245562
1245563
1245564
1245565
1245566
1245593
1245814
1245890
1245909
1246482
1246548
1246555
1246562
1246650
1246651
1246655
1246659
1246675
1246677
1246678
1246679
1246850
1247113
1247114
1247115
1247116
1247238
1247239
1247240
1247241
1247242
1247243
1247244
1247245
1247246
1247247
1247248
1247250
1247252
1247253
1247254
1247259
1247260
1247261
1247269
1247270
1247280
1247301
1247305
1247309
1247313
1247319
1247343
1247347
1247355
1247358
1247366
1247376
1247377
1247378
1247379
1247460
1247461
1247462
1247464
1247465
1247466
1247467
1247469
1247470
1247839
1247841
1247876
1247879
1247891
1247968
1247973
1247977
1247978
1247985
1247986
1247991
1248130
1248131
1248132
1248133
1248134
1248136
1248250
1248332
1248333
1248335
1248337
1248396
1248651
1248656
1248657
1248664
1248665
1248666
1248674
1248676
1248677
1248682
1248687
1248690
1248694
1248698
1248699
1248702
1248704
1248707
1248713
1249212
1249213
1249215
1249217
1249467
1249500
1249501
1249503
1249508
1249648
1249676
1249677
1249826
1249848
1249878
1250303
1250315
1250316
1250389
1250392
1250394
1250395
1250398
1254418
1254420
1254425
1255290
1255293
1255296
1255301
1255765
1256519
1256520
1256521
1256523
1256524
1256595
1256596
1256598
1256600
1256601
1256602
1256603
1256605
1256608
1256610
1256614
1256615
1256616
1256617
1256618
1256620
1256621
1256622
1256623
1256625
1256628
1256633
1256636
1256638
1256786
1256787
1256788
1256848
1256849
1256851
1256855
1256857
1256866
1256868
1256869
1256870
1256880
1257111
1258572
1259774
1259807
1259832
1260033
1260034
1260035
1260036
1260037
1260039
1260041
1260043
1260044
1260119
1260283
1260284
1260285
1260286
1260287
1260539
1260541
1260542
1260543
1260544
1260769
1260939
1260940
1260941
1260942
1260943
1260944
1261100
1261101
1261206
1261210
1261216
1261226
1261230
1261233
1261237
1261238
1261240
1261241
1261243
1261249
1261250
1261255
1261407
1261412
1261419
1261420
1261613
1261657
1261659
1261662
1261664
1261666
1261667
1261672
1261675
1261676
1261677
1261678
1261682
1261685
1261688
1261689
1261690
1261691
1261696
1261702
1261703
1261704
1261707
1261708
1261709
1261710
1261712
1261714
1261719
1261722
1261723
1261725
1261728
1261732
1261733
1261736
1261739
1261741
1261742
1261747
1261748
1261749
1261750
1261754
1261755
1261764
1261766
1261767
1261769
1261771
1261773
1261777
1261780
1261783
1261786
1261788
1261789
1261791
1261793
1261794
1261795
1261796
1261798
1261800
1261805
1261806
1261813
1261814
1261815
1261818
1261821
1261822
1261827
1261830
1261833
1261835
1261840
1261841
1261842
1261843
1261845
1261846
1261849
1261851
1261852
1261853
1261854
1261856
1261857
1261862
1261863
1261864
1261866
1261867
1261870
1261883
1261884
1261885
1261886
1261891
1261893
1261894
1261895
1261896
1261899
1261901
1261902
1261903
1261906
1261907
1261912
1261917
1261918
1261919
1261920
1261921
1261923
1261926
1261930
1261933
1261939
1261940
1261943
1261949
1261950
1261952
1261953
1261954
1261956
1261957
1261959
1261961
1261962
1261963
1261964
1261965
1261966
1261968
1261969
1261970
1261972
1261975
1261976
1261978
1261982
1261983
1261987
1261992
1261996
1261998
1262000
1262002
1262003
1262008
1262009
1262012
1262013
1262014
1262017
1262020
1262022
1262026
1262027
1262028
1262029
1262030
1262034
1262035
1262036
1262040
1262041
1262042
1262046
1262047
1262072
1262073
1262074
1262075
1262167
1262168
1262170
1262176
1262177
1262181
1262182
1262183
1262184
1262186
1262190
1262194
1262224
1262401
1262410
1262411
1262512
1262513
1262514
1262515
1262516
1262517
1262518
1262519
1262520
1262521
1262522
1262523
1262524
1262527
1262528
1262530
1262532
1262533
1262535
1262536
1262537
1262538
1262539
1262540
1262541
1262598
1262599
1262600
1263155
1263292
1263294
1263298
1263299
1263302
1263412
1263900
1263901
1263903
1263907
1263908
1263910
1263912
1263913
1263914
1263925
1263926
1264597
1264598
1264700
1264701
1264737
1264782
1264795
1264880
1264898
1265591
1265605
1265748
1266056
1266058
1266180
1266191
1266194
1266232
1266244
1266274
1266289
1266302
1266304
1266450
1266451
1266458
1266463
1266635
1266637
1266638
1266639
1266640
1266641
1266649
1266651
1266652
1266654
1266656
1266658
1266731
1266774
1266977
1266993
1266995
1267169
1267475
1267484
1267569
1267570
1267582
1267585
1267592
1267594
1267601
1267602
1267603
1267604
1267605
1267606
1267608
1267610
1267611
1267612
1267614
1267615
1267617
1267618
1267619
1267620
1267621
1267622
1267623
1267624
1267625
1267627
1267628
1267629
1267630
1267631
1267632
1267634
1267635
1267636
1267637
1267638
1267639
1267640
1267641
1267642
1267643
1267644
1267645
1267646
1267647
1267648
1267649
1267650
1267651
1267652
1267653
1267654
1267657
1267658
1267659
1267660
1267661
1267662
1267664
1267665
1267666
1267668
1267669
1267670
1267674
1267675
1267676
1267677
1267682
1267683
1267684
1267685
1267689
1267692
1267693
1267694
1267695
1267696
1267697
1267699
1267701
1267702
1267703
1267705
1267706
1267707
1267708
1267711
1267712
1267713
1267715
1267716
1267717
1267721
1267722
1267726
1267727
1267728
1267730
1267731
1267732
1267733
1267735
1267736
1267737
1267738
1267739
1267740
1267741
1267742
1267744
1267745
1267746
1267747
1267748
1267749
1267750
1267751
1268011
1268039
1268058
1268059
1268253
1268259
1268260
1268261
1268262
1268263
1268360
1268642
1268643
1268680
1268809
1269028
1269292
1269302
1269303
1269327
1269944
1269946
1269948
1269976
1269982
1269987
1269990
1269991
1269993
1271477
1271534
1271535
1271777
1271778
1271870
1271871
1271872
1272519
1272571
1272940
1272942
1272943
1272945
1272946
1272947
1272949
1272952
1272953
1272955
1272957
1272958
1272959
1272960
1272961
1272962
1273008
1273009
1273023
1273090
1273128
1273142
1273143
1273145
1273147
1273148
1273450
1273458
1273498
1273499
1273529
1273532
1273706
1273707
1273709
1273711
1273712
1273713
1273714
1273738
1273739
1273740
1273741
1273742
1273743
1273744
1273746
1273747
1273748
1273749
1273750
1273751
1273752
1273753
1273754
1273755
1274209
1274213
1274220
1274226
1274227
1274232
1274235
1274238
1274240
1274247
1274303
1274307
1274308
1274311
1274312
1274322
1274331
1274366
1274367
1274595
1274605
1274606
1274611
1274613
1274615
1274616
1274618
1274619
1274620
1274621
1275491
1275492
1275493
1275498
1275499
1275500
1275507
1275508
1275510
1275513
1275515
1275517
1275519
1275520
1275521
1275522
1275523
1275528
1275529
1275530
1275533
1275536
1275540
1275543
1275545
1275549
1275552
1275558
1275564
1275565
1275568
1275569
1275571
1275572
1275574
1275576
1275577
1275579
1275580
1275582
1275584
1275585
1275589
1275593
1275597
1275598
1275599
1275603
1275612
1275619
1275625
1275629
1275630
1275632
1275635
1275637
1275640
1275641
1275646
1275647
1275651
1275652
1275654
1275655
1275658
1275659
1275661
1275662
1275664
1275665
1275670
1275671
1275676
1275683
1275685
1275692
1275698
1275700
1275703
1275705
1275712
1275716
1275725
1275730
1275740
1275748
1275759
1275760
1275764
1275768
1275771
1275772
1275773
1275775
1275778
1275779
1275783
1275784
1275788
1275790
1275791
1275795
1275796
1275797
1275799
1275800
1275804
1275813
1275815
1275817
1275820
1275822
1275824
1275827
1275837
1275838
1275839
1275840
1275841
1275850
1275851
1275853
1275854
1275858
1275870
1275872
1275877
1275879
1275882
1275889
1275892
1275894
1275895
1275901
1275903
1275905
1275910
1275911
1275913
1275915
1275916
1275918
1275920
1275922
1275923
1275925
1275926
1275928
1275930
1275931
1275932
1275935
1275936
1275937
1275938
1275939
1275940
1275941
1275944
1276158
1276161
1276162
1276163
1276164
1276181
1276186
1276188
1276189
1276190
1276519
1276612
1276880
1276881
1276915
1277443
1277444
1277616
1277637
1277640
1277641
1277642
1277649
1277672
1277886
1277892
1277921
1277922
1277924
1277925
1278204
1278205
1278246
1278247
1278248
1278249
1278250
1278251
1278252
1278253
1278254
1278255
1278257
1278258
1278261
1278262
1278263
1278265
1278268
1278269
1278270
1278271
1278272
1278273
1278274
1278275
1278276
1278277
1278278
1278279
1278324
1278325
1278326
1278327
1278328
1278329
1278331
1278332
1278334
1278335
1278336
1278337
1278338
1278339
1278340
1278341
1278342
1278343
1278345
1278346
1278347
1278349
1278350
1278351
1278352
1278353
1278354
1278356
1278357
1278358
1278359
1278360
1278361
1278362
1278363
1278364
1278365
1278366
1278367
1278368
1278371
1278372
1278373
1278374
1278375
1278376
1278377
1278379
1278380
1278381
1278382
1278383
1278384
1278385
1278386
1278387
1278388
1278390
1278391
1278392
1278395
1278399
1278401
1278402
1278403
1278404
1278405
1278406
1278407
1278408
1278409
1278410
1278411
1278412
1278413
1278414
1278415
1278416
1278417
1278418
1278419
1278420
1278421
1278422
1278423
1278424
1278425
1278426
1278428
1278429
1278430
1278431
1278432
1278433
1278436
1278437
1278438
1278439
1278441
1278443
1278445
1278446
1278447
1278448
1278450
1278451
1278455
1278456
1278457
1278459
1278461
1278464
1278465
1278466
1278468
1278471
1278473
1278474
1278475
1278476
1278477
1278478
1278479
1278480
1278481
1278484
1278485
1278486
1278487
1278488
1278490
1278491
1278493
1278495
1278496
1278497
1278498
1278499
1278500
1278501
1278502
1278503
1278504
1278505
1278506
1278507
1278508
1278511
1278513
1278514
1278515
1278516
1278517
1278519
1278520
1278521
1278522
1278523
1278524
1278526
1278527
1278529
1278531
1278532
1278533
1278535
1278536
1278537
1279057
1279060
1279063
1279066
1279068
1279070
1279080
1279081
1279082
1279083
1279099
1279100
1279470
1279472
1279491
1279497
1279500
1279506
1279508
1279509
1279515
1279523
1279525
1279527
1279548
1279550
1279559
1279567
1279568
1279572
1279573
1279575
1279579
1279590
1279593
1279602
1279616
1279617
1279618
1279665
1279667
1279671
1279673
1279679
1279680
1279690
1279697
1279700
1279707
1279712
1279715
1279716
1279717
1279720
1279722
1279736
1279745
1279746
1279748
1279761
1279764
1279765
1279770
1279774
1279775
1279787
1279788
1279789
1279792
1279794
1279797
1279805
1279810
1279812
1279834
1279836
1279861
1279878
1279879
1279880
1279884
1279900
1279911
1279932
1279937
1279938
1279942
1279954
1279969
1279974
1279979
1279986
1279993
1280297
1280298
1280299
1280300
1280301
1280302
1280309
1280609
1280610
1280612
1280613
1280920
1280921
1281440
1281453
1281454
1281455
1281456
1281469
1281715
1281719
1281720
1281722
1281725
1282341
1282342
1282346
1282422
1282423
1282424
1282425
1282430
1282762
1282768
1282774
1282782
1282784
1282792
1282797
1282967
1282994
1282995
1283001
1283002
1283003
1283004
1283009
1283012
1283015
1283017
1283023
1283025
1283026
1283027
1283028
1283029
1283030
1283032
1283033
1283034
1283036
1283043
1283045
1283052
1283053
1283054
1283057
1283058
1283059
1283061
1283062
1283064
1283066
1283067
1283068
1283069
1283070
1283071
1283073
1283076
1283077
1283078
1283079
1283103
1283105
1283107
1283108
1283109
1283110
1283171
1283174
1283186
1283189
1283195
1283199
1283205
1283207
1283208
1283209
1283210
1283211
1283226
1283294
1283308
1283332
1283333
1283354
1283362
1283363
1283364
1283367
1283369
1283372
1283373
1283376
1283377
1283378
1283390
1283395
1283402
1283405
1283412
1283416
1283418
1283422
1283429
1283431
1283435
1283436
1283441
1283455
1283456
1283461
1283463
1283469
1283470
1283471
1283472
1283473
1283475
1283476
1283477
1283478
1283486
1283487
1283488
1283489
1283490
1283492
1283494
1283499
1283500
1283501
1283502
1283503
1283504
1283505
1283507
1283510
1283513
1283514
1283517
1283523
1283525
1283528
1283534
1283540
1283547
1283562
1283563
1283565
1283570
1283578
1283580
1283581
1283582
1283585
1283591
1283608
1283613
1283615
1283616
1283625
1283627
1283629
1283631
1283632
1283633
1283634
1283635
1283637
1283638
1283639
1283641
1283646
1283652
1283658
1283663
1283664
1283665
1283666
1283667
1283668
1283669
1283673
1283675
1283676
1283680
1283681
1283682
1283683
1283684
1283685
1283686
1283689
1283691
1283692
1283696
1283697
1283701
1283703
1283723
1283725
1283762
1283763
1283764
1283765
1283766
1283767
1283768
1283769
1283770
1283771
1283772
1283774
1283775
1283776
1283779
1283781
1283782
1283783
1283784
1283785
1283793
1283797
1283800
1283802
1283804
1283805
1283808
1283809
1283817
1283822
1283823
1283827
1283829
1283830
1283831
1283833
1284208
1284372
1284373
1284374
1284687
1284688
1284694
1284699
1284905
1284908
1284912
1284914
1284915
1284916
1284917
1284921
1284931
1284936
1284941
1284949
1284953
1284958
1284963
1284964
1284976
1284990
1285010
1285011
1285016
1285022
1285025
1285028
1285038
1285040
1285047
1285048
1285054
1285055
1285056
1285057
1285065
1285068
1285070
1285082
1285083
1285084
1285088
1285090
1285091
1285093
1285212
1285225
1285239
1285240
1285241
1285382
1285463
1285466
1285587
1285588
1285589
1285590
1285591
1285593
1285596
1285597
1285598
1285599
1285600
1285908
1285909
1286140
1286142
1286143
1286198
1286199
1286212
1286213
1286214
1286215
1286216
1286217
1286269
1286276
1286545
1286547
1286549
1286554
1286610
1286614
1286615
1286616
1286617
1286622
1286775
1286955
1287580
1287583
1287598
1287675
1287676
1287677
1287679
1287740
1287744
1287778
1287803
1287807
1287811
1287817
1287822
1287825
1287832
1287868
1287871
1287872
1287873
1287874
1287876
1288116
1288273
1288307
1288308
1288310
1288311
1288357
1288358
1288413
1288414
1288500
1288692
1288703
1288829
1288887
1288889
1288911
1288913
1289198
1289199
1289200
1289201
1289202
1289467
1289544
1289547
1289555
1289562
1289563
1289564
1289588
1289595
1289596
1289597
1289598
1289599
1289600
1289601
1289939
1290326
1290327
1290329
1290330
1290331
1290581
1290582
1290584
1290587
1291378
1291515
1291574
1291619
1291622
1291648
1291650
1291651
1291653
1291654
1291658
1291810
1291811
1291812
1291813
1291814
1291821
1291822
1291823
1291826
1291829
1291834
1291837
1291843
1291844
1291845
1291849
1291853
1291856
1291858
1291860
1291863
1291864
1291865
1291866
1291868
1291869
1291870
1291872
1291873
1291874
1291879
1291880
1291882
1291887
1291888
1292086
1292145
1292146
1292147
1292148
1292396
1292397
1292398
1292399
1292400
1292401
1292402
1292403
1292404
1292977
1292979
1292987
1292994
1293001
1293003
1293004
1293015
1293082
1293278
1293283
1293286
1293302
1293418
1293419
1293420
1293421
1293422
1293433
1293536
1293539
1293540
1293572
1293736
1293737
1293739
1293741
1293742
1293743
1293744
1293745
1293746
1293747
1293748
1293832
1293833
1293834
1293835
1293836
1293838
1293839
1293840
1293842
1293843
1293848
1293849
1293853
1293901
1293961
1294091
1294092
1294095
1294100
1294111
1294112
1294114
1294154
1294155
1294157
1294158
1294159
1294160
1294161
1294163
1294164
1294167
1294168
1294169
1294170
1294171
1294174
1294177
1294277
1294408
1294610
1294611
1294613
1294618
1295012
1295014
1295080
1295304
1295305
1295306
1295307
1295309
1295310
1295311
1295314
1295315
1295317
1295323
1295512
1295521
1295562
1295563
1295570
1295571
1295572
1295620
1296130
1296136
1296140
1296203
1296225
1296239
1296246
1296250
1296260
1296261
1296265
1296542
1296549
1296550
1296559
1296569
1296572
1296573
1296591
1296592
1296641
1296646
1296647
1296654
1296655
1296656
1296659
1296660
1296661
1296662
1296681
1296686
1296690
1296691
1296697
1296698
1296699
1296702
1296704
1296708
1296709
1296712
1296718
1296722
1296725
1296726
1296733
1296734
1296737
1296738
1296739
1296746
1296749
1296754
1296758
1296763
1296764
1296776
1296779
1296780
1296781
1296785
1296786
1296792
1296795
1296797
1296799
1296802
1296803
1296804
1296809
1296814
1296815
1296816
1296819
1296821
1296822
1296825
1296827
1296829
1296830
1296831
1296833
1296834
1296835
1296837
1296843
1296845
1296847
1296850
1296852
1296855
1296861
1296862
1296863
1296864
1296865
1296867
1296868
1296869
1296871
1296872
1296876
1296877
1296882
1296890
1296891
1296892
1296894
1296897
1296898
1296900
1296902
1296903
1296904
1296906
1296912
1296914
1296918
1296919
1296920
1296921
1296923
1296925
1296926
1296928
1296931
1296933
1296935
1296936
1296937
1296938
1296945
1296946
1296947
1296951
1296954
1296967
1296970
1296972
1296975
1296976
1297542
1297543
1297544
1297545
1297546
1297547
1297548
1297549
1297632
1297645
1297646
1297661
1297662
1297741
1297894
1297897
1297898
1298387
1298529
1298531
1298630
1298631
1298632
1298633
1298634
1298653
1298740
1298745
1298746
1298748
1298755
1298942
1299296
1299297
1299306
1299307
1299308
1299309
1299310
1299311
1299312
1299313
1299314
1299315
1299316
1299317
1299429
1299830
1299832
1299833
1299834
1299843
1299845
1299905
1299906
1299907
1299908
1299909
1299922
1299930
1299935
1299938
1299943
1299954
1299955
1299956
1299959
1299960
1299964
1299966
1299972
1299978
1299980
1299987
1299990
1299991
1299993
1299994
1300003
1300004
1300005
1300006
1300007
1300113
1300226
1300229
1300230
1300236
1300323
1300324
1300945
1300978
1300982
1300983
1300984
1300985
1300986
1300987
1300989
1300990
1300991
1300993
1300994
1300995
1300998
1301002
1301005
1301011
1301157
1301159
1301160
1301204
1301220
1301246
1301280
1301933
1301941
1301942
1301944
1301946
1301947
1301948
1301949
1301950
1301952
1301953
1301954
1301955
1301956
1301957
1301961
1301962
1301963
1301964
1301965
1301966
1301967
1301969
1301972
1301976
1301980
1301983
1301985
1301986
1301987
1301990
1301991
1301993
1301996
1301997
1301999
1302000
1302001
1302002
1302004
1302005
1302007
1302008
1302010
1302013
1302014
1302015
1302016
1302018
1302019
1302020
1302021
1302024
1302025
1302027
1302028
1302030
1302031
1302034
1302035
1302036
1302037
1302039
1302040
1302042
1302043
1302046
1302047
1302049
1302056
1302057
1302060
1302061
1302062
1302066
1302069
1302070
1302074
1302076
1302080
1302081
1302082
1302083
1302084
1302086
1302087
1302088
1302089
1302090
1302091
1302092
1302093
1302097
1302100
1302102
1302104
1302105
1302108
1302110
1302111
1302112
1302113
1302114
1302115
1302117
1302119
1302120
1302121
1302122
1302123
1302124
1302126
1302127
1302179
1302279
1302281
1302344
1302372
1302373
1302694
1302695
1302698
1302700
1302702
1302812
1302848
1302850
1302988
1302989
1302990
1302991
1302993
1302994
1303018
1303019
1303198
1303199
1303200
1303201
1303202
1303205
1303206
1303207
1303208
1303209
1303212
1303213
1303214
1303215
1303216
1303217
1303218
1303219
1303221
1303222
1303223
1303225
1303226
1303227
1303228
1303229
1303233
1303234
1303235
1303239
1303240
1303241
1303334
1303346
1303379
1303380
1303382
1303383
1303385
1303386
1303725
1303844
1303845
1303846
1303861
1303862
1304598
1304599
1304600
1304601
1304602
1304603
1304604
1304609
1304611
1304747
1304748
1304749
1304752
1304753
1304862
1305034
1305035
1305059
1305065
1305079
1305080
1305092
1305094
1305097
1305110
1305123
1305155
1305175
1305183
1305187
1305276
1305290
1305291
1305326
1305329
1305349
1305354
1305359
1305363
1305374
1305377
1305378
1305381
1305393
1305396
1305401
1305414
1305429
1305463
1305477
1305478
1305481
1305484
1305487
1305492
1305494
1305495
1305499
1305509
1305510
1305526
1305570
1305576
1305631
1305637
1305639
1305640
1305641
1305645
1305646
1305678
1305679
1305708
1305710
1305727
1306124
1306125
1306126
1306127
1306128
1306129
1306130
1306133
1306145
1306152
1306197
1306546
1306817
1306931
1307092
1307094
1307119
1307161
1307162
1307163
1307164
1307165
1307166
1307167
1307168
1307169
1307170
1307513
1307514
1307518
1307519
1307520
1307521
1307522
1307523
1307524
1307525
1307797
1307798
1307799
1307802
1307803
1307804
1307954
1307956
1307957
1307958
1308042
1308111
1308116
1308119
1308120
1308126
1308131
1308132
1308140
1308143
1308148
1308154
1308155
1308163
1308168
1308170
1308176
1308177
1308178
1308182
1308185
1308188
1308189
1308198
1308202
1308208
1308209
1308210
1308219
1308225
1308235
1308239
1308242
1308250
1308251
1308263
1308265
1308277
1308280
1308285
1308289
1308292
1308340
1308344
1308360
1308844
1308846
1308854
1308855
1308856
1308858
1308859
1308863
1308894
1308896
1308897
1308898
1308899
1309583
1309726
1309756
1309757
1309758
1309759
1309760
1309763
1309764
1309765
1309766
1309767
1309768
1309769
1309770
1309771
1309772
1309774
1309775
1309776
1309778
1309780
1309783
1309784
1309785
1309786
1309787
1309788
1309789
1310122
1310383
1310424
1310446
1310453
1310460
1310464
1310465
1310468
1310482
1310499
1310513
1310520
1310526
1310528
1310532
1310534
1310539
1311277
1311614
1311615
1311625
1311761
1311771
1312076
1312342
1312373
1312374
1312375
1312445
1312723
1312724
1312858
1312860
1312861
1312862
1312872
1312873
1312874
1312875
1312876
1312929
1313070
1313073
1313074
1313076
1313077
1313078
1313080
1313081
1313085
1313086
1313091
1313132
1313133
1313134
1313135
1313136
1313139
1313146
1313147
1313150
1313151
1313153
1313154
1313158
1313163
1313165
1313215
1313216
1313351
1313353
1313357
1313358
1313360
1313368
1313371
1313424
1314755
1314758
1314960
1314972
1314973
1314974
1315029
1315037
1315225
1315259
1315260
1315261
1315262
1315263
1315264
1315265
1315266
1315801
1315802
1315803
1315804
1315805
1315806
1315807
1315808
1315809
1315811
1315812
1315814
1315815
1315816
1315818
1315819
1315821
1315822
1315823
1315824
1315825
1315828
1315829
1315832
1315835
1315838
1315839
1315845
1315853
1315864
1315882
1315885
1315887
1315889
1315903
1315906
1315914
1315916
1315920
1315921
1315924
1315925
1315930
1315932
1315934
1315937
1315939
1315941
1315945
1315946
1315947
1315948
1315949
1315985
1315990
1315991
1315993
1316043
1316122
1316124
1316125
1316129
1316143
1316155
1316156
1316165
1316167
1316168
1316171
1316173
1316174
1316175
1316179
1316180
1316181
1316182
1316183
1316184
1316185
1316186
1316187
1316188
1316189
1316190
1316191
1316217
1316220
1316221
1316223
1316224
1316230
1316232
1316234
1316238
1316453
1316492
1316498
1316504
1316505
1316507
1316725
1316726
1316728
1316730
1316739
1316808
1316810
1316813
1316815
1316839
1316845
1316846
1316847
1316848
1316849
1316850
1316852
1316853
1316854
1316860
1316862
1316863
1316864
1316866
1316867
1316868
1316869
1316870
1316871
1316874
1316875
1316876
1316877
1316879
1316880
1316883
1316885
1316886
1316887
1316888
1316889
1316891
1316893
1316894
1316895
1316896
1316897
1316898
1316899
1316900
1316901
1316902
1316903
1316942
1316947
1316949
1316952
1316953
1317091
1317092
1317093
1317094
1317095
1317096
1317097
1317107
1317662
1317921
1317922
1317925
1317939
1317951
1317958
1317961
1317969
1317976
1317986
1317989
1318005
1318007
1318008
1318015
1318016
1318022
1318023
1318025
1318026
1318039
1318046
1318053
1318059
1318060
1318061
1318087
1318088
1318104
1318112
1318126
1318130
1318132
1318163
1318174
1318175
1318176
1318184
1318190
1318221
1318245
1318259
1318267
1318277
1318282
1318291
1318297
1318321
1318328
1318334
1318336
1318340
1318346
1318354
1318356
1318374
1318382
1318389
1318390
1318400
1318408
1318410
1318413
1318426
1318448
1318463
1318616
1319979
1319980
1320385
1320386
1320397
1320401
1320412
1320425
1320427
1320430
1320441
1320451
1320460
1320461
1320465
1320473
1320474
1320478
1320500
1320503
1320506
1320509
1320513
1320542
1320769
1320775
1320782
1320812
1320813
1320821
1320850
1320864
1320865
1320883
1320891
1320897
1320904
1320905
1320912
1320917
1320921
1320925
1320945
1320956
1320966
1320970
1320971
1320985
1320990
1321009
1321019
1321024
1321029
1321041
1321049
1321050
1321051
1321062
1321069
1321073
1321094
1321097
1321102
1321108
1321109
1321110
1321117
1321124
1321128
1321132
1321140
1321142
1321143
1321150
1321155
1321157
1321161
1321166
1321186
1321190
1321202
1321205
1321216
1321221
1321224
1321229
1321230
1321234
1321240
1321375
1321376
1321377
1321378
1321379
1321382
1321383
1321391
1321467
1321468
1321571
1321572
1321573
1321574
1321575
1321579
1321580
1321581
1321582
1321583
1321584
1321588
1321589
1321997
1321998
1321999
1322000
1322002
1322003
1322048
1322051
1322052
1322057
1322101
1322224
1322225
1322228
1322229
1322230
1322231
1322232
1322233
1322234
1322237
1322238
1322240
1322241
1322242
1322243
1322244
1322245
1322248
1322396
1322404
1322406
1322407
1322409
1322418
1322423
1322446
1322449
1322450
1322458
1322463
1322477
1322479
1322498
1322499
1322502
1322505
1322508
1322510
1322512
1322514
1322523
1322524
1322525
1322526
1322528
1322533
1322534
1322538
1322539
1322543
1322545
1322546
1322547
1322548
1322549
1322557
1322559
1322560
1322561
1322562
1322566
1322567
1322568
1322571
1322578
1322580
1322581
1322582
1322583
1322584
1322585
1322587
1322593
1322595
1322596
1322606
1322610
1322611
1322612
1322613
1322615
1322616
1322617
1322619
1322620
1322622
1322623
1322624
1322628
1322629
1322630
1322631
1322632
1322633
1322634
1322636
1322637
1322638
1322639
1322645
1322646
1322647
1322652
1322653
1322655
1322659
1322661
1322663
1322664
1322665
1322667
1322668
1322669
1322673
1322676
1322682
1322683
1322684
1322685
1322686
1322687
1322690
1322691
1322693
1322700
1322703
1322704
1322705
1322708
1322709
1322717
1322718
1322721
1322722
1322728
1322729
1322732
1322735
1322741
1322755
1322756
1322759
1322765
1322777
1322778
1322779
1322780
1322782
1322783
1322784
1322785
1322786
1322787
1322788
1322789
1322790
1322791
1322796
1322798
1322802
1322806
1322807
1322808
1322809
1322811
1322815
1322819
1322824
1322830
1322838
1322839
1322843
1322845
1322846
1322847
1322848
1322856
1322859
1322860
1322863
1322868
1322869
1322873
1322875
1322876
1322877
1322878
1322879
1322880
1322881
1322882
1322883
1322884
1322885
1322886
1322888
1322889
1322890
1322891
1322893
1322894
1322895
1322898
1322899
1322902
1322910
1322911
1322913
1322914
1322917
1322919
1322920
1322921
1322924
1322926
1322928
1322929
1322930
1322931
1322932
1322933
1322934
1322935
1322936
1322939
1322940
1322945
1322946
1322958
1322962
1322964
1322965
1322966
1322979
1322997
1322998
1323001
1323004
1323006
1323013
1323014
1323015
1323021
1323022
1323023
1323024
1323025
1323029
1323030
1323032
1323036
1323038
1323039
1323041
1323048
1323052
1323055
1323057
1323059
1323062
1323069
1323070
1323071
1323073
1323079
1323084
1323086
1323088
1323090
1323092
1323093
1323096
1323099
1323100
1323101
1323102
1323103
1323104
1323106
1323108
1323109
1323110
1323111
1323113
1323116
1323247
1323429
1323523
1323524
1323525
1323528
1323529
1323848
1324126
1324128
1324209
1324210
1324211
1324212
1324936
1324937
1324939
1324942
1324948
1324949
1324959
1325136
1325139
1325140
1325163
1325164
1325165
1325169
1325170
1325174
1325176
1325200
1325202
1325203
1325204
1325205
1325206
1325207
1325208
1325209
1325210
1325211
1325213
1325214
1325215
1325216
1325217
1325218
1325219
1325371
1325372
1325383
1325384
1325390
1325391
1325394
1325396
1325398
1325400
1325402
1325404
1325405
1325406
1325446
1325459
1325460
1325532
1325533
1325536
1325537
1325538
1325565
1325581
1325731
1325953
1325954
1325963
1326111
1326114
1326116
1326120
1326124
1326132
1326153
1326154
1326164
1326168
1326169
1326171
1326173
1326174
1326175
1326176
1326178
1326180
1326182
1326187
1326189
1326190
1326191
1326194
1326197
1326201
1326203
1326207
1326208
1326209
1326210
1326211
1326213
1326220
1326225
1326226
1326227
1326229
1326235
1326238
1326239
1326243
1326245
1326253
1326255
1326256
1326257
1326266
1326283
1326289
1326291
1326292
1326293
1326305
1326315
1326316
1326329
1326331
1326345
1326349
1326351
1326355
1326361
1326364
1326367
1326368
1326369
1326370
1326373
1326377
1326378
1326395
1326412
1326415
1326420
1326429
1326435
1326436
1326437
1326442
1326443
1326447
1326453
1326457
1326458
1326460
1326468
1326480
1326481
1326483
1326486
1326495
1326500
1326505
1326513
1326516
1326522
1326537
1326540
1326541
1326543
1326545
1326554
1326562
1326565
1326566
1326571
1326576
1326586
1326594
1326595
1326598
1326600
1326602
1326606
1326607
1326611
1326612
1326614
1326619
1326620
1326621
1326624
1326626
1326628
1326632
1326633
1326657
1326659
1326666
1326669
1326672
1326674
1326696
1326699
1326706
1326733
1327035
1327036
1327037
1327758
1327759
1327760
1327762
1327764
1327765
1327766
1327769
1327770
1327771
1327772
1327773
1327774
1327775
1327776
1327777
1327934
1327935
1327936
1327937
1327938
1327939
1327940
1327944
1327945
1327947
1327948
1327949
1327950
1327951
1327952
1327953
1327955
1327956
1327959
1327964
1327965
1327966
1327968
1327969
1327970
1327971
1327972
1327974
1327975
1327976
1327977
1327980
1327981
1327982
1327983
1327985
1327987
1327990
1327992
1327993
1327995
1327999
1328029
1328030
1328031
1328032
1328054
1328055
1328056
1328057
1328104
1328105
1328106
1328120
1328135
1328149
1328160
1328175
1328176
1328177
1328519
1328520
1328525
1328526
1328530
1328539
1328542
1328544
1328545
1328562
1328565
1328567
1328572
1328578
1328587
1328592
1328600
1328610
1328611
1328643
1328651
1328652
1328657
1328662
1328669
1328688
1328695
1329190
1329287
1329313
1329380
1329381
1329402
1329409
1329648
1329649
1329650
1329678
1329679
1329680
1329781
1329782
1329857
1329858
1329859
1329860
1329861
1329863
1329864
1329866
1329867
1329869
1329870
1329871
1329872
1329873
1329874
1329875
1329877
1329880
1329881
1329882
1329890
1330065
1330066
1330067
1330068
1330069
1330070
1330105
1330126
1330175
1330180
1330181
1330204
1330335
1330355
1330359
1330363
1330369
1330370
1330443
1330445
1330446
1330448
1330450
1330455
1330456
1330491
1330520
1330521
1330524
1330992
1330993
1330996
1330999
1331490
1331491
1331495
1331497
1331499
1331503
1331504
1331505
1331506
1331507
1331508
1331539
1331551
1331555
1331556
1331558
1331573
1331576
1331744
1331833
1331841
1331847
1331849
1331850
1332073
1332117
1332118
1332119
1332122
1332124
1332127
1332128
1332129
1332130
1332133
1332134
1332137
1332138
1332140
1332141
1332144
1332145
1332146
1332147
1332148
1332149
1332150
1332155
1332156
1332157
1332158
1332159
1332160
1332161
1332162
1332163
1332164
1332166
1332167
1332168
1332169
1332170
1332171
1332173
1332174
1332244
1332245
1332246
1332247
1332248
1332296
1332297
1332298
1332299
1332300
1332312
1332480
1332481
1332488
1332503
1332504
1332505
1332574
1332579
1332734
1333313
1333670
1333742
1333744
1334009
1334242
1334243
1334244
1334245
1334246
1334274
1334275
1334276
1334286
1334288
1334291
1334294
1334298
1334299
1334313
1334321
1334322
1334327
1334332
1334334
1334338
1334342
1334349
1334358
1334359
1334360
1334367
1334370
1334376
1334377
1334381
1334439
1334494
1334504
1334814
1334815
1334820
1334821
1335143
1335145
1335196
1335222
1335230
1335448
1335467
1335468
1335471
1335472
1335473
1335474
1335475
1335476
1335477
1335478
1335479
1335480
1335481
1335482
1335599
1335602
1335626
1335634
1335635
1335637
1335638
1335709
1335710
1335711
1335712
1335714
1335715
1335716
1335717
1335721
1335722
1335747
1335766
1335768
1335892
1335895
1335899
1336007
1336010
1336012
1336014
1336028
1336031
1336032
1336043
1336071
1336072
1336073
1336074
1336076
1336082
1336084
1336091
1336095
1336099
1336100
1336104
1336112
1336134
1336157
1336166
1336256
1336263
1336599
1336600
1336602
1336684
1336754
1337102
1337107
1337398
1337425
1337877
1338467
1338470
1338471
1338506
1338688
1338690
1339211
1340527
1340534
1340535
1340708
1340709
1340711
1340712
1340713
1340745
1340746
1340750
1340769
1340801
1340802
1340803
1340804
1340805
1340806
1340807
1340808
1340809
1340810
1340811
1340812
1340818
1340819
1340820
1340821
1340822
1340824
1340825
1340826
1340827
1340828
1340829
1340830
1340831
1340834
1340835
1340836
1341019
1341101
1341122
1341124
1341125
1341140
1341148
1341874
1341912
1341914
1341916
1341918
1341922
1341924
1341927
1342321
1342372
1342373
1342374
1342375
1342376
1342391
1342393
1342394
1342395
1342396
1342397
1342399
1342400
1342404
1342405
1342406
1342407
1342411
1342412
1342416
1342419
1342420
1342423
1342430
1342431
1342435
1342437
1342441
1342749
1342750
1343108
1343110
1343111
1343112
1343167
1343493
1343494
1343783
1343786
1343795
1343796
1343798
1343801
1343901
1343902
1343920
1344114
1344122
1344130
1344138
1344141
1344162
1344163
1344166
1344170
1344177
1344181
1344187
1344195
1344210
1344213
1344216
1344239
1344240
1344246
1344252
1344259
1344266
1344269
1344282
1344287
1344302
1344310
1344311
1344561
1344564
1344565
1344947
1344952
1345095
1345160
1345162
1345164
1345165
1345168
1345169
1345171
1345172
1345173
1345174
1345175
1345176
1345177
1345179
1345180
1345181
1345182
1345183
1345184
1345185
1345186
1345187
1345188
1345190
1345193
1345266
1345269
1345271
1345272
1345281
1345285
1345287
1345289
1345290
1345292
1345298
1345391
1345405
1345413
1345424
1345428
1345437
1345449
1345452
1345479
1345482
1345637
1345661
1345662
1346080
1346082
1346129
1346223
1346227
1346229
1346239
1346240
1346295
1346296
1346297
1346298
1346302
1346303
1346306
1346307
1346310
1346312
1346317
1346334
1346335
1346336
1346339
1346344
1346348
1346355
1346358
1346359
1346360
1346364
1346371
1346372
1346374
1346375
1346379
1346387
1346389
1346399
1346400
1346402
1346411
1346414
1346420
1346426
1346428
1346431
1346437
1346441
1346446
1346453
1346459
1346462
1346463
1346464
1346467
1346468
1346469
1346470
1346471
1346473
1346475
1346476
1346477
1346478
1346479
1346480
1346481
1346483
1346484
1346486
1346489
1346530
1346740
1346742
1346815
1346829
1346893
1347105
1347107
1347110
1347112
1347113
1347116
1347119
1347120
1347122
1347124
1347127
1347128
1347130
1347344
1347345
1347346
1347348
1347349
1347350
1347351
1347354
1347358
1347359
1347421
1347423
1347424
1347427
1347429
1347432
1347433
1347435
1347437
1347438
1347439
1347440
1347442
1347443
1347444
1347445
1347447
1347448
1347449
1347450
1347451
1347452
1347453
1347456
1347457
1347458
1347459
1347460
1347461
1347462
1347465
1347467
1347468
1347470
1347471
1347472
1347473
1347474
1347475
1347476
1347477
1347481
1347482
1347483
1347484
1347488
1347491
1347493
1347495
1347496
1347497
1347498
1347507
1347508
1347509
1347510
1347514
1347516
1347518
1347523
1347525
1347526
1347529
1347538
1347539
1347540
1347545
1347548
1347549
1347550
1347551
1347552
1347556
1347562
1347563
1347564
1347565
1347567
1347568
1347569
1347571
1347574
1347580
1347581
1347583
1347584
1347585
1347587
1347594
1347595
1347596
1347597
1347598
1347599
1347601
1347602
1347603
1347604
1347619
1347622
1347623
1347625
1347626
1347627
1347628
1347629
1347630
1347631
1347633
1347634
1347636
1347637
1347638
1347639
1347640
1347641
1347642
1347644
1347645
1347646
1347647
1347648
1347650
1347651
1347656
1347657
1347658
1347659
1347660
1347678
1347679
1347682
1347684
1347685
1347689
1347690
1347691
1347760
1347831
1347832
1348070
1348166
1348384
1348439
1348441
1348500
1348507
1348859
1348883
1348884
1348887
1348888
1348889
1348890
1348891
1348892
1348893
1348894
1348895
1348912
1349389
1349390
1349394
1349397
1349398
1349409
1349410
1349999
1350000
1350001
1350214
1350216
1350217
1350218
1350280
1350483
1351689
1351693
1351702
1351735
1351740
1351929
1352226
1352227
1352230
1352235
1352453
1352456
1352510
1352511
1352512
1352774
1352777
1352780
1352781
1352784
1352785
1352786
1352787
1352788
1352790
1352791
1352794
1352796
1352797
1352801
1352802
1352803
1352804
1352808
1352810
1352811
1352813
1352814
1352907
1352912
1352915
1353016
1353017
1353018
1353019
1353020
1353022
1353023
1353024
1353025
1353027
1353028
1353029
1353031
1353032
1353033
1353036
1353037
1353038
1353039
1353040
1353041
1353043
1353044
1353045
1353239
1353240
1353241
1353289
1353290
1353292
1353479
1353482
1353509
1353511
1353515
1353516
1353517
1353564
1353574
1353637
1353662
1353668
1353674
1353684
1353705
1353708
1353717
1353736
1353772
1353793
1353795
1353932
1353936
1353954
1354012
1354013
1354014
1354015
1354017
1354018
1354019
1354020
1354021
1354022
1354023
1354378
1354392
1354435
1354439
1354461
1354479
1354489
1354496
1354497
1354498
1354507
1354508
1354509
1354510
1354511
1354512
1354513
1354514
1354528
1354550
1354563
1354568
1354571
1354572
1354608
1354613
1354618
1354622
1354627
1354630
1354657
1354660
1354724
1354727
1354735
1354736
1355153
1355166
1355168
1355169
1355171
1355172
1355175
1355176
1355177
1355181
1355189
1357423
1357669
1357694
1357702
1357703
1357704
1357706
1357707
1357709
1357710
1357712
1357713
1357714
1357715
1357732
1357742
1357825
1357964
1357965
1357966
1358124
1358807
1364890
1364891
1364893
1364897
1364900
1364901
1364902
1364904
1365471
1365758
1365761
1365903
1366055
1366244
1366245
1366246
1366247
1366248
1366250
1366253
1366254
1366256
1366258
1366619
1366896
1367126
1367203
1367204
1367218
1367398
1367685
1367760
1367761
1367763
1367765
1367767
1367768
1367769
1367770
1367772
1367776
1367778
1367779
1367783
1367784
1367785
1367786
1367787
1367789
1367790
1367792
1367793
1367795
1367796
1367798
1367799
1367801
1367802
1367803
1367804
1367808
1367809
1367812
1367814
1367816
1367830
1367831
1367837
1367839
1367842
1367843
1367844
1368282
1368314
1368616
1369848
1369850
1369864
1369881
1369885
1369893
1369895
1369898
1369899
1369906
1369914
1369916
1369925
1369936
1369939
1369953
1369956
1369960
1369962
1369963
1369969
1369970
1369977
1369978
1369982
1369986
1369991
1369993
1370002
1370003
1370010
1370011
1370013
1370015
1370018
1370064
1370065
1370094
1370095
1370096
1378034
1378035
1378036
1378037
1378041
1378047
1378049
1378050
1378054
1378055
1378057
1379161
1379163
1379164
1379165
1379174
1379175
1379176
1379212
1379213
1379223
1379227
1379228
1379229
1379230
1379243
1379251
1379309
1379486
1379487
1379496
1379692
1379693
1379694
1379695
1379707
1379708
1379709
1379710
1379711
1379712
1379713
1379714
1379715
1379717
1379718
1379719
1379720
1379721
1379722
1379723
1379725
1379753
1379756
1379762
1379773
1379779
1379780
1379788
1380262
1380263
1380264
1380265
1380573
1380575
1380576
1380577
1380579
1380582
1380583
1380584
1380587
1380709
1380711
1380865
1380877
1380891
1380894
1381007
1381098
1381100
1381104
1381150
1381157
1381159
1381160
1381168
1381178
1381182
1381183
1381184
1381194
1381200
1381205
1381206
1381240
1381249
1381252
1381253
1381254
1381257
1381258
1381260
1381264
1381265
1381266
1381267
1381269
1381275
1381276
1381277
1381278
1381279
1381284
1381285
1381299
1381301
1381302
1381303
1381304
1381308
1381310
1381311
1381312
1381317
1381319
1381320
1381322
1381323
1381324
1381325
1381326
1381327
1381330
1381332
1381358
1381364
1381464
1381563
1381584
1381707
1381710
1381716
1382266
1382279
1382295
1382300
1382829
1382831
1382932
1382992
1382993
1382995
1383052
1383054
1383055
1383056
1383057
1383059
1383481
1383482
1383483
1383484
1383485
1383486
1383491
1383503
1383504
1383510
1383512
1383513
1383522
1383523
1383526
1383529
1383532
1383537
1383538
1383539
1383587
1383590
1383591
1383592
1383593
1383595
1383598
1383599
1383602
1383604
1383605
1383606
1383609
1383876
1383888
1383923
1383926
1383927
1383930
1383932
1383934
1383938
1383939
1383942
1383943
1383945
1383946
1383949
1383967
1383979
1383989
1383992
1383995
1383997
1384004
1384013
1384015
1384019
1384020
1384175
1384206
1384461
1384489
1384490
1384631
1384632
1384672
1384673
1385379
1385380
1385383
1385385
1385427
1385608
1385609
1385657
1385658
1385659
1385864
1385866
1385867
1385869
1385873
1385980
1386074
1386090
1386797
1386828
1386832
1386834
1386838
1386843
1386844
1386845
1386846
1387160
1387290
1387291
1387296
1387300
1387301
1387354
1387876
1387877
1387878
1387879
1387881
1387882
1387905
1387983
1388882
1389022
1389023
1389029
1389054
1389055
1389058
1389060
1389061
1389064
1389072
1389075
1389076
1389077
1389079
1389080
1389081
1389084
1389086
1389087
1389090
1389092
1389093
1389098
1389108
1389109
1389114
1389118
1389119
1389120
1389121
1389123
1389130
1389204
1389673
1389675
1389679
1389803
1389833
1389843
1389846
1389865
1389868
1389886
1389894
1389902
1389907
1389915
1389917
1390960
1390963
1390967
1390968
1390970
1390992
1391019
1391025
1391026
1391027
1391028
1391029
1391030
1391031
1391032
1391033
1391034
1391035
1391036
1391037
1391038
1391178
1391179
1391180
1391181
1391188
1391190
1391221
1391223
1391224
1391428
1391429
1391430
1391431
1391432
1391433
1391455
1391456
1391656
1391657
1391659
1391660
1391662
1391665
1391667
1391702
1391746
1391922
1391925
1391928
1391932
1391933
1391934
1392101
1392221
1392222
1392223
1392224
1392225
1392226
1392229
1392231
1392387
1392388
1392759
1392761
1392763
1393012
1393013
1393020
1393222
1394033
1394034
1394036
1394138
1394142
1394725
1394727
1394847
1394948
1394950
1394979
1394983
1395167
1395179
1395180
1395181
1395182
1395524
1395610
1395612
1395613
1395614
1395615
1395616
1395617
1395618
1395620
1395980
1395981
1395982
1395983
1396421
1396452
1396454
1396457
1396459
1396467
1396469
1396475
1396477
1396478
1396483
1396484
1396485
1396520
1396526
1396530
1396537
1396552
1396815
1396898
1396905
1396913
1396914
1396916
1396917
1396918
1396919
1396925
1396949
1396951
1396971
1396977
1396981
1396986
1396990
1396999
1397010
1397014
1397286
1397670
1397671
1397673
1397674
1397678
1398083
1398177
1398351
1398352
1398353
1398507
1398548
1398549
1398550
1398551
1398661
1398708
1398779
1398788
1398806
1398807
1398816
1398818
1398820
1398825
1398844
1398851
1398858
1398866
1398878
1398880
1398883
1398886
1398939
1398940
1399132
1399135
1399426
1399437
1399561
1399582
1399589
1399590
1399591
1399853
1399914
1399915
1399941
1399942
1399949
1399950
1399966
1399967
1399970
1399982
1400200
1400224
1400226
1400227
1400255
1400256
1400257
1400261
1400290
1400295
1400425
1400443
1400444
1400445
1400446
1400450
1400452
1400456
1400458
1400460
1400461
1400462
1400463
1400468
1400469
1400470
1400474
1400476
1400477
1400479
1400480
1400481
1400482
1400484
1400486
1400487
1400488
1400489
1400490
1400491
1400492
1400493
1400495
1400497
1400499
1400500
1400502
1400503
1400504
1400505
1400506
1400507
1400526
1400548
1400550
1400704
1400705
1400746
1400796
1400960
1401157
1401215
1401263
1401297
1401315
1401318
1401324
1401444
1401446
1401450
1401636
1401643
1401644
1401647
1401653
1401654
1401657
1401669
1401670
1401671
1402035
1402874
1402875
1403201
1403203
1403207
1403209
1403214
1403215
1403216
1403218
1403383
1403390
1403421
1403565
1404323
1404324
1404325
1404331
1404332
1404334
1404335
1404337
1404343
1404345
1405075
1405093
1405279
1405283
1405285
1405286
1405299
1405300
1405434
1405467
1405468
1405470
1405471
1405472
1405473
1405543
1405550
1405554
1405790
1405799
1405806
1405807
1406134
1406147
1406148
1406149
1406201
1406224
1406337
1406341
1406343
1406344
1406384
1406385
1406402
1406403
1406435
1406436
1406437
1406439
1406441
1406458
1406480
1406488
1406490
1406492
1406494
1406496
1406497
1406498
1406500
1406503
1406505
1406506
1406507
1406508
1406509
1406511
1406520
1406521
1406523
1406524
1406525
1406527
1406528
1406529
1406532
1406533
1406534
1406536
1406537
1406539
1406540
1406541
1406542
1406543
1406544
1406546
1406547
1406548
1406550
1406551
1406554
1406557
1406558
1406559
1406560
1406562
1406563
1406570
1406571
1406573
1406575
1406580
1406587
1406588
1406590
1406592
1406604
1406605
1406606
1406607
1406608
1406609
1406610
1406613
1406614
1406620
1406621
1406623
1406625
1406626
1406627
1406628
1406629
1406630
1406631
1406633
1406634
1406638
1406639
1406640
1406641
1406642
1406643
1406644
1406645
1406647
1406648
1406650
1406654
1406655
1406656
1406657
1406658
1406659
1406661
1406662
1406663
1406664
1406665
1406666
1406667
1406674
1406675
1406676
1406677
1406678
1406679
1406680
1406681
1406683
1406686
1406687
1406691
1406694
1406695
1406698
1406700
1406701
1406702
1406704
1406707
1406708
1406709
1406710
1406711
1406712
1406713
1406714
1406715
1406779
1406780
1406781
1406782
1406783
1406784
1406785
1406786
1406787
1406788
1406789
1406790
1406791
1406792
1406793
1406794
1406795
1406796
1406797
1406799
1406802
1406803
1406806
1406811
1406814
1406815
1406816
1406926
1406927
1406931
1406932
1406938
1406939
1406940
1406941
1406942
1406943
1406944
1406946
1406950
1406956
1406959
1406963
1406972
1406973
1406974
1406975
1406978
1406979
1406989
1406992
1406993
1406996
1407000
1407005
1407057
1407058
1407072
1407493
1407608
1407609
1407638
1407671
1407674
1407677
1407678
1407679
1407680
1407681
1407683
1407686
1407692
1407694
1407695
1407697
1407704
1407705
1407707
1407710
1407713
1407715
1407733
1407736
1408107
1408129
1408130
1408133
1408137
1408144
1408182
1408257
1408258
1408279
1408547
1408894
1408895
1408898
1410062
1410328
1410331
1410333
1410334
1410335
1410336
1410337
1410338
1410339
1410340
1410341
1410342
1410343
1410344
1410345
1410346
1410349
1410467
1410469
1410471
1410472
1410474
1410484
1410486
1410490
1410505
1410510
1411095
1411098
1411681
1411887
1411991
1412411
1412418
1412437
1412875
1413193
1413194
1413195
1413196
1413197
1413198
1413199
1413200
1413815
1414603
1414644
1414655
1414671
1414728
1414729
1414731
1414732
1414736
1414737
1414738
1414739
1414741
1414742
1414747
1414748
1414751
1414766
1414768
1414769
1414770
1415145
1415146
1415147
1415148
1415526
1415627
1415628
1415665
1415706
1415834
1415851
1415852
1416008
1416009
1416011
1416012
1416013
1416014
1416020
1416021
1416026
1416028
1416030
1416031
1416032
1416035
1416052
1416063
1416069
1416073
1416100
1416119
1416155
1416158
1416164
1416170
1416179
1416190
1416202
1416216
1416225
1416228
1416240
1416245
1416248
1416256
1416292
1416321
1416332
1416334
1416349
1416450
1416453
1416456
1416466
1416467
1416468
1416470
1416475
1416476
1416477
1416479
1416480
1416506
1416511
1416512
1416514
1416516
1416518
1416519
1416520
1416629
1416630
1416631
1416738
1416740
1416741
1416744
1416745
1416952
1416954
1416956
1417304
1417305
1417306
1417307
1417308
1417598
1417599
1417755
1417756
1417758
1417854
1417855
1417856
1417857
1417859
1417860
1417962
1417981
1418022
1418028
1418029
1418031
1418033
1418035
1418041
1418042
1418043
1418062
1418064
1418065
1418066
1418069
1418070
1418447
1418458
1418464
1418471
1419048
1419059
1419061
1419063
1419065
1419066
1419067
1419068
1419109
1419110
1419327
1419328
1419331
1419340
1419711
1420544
1420545
1420594
1420600
1420818
1420819
1420820
1420837
1420855
1420875
1421031
1421055
1421067
1421421
1421422
1421423
1421424
1421482
1421603
1421607
1421608
1421615
1421616
1421617
1421619
1421621
1421622
1421624
1421625
1421626
1421628
1421633
1421634
1421654
1421669
1421671
1421682
1421690
1421692
1421693
1421696
1421697
1421707
1421773
1421774
1421775
1421813
1423154
1423156
1423158
1423159
1423163
1423164
1423167
1423168
1423175
1423347
1423348
1423580
1424106
1424279
1424280
1424309
1424500
1424504
1424613
1424615
1424630
1424631
1424632
1424633
1424634
1424635
1424636
1425211
1425358
1425359
1425362
1425363
1425364
1425365
1425366
1425367
1425368
1425832
1425836
1425839
1425841
1425843
1425845
1425846
1425847
1425858
1425859
1425860
1425861
1425862
1425863
1425865
1425867
1425869
1425871
1425872
1425873
1425874
1425880
1425890
1425895
1425906
1425912
1425929
1425931
1425940
1425968
1425972
1425982
1425990
1425991
1425997
1425999
1426007
1426013
1426014
1426029
1426041
1426042
1426044
1426045
1426046
1426047
1426048
1426049
1426050
1426051
1426053
1426054
1426056
1426058
1426059
1426060
1426061
1427155
1427156
1427157
1427158
1427159
1427160
1427169
1427454
1427476
1427588
1427589
1427590
1427591
1427592
1427594
1427595
1427596
1427597
1427599
1427600
1427601
1427602
1427604
1427607
1427609
1427610
1427613
1427757
1427767
1427793
1427805
1427810
1427811
1427819
1427820
1427826
1427828
1427839
1427842
1427843
1427849
1427858
1427867
1427869
1427872
1427880
1427881
1427883
1427884
1427890
1427895
1427903
1427904
1427910
1427914
1427917
1427929
1427939
1427942
1427948
1427949
1427950
1427951
1427953
1427954
1427962
1427963
1427964
1427965
1427966
1427967
1427968
1427969
1427970
1427971
1427972
1427974
1427975
1427976
1427977
1428179
1428183
1428189
1428190
1428341
1428342
1428353
1428359
1428371
1428388
1428402
1428456
1428458
1428459
1428460
1428464
1428481
1428581
1428582
1428722
1428727
1428745
1428746
1428747
1428748
1428749
1428750
1428751
1428752
1428754
1428756
1428757
1428759
1428763
1429093
1429097
1429107
1429110
1429111
1429114
1429115
1429116
1429117
1429118
1429119
1429120
1429127
1429128
1429130
1429132
1429133
1429231
1429232
1429233
1429461
1429473
1429474
1429475
1429486
1429491
1429500
1429513
1429544
1429547
1429569
1429604
1429758
1429759
1429760
1429765
1429766
1429767
1429768
1429791
1429792
1429793
1429794
1429810
1429811
1429855
1429903
1429904
1429905
1429912
1429962
1429966
1429985
1430411
1430441
1430444
1431340
1431395
1431456
1431460
1431474
1431594
1431595
1431601
1431602
1431605
1431612
1431613
1431625
1431626
1431629
1431630
1431632
1431633
1431634
1431635
1431636
1431637
1431641
1431747
1431748
1431819
1432004
1432135
1432167
1432168
1432173
1432174
1432175
1432176
1432178
1432179
1432181
1432186
1432191
1432195
1432215
1432220
1432225
1432230
1432233
1432238
1432429
1432430
1432439
1432440
1432441
1432563
1432565
1432574
1432577
1432578
1432579
1432580
1432582
1432583
1432586
1432587
1432589
1432591
1432592
1432593
1432594
1432595
1432597
1432598
1432600
1432601
1432602
1432603
1432604
1432606
1432607
1432608
1432609
1432610
1432613
1432614
1432616
1432617
1432618
1432619
1432620
1432621
1432622
1432627
1432628
1432630
1432631
1432632
1432633
1432634
1432635
1432637
1432638
1432639
1432640
1432641
1432642
1432643
1432645
1432646
1432648
1432650
1432658
1432799
1432800
1432801
1432803
1432821
1432831
1432840
1432847
1432848
1432852
1432853
1432856
1432857
1433214
1433215
1434070
1434088
1434127
1434319
1434323
1434364
1434660
1434720
1434782
1434986
1434987
1434988
1435008
1435062
1435067
1435148
1435208
1435294
1435411
1435412
1435413
1435414
1435438
1435439
1435440
1435441
1435442
1435443
1435444
1435445
1435446
1435447
1435448
1435449
1435450
1435451
1435457
1435459
1435462
1435485
1435978
1436123
1436816
1436889
1436890
1436892
1436976
1436977
1436978
1436982
1436987
1436992
1436994
1436997
1437064
1437070
1437097
1437098
1437099
1437100
1437102
1437103
1437104
1437125
1437189
1437328
1437329
1437363
1437839
1437850
1439705
1439707
1439894
1440074
1440075
1440080
1440086
1440090
1440093
1440094
1440096
1440097
1440102
1440108
1440109
1440112
1440170
1441397
1441418
1441428
1441444
1441691
1441692
1441694
1441695
1441696
1441697
1441744
1441778
1441780
1441796
1441797
1441798
1441799
1441800
1442001
1442003
1442008
1442009
1442010
1442012
1442153
1442154
1442158
1442164
1442384
1442386
1442594
1442941
1442949
1442993
1443008
1443017
1443030
1443457
1443458
1443459
1443461
1443804
1443880
1443883
1443884
1443885
1443910
1444759
1445037
1445044
1445046
1445047
1445048
1445050
1445051
1445052
1445053
1445058
1445059
1445060
1445061
1445062
1445063
1445064
1445065
1445066
1445067
1445068
1445069
1445070
1445071
1445072
1445078
1445080
1445081
1445082
1445083
1445084
1445085
1445086
1445087
1445088
1445089
1445090
1445092
1445093
1445097
1445098
1445099
1445102
1445103
1445104
1445105
1445106
1445113
1445114
1445116
1445120
1445123
1445125
1445127
1445131
1445132
1445134
1445136
1445138
1445139
1445141
1445142
1445143
1445145
1445146
1445150
1445151
1445152
1445155
1445159
1445161
1445164
1445165
1445168
1445169
1445170
1445171
1445174
1445175
1445176
1445179
1445184
1445185
1445186
1445188
1445189
1445190
1445191
1445192
1445193
1445194
1445196
1445199
1445201
1445202
1445203
1445204
1445205
1445207
1445212
1445215
1445216
1445217
1445218
1445222
1445223
1445224
1445225
1445226
1445228
1445229
1445230
1445231
1445233
1445234
1445235
1445236
1445237
1445238
1445239
1445241
1445242
1445243
1445246
1445247
1445248
1445251
1445297
1445299
1445300
1445301
1445302
1445303
1445304
1445307
1445309
1445310
1445312
1445314
1445317
1445318
1445319
1445320
1445321
1445322
1445323
1445324
1445369
1445371
1445373
1445374
1445375
1445376
1445377
1445378
1445382
1445383
1445384
1445386
1445388
1445389
1445390
1445391
1445393
1445394
1445396
1445397
1445398
1445399
1445400
1445401
1445402
1445403
1445404
1445405
1445407
1445408
1445409
1445410
1445413
1445418
1445553
1445557
1445714
1445715
1445726
1445727
1445728
1445729
1445809
1445810
1445811
1445858
1445859
1445860
1446308
1446361
1446489
1446490
1446492
1446853
1446857
1446859
1446864
1446865
1446871
1446873
1446874
1446876
1446878
1446879
1447721
1447727
1447729
1447732
1447736
1447737
1447743
1447752
1447755
1447813
1447814
1447900
1447901
1448273
1448274
1448276
1448285
1448296
1448984
1449437
1449545
1449754
1449827
1449852
1449855
1449857
1449858
1449859
1449864
1449869
1449872
1449896
1449897
1450142
1450169
1450478
1450488
1450490
1450663
1450702
1450703
1450704
1450706
1450711
1450712
1450729
1450730
1450731
1450732
1450733
1450736
1450737
1450738
1450746
1450749
1451050
1451082
1451083
1451084
1451085
1451086
1451087
1451091
1451092
1451097
1451102
1451109
1451313
1451316
1451499
1451500
1451511
1452354
1452434
1452436
1452514
1452516
1452530
1452531
1452533
1452541
1452542
1452592
1452606
1452618
1452620
1452626
1452635
1452750
1452757
1452758
1453080
1453081
1453082
1453083
1453098
1453322
1453336
1453337
1453367
1453404
1453405
1453407
1453408
1453409
1453410
1453744
1453745
1453746
1453750
1453753
1453902
1453910
1453912
1453913
1453916
1453918
1453927
1453935
1453942
1453947
1453952
1453958
1453959
1453965
1453970
1453974
1453975
1454021
1454022
1454023
1454024
1454025
1454026
1454028
1454030
1454041
1454174
1454177
1454178
1454181
1454185
1454186
1454227
1454273
1454274
1454275
1454276
1454277
1454278
1454279
1454280
1454281
1454282
1454283
1454284
1454285
1454286
1454287
1454288
1454289
1454290
1454291
1454292
1454293
1454294
1454295
1454296
1454297
1454298
1454299
1454301
1454302
1454303
1454304
1454305
1454306
1454307
1454308
1454309
1454359
1454360
1454361
1454362
1454551
1454552
1454840
1454843
1454844
1454845
1454846
1454877
1454882
1454883
1454888
1454895
1454903
1454906
1455074
1455075
1455076
1455318
1455320
1455322
1455327
1455335
1455336
1455337
1455339
1455353
1455355
1455358
1455365
1455375
1455377
1455386
1455400
1455401
1455404
1455405
1455406
1455407
1455408
1455412
1455421
1455433
1455444
1455446
1455447
1455448
1455449
1455450
1455451
1455453
1455454
1455456
1455459
1455467
1455469
1455470
1455475
1455477
1455478
1455484
1455488
1455489
1455499
1455506
1455524
1455525
1455526
1455529
1455531
1455535
1455539
1455541
1455545
1455547
1455548
1455552
1455554
1455626
1455651
1455652
1455653
1455654
1456752
1456885
1457165
1457166
1457247
1457322
1457348
1457386
1457545
1457546
1457548
1457549
1457559
1457561
1457562
1457563
1457564
1457565
1457571
1457573
1457574
1457575
1457576
1457577
1457578
1457579
1457581
1457582
1457583
1457586
1457588
1457590
1457591
1457611
1457632
1457649
1457656
1457664
1457692
1458052
1458057
1458058
1458061
1458186
1458241
1458242
1458443
1458458
1458459
1458533
1458669
1458670
1458697
1458701
1458702
1458703
1458705
1458706
1458709
1458710
1458711
1458712
1458713
1458714
1458715
1458716
1458717
1458724
1458725
1458726
1458831
1458841
1458842
1458843
1458846
1458848
1458849
1458851
1458852
1458853
1458854
1458855
1458856
1458857
1458858
1458859
1458860
1458861
1458862
1458863
1458867
1459003
1459044
1459046
1459047
1459051
1459641
1459667
1459668
1459677
1459726
1459728
1459740
1459783
1459785
1459800
1460005
1460070
1460071
1460072
1460361
1460362
1460363
1460364
1460366
1460367
1460374
1460451
1460455
1460462
1460465
1460467
1460472
1460473
1460478
1460479
1460480
1460481
1460482
1460486
1460487
1460489
1460491
1460493
1460495
1460702
1460713
1460714
1460721
1460722
1460723
1460724
1460726
1460727
1460728
1460731
1460733
1460734
1460735
1460736
1460737
1460738
1460740
1460741
1460742
1460743
1460744
1460745
1460746
1460747
1460748
1460749
1460750
1460752
1460753
1460754
1460755
1460756
1460757
1460758
1460759
1460760
1460761
1460762
1460763
1460764
1460767
1460768
1460769
1460774
1460777
1460778
1460779
1460781
1460782
1460783
1460784
1460786
1460787
1460788
1460790
1460791
1460793
1460794
1460799
1460801
1460806
1460807
1460809
1460810
1460811
1460812
1460814
1460815
1460816
1460818
1460820
1460821
1460822
1460823
1460824
1460825
1460826
1460827
1460828
1460829
1460830
1460831
1460832
1460833
1460834
1460835
1460836
1460837
1460839
1460841
1460842
1460843
1460844
1460845
1460846
1460847
1460848
1460849
1460850
1460851
1460853
1460854
1460855
1460856
1460857
1460859
1460860
1460861
1460862
1460863
1460889
1460890
1460939
1460940
1460945
1460947
1461100
1461208
1461210
1461211
1461212
1461213
1461214
1461215
1461216
1461217
1461218
1461219
1461220
1461221
1461222
1461223
1461224
1461226
1461227
1461228
1461229
1461230
1461231
1461232
1461233
1461234
1461235
1461236
1461237
1461246
1461295
1461300
1461304
1461309
1461362
1461363
1461364
1461365
1461366
1461369
1461395
1461695
1461696
1461702
1461704
1461725
1461732
1461733
1461735
1461738
1461743
1461750
1461753
1461756
1461758
1461765
1461792
1461816
1461821
1461822
1461842
1461843
1461846
1461872
1461883
1461884
1461890
1461891
1461894
1461903
1461907
1461910
1461911
1461912
1461921
1461923
1461924
1461931
1461934
1461941
1461942
1461950
1461966
1461967
1461969
1461980
1461981
1461993
1461996
1462002
1462012
1462027
1462031
1462032
1462033
1462037
1462046
1462048
1462055
1462059
1462067
1462070
1462071
1462074
1462078
1462083
1462089
1462091
1462092
1462093
1462099
1462119
1462125
1462137
1462143
1462145
1462146
1462147
1462148
1462154
1462155
1462156
1462158
1462160
1462163
1462165
1462169
1462170
1462176
1462182
1462183
1462184
1462186
1462188
1462238
1462259
1462265
1462353
1462354
1462355
1462357
1462358
1462361
1462363
1462366
1462370
1462379
1462381
1462384
1462385
1462390
1462395
1462396
1462397
1462399
1462401
1462404
1462407
1462408
1462409
1462410
1462411
1462413
1462581
1462588
1462608
1462681
1462682
1462685
1463160
1463161
1463162
1463499
1463544
1463545
1463607
1463809
1463811
1463812
1463813
1463817
1464071
1464072
1464073
1464074
1464075
1464127
1464128
1464129
1464133
1464135
1464137
1464144
1464163
1464778
1464786
1465585
1465586
1465587
1465588
1465589
1465590
1465613
1465618
1465639
1465725
1465751
1468117
1468122
1468124
1468126
1468127
1468129
1468130
1468131
1468133
1468134
1468135
1468136
1468169
1468172
1468179
1468411
1468454
1468497
1468501
1468503
1468504
1468554
1468556
1468576
1468577
1468596
1468597
1468610
1468611
1468612
1468614
1468615
1468616
1468617
1468620
1468621
1468622
1468623
1468624
1468625
1468627
1468628
1468629
1468631
1468635
1468636
1468637
1468639
1468647
1468648
1468655
1468656
1468664
1468665
1468666
1468667
1468668
1468670
1468672
1468674
1468679
1468688
1468692
1468693
1468694
1468696
1468697
1468698
1468700
1468701
1468704
1468712
1468714
1468718
1468720
1468722
1468730
1468732
1468735
1468739
1468740
1468741
1468743
1468745
1468754
1468762
1468764
1468774
1468775
1468783
1468784
1468786
1468790
1468791
1468792
1468793
1468794
1468796
1468798
1468799
1468801
1468803
1468809
1468813
1468815
1468816
1468817
1468829
1468831
1468832
1468834
1468835
1468839
1468842
1468848
1468849
1468850
1468861
1468864
1468867
1468869
1468870
1468873
1468875
1468877
1468881
1468883
1468885
1468890
1468893
1468894
1468896
1468897
1468898
1468899
1468900
1468901
1468904
1468905
1468915
1468919
1468921
1468923
1468932
1468933
1468940
1468942
1468943
1468944
1468953
1468955
1468961
1468964
1468970
1468971
1468973
1468975
1468977
1468979
1468982
1468984
1468985
1468988
1468989
1468990
1468992
1468993
1468997
1469006
1469007
1469008
1469009
1469010
1469014
1469021
1469023
1469024
1469034
1469035
