2050473
2050474
2050475
2050477
2050478
2050479
2050480
2050481
2050482
2050483
2050485
2050486
2050487
2050488
2050489
2050490
2050491
2050492
2050493
2050494
2050497
2050498
2050499
2050500
2050501
2050502
2050503
2050504
2050505
2050506
2050507
2050508
2050509
2050510
2050511
2050513
2050514
2050515
2050518
2050519
2050522
2050524
2050525
2050532
2050534
2050535
2050537
2050538
2050539
2050540
2050541
2050542
2050543
2050544
2050545
2050546
2050547
2050548
2050549
2050552
2050553
2050554
2050555
2050556
2050557
2050558
2050559
2050560
2050578
2050579
2050583
2050584
2050585
2050586
2050587
2050589
2050596
2050840
2050876
2050877
2050878
2050925
2050928
2050929
2050930
2050964
2050969
2050971
2050976
2050979
2051140
2051143
2051149
2051156
2051158
2051161
2051168
2051170
2051171
2051173
2051178
2051187
2051188
2051190
2051191
2051194
2051196
2051206
2051214
2051217
2051218
2051222
2051223
2051226
2051228
2051230
2051231
2051232
2051233
2051234
2051240
2051241
2051242
2051245
2051248
2051249
2051251
2051257
2051266
2051267
2051271
2051272
2051281
2051282
2051287
2051289
2051296
2051297
2051303
2051310
2051314
2051317
2051320
2051321
2051323
2051328
2051334
2051338
2051340
2051349
2051350
2051352
2051353
2051354
2051355
2051361
2051363
2051364
2051365
2051369
2051370
2051373
2051382
2051383
2051384
2051390
2051392
2051395
2051396
2051399
2051403
2051404
2051406
2051407
2051409
2051410
2051411
2051413
2051416
2051418
2051425
2051431
2051432
2051434
2051435
2051438
2051441
2051442
2051457
2051467
2051473
2051479
2051482
2051486
2051490
2051491
2051498
2051500
2051504
2051511
2051512
2051513
2051515
2051517
2051519
2051526
2051527
2051537
2051538
2051543
2051544
2051550
2051561
2051564
2051565
2051566
2051567
2051569
2051573
2051574
2051577
2051585
2051586
2051587
2051595
2051602
2051603
2051607
2051609
2051610
2051618
2051620
2051624
2051626
2051632
2051636
2051638
2051639
2051672
2051936
2052022
2052029
2052035
2052066
2052067
2052068
2052070
2052074
2052075
2052076
2052080
2052081
2052082
2052157
2052172
2052192
2052197
2052198
2052199
2052200
2052202
2052206
2052209
2052217
2052221
2052224
2052236
2052247
2052250
2052255
2052272
2052286
2052465
2052466
2052477
2052478
2052558
2052559
2052560
2052561
2052562
2052563
2052564
2052565
2052566
2052567
2052568
2052569
2052570
2052571
2052606
2052607
2052649
2052651
2052685
2052731
2052732
2052733
2052734
2052736
2052742
2052743
2052750
2052753
2052754
2052755
2052757
2052805
2052806
2052807
2052808
2052821
2052822
2052838
2052850
2052851
2052890
2052891
2052892
2052893
2052894
2052895
2052897
2052899
2052913
2052930
2052931
2052932
2052933
2053015
2053026
2053055
2053078
2053079
2053080
2053081
2053082
2053182
2053183
2053244
2053246
2053248
2053251
2053265
2053269
2053275
2053563
2053587
2053603
2053604
2053623
2053653
2053671
2053672
2053674
2053675
2053681
2053682
2053684
2053685
2053686
2053690
2053693
2053697
2053698
2053699
2053700
2053701
2053702
2053703
2053704
2053705
2053706
2053707
2053708
2053709
2053723
2053812
2053813
2053814
2053815
2053898
2053917
2053919
2053921
2053923
2053981
2054046
2054092
2054093
2054095
2054102
2054103
2054118
2054120
2054179
2054272
2054273
2054274
2054409
2054415
2054592
2054593
2054609
2054610
2054611
2054612
2054613
2054614
2054616
2054617
2054618
2054619
2054877
2054920
2054930
2054956
2054960
2054961
2054963
2054969
2054971
2054980
2054981
2055002
2055004
2055007
2055008
2055017
2055018
2055238
2055261
2055262
2055263
2055848
2055854
2055863
2055870
2056088
2056122
2056123
2056124
2056125
2056126
2056127
2056161
2056194
2056196
2056197
2056198
2056199
2056200
2056201
2056203
2056205
2056255
2056257
2056323
2056324
2056331
2056332
2056340
2056341
2056347
2056349
2056350
2056355
2056374
2056383
2056384
2056385
2056516
2056540
2056541
2056542
2056544
2056545
2056546
2056547
2056548
2056549
2056550
2056551
2056552
2056567
2056767
2056768
2056780
2056781
2056878
2056879
2056880
2056881
2056882
2056883
2056884
2056885
2056886
2057161
2057187
2057198
2057199
2057509
2057931
2057932
2057933
2057938
2057940
2057942
2057943
2057944
2057945
2057946
2057947
2057974
2057975
2057976
2057977
2057978
2057979
2057984
2057985
2057997
2057998
2058008
2058015
2058016
2058029
2058033
2058035
2058046
2058063
2058067
2058071
2058073
2058075
2058079
2058081
2058083
2058090
2058091
2058092
2058093
2058094
2058161
2058396
2058615
2058617
2058620
2058757
2058759
2058778
2058779
2058837
2058840
2058856
2058858
2058863
2058870
2058871
2058872
2058874
2058876
2058877
2058878
2058935
2059288
2059300
2059308
2059380
2059381
2059413
2059415
2059552
2059554
2059562
2059566
2059582
2059583
2059584
2059598
2059603
2059622
2059642
2059665
2059674
2059675
2059676
2059679
2059795
2059850
2059851
2059854
2059855
2059856
2059857
2059867
2059877
2059878
2059879
2059880
2059881
2059882
2059883
2060021
2060027
2060038
2060081
2060084
2060085
2060087
2060088
2060089
2060090
2060091
2060092
2060093
2060111
2060112
2060118
2060119
2060120
2060122
2060126
2060127
2060128
2060129
2060135
2060136
2060137
2060138
2060139
2060140
2060142
2060261
2060266
2060268
2060270
2060271
2060273
2060280
2060290
2060291
2060292
2060295
2060298
2060338
2060339
2060479
2060485
2060490
2060491
2060492
2060511
2060617
2060720
2060721
2060778
2060945
2060946
2060947
2060948
2060949
2060950
2060951
2060952
2060953
2060954
2060955
2061053
2064730
2064731
2064732
2064733
2064734
2064735
2064736
2064737
2064738
2064740
2064741
2064742
2064743
2064965
2064966
2064969
2064974
2064982
2064993
2065031
2065033
2065036
2065037
2065038
2065043
2065044
2065045
2065046
2065047
2065048
2065049
2065050
2065051
2065052
2065053
2065054
2065055
2065056
2065191
2065199
2065202
2065203
2065204
2065210
2065211
2065215
2065326
2065328
2065330
2065342
2065343
2065344
2065348
2065349
2065351
2065355
2065357
2065358
2065359
2065364
2065797
2065798
2065806
2066003
2066109
2066116
2066120
2066124
2066126
2066147
2066163
2066166
2066167
2066168
2066207
2066225
2066233
2066245
2066263
2066265
2066277
2066286
2066287
2066298
2066302
2066304
2066307
2066331
2066332
2066338
2066339
2066353
2066356
2066357
2066361
2066365
2066369
2066383
2066389
2066395
2066401
2066403
2066405
2066407
2066413
2066414
2066503
2066504
2066695
2067573
2067607
2067611
2067627
2067632
2067633
2067646
2067659
2067739
2068674
2068675
2068676
2068681
2068691
2068699
2068708
2069312
2069313
2069319
2069320
2069321
2069322
2069323
2069324
2069325
2069326
2069327
2069328
2069371
2069476
2069480
2069502
2069534
2069545
2069608
2069609
2069610
2069614
2069615
2070023
2070026
2070027
2070028
2070035
2070042
2070044
2070051
2070052
2070054
2070057
2070058
2070065
2070066
2070067
2070068
2070071
2070076
2070086
2070100
2070103
2070104
2070105
2070117
2070120
2070123
2070125
2070127
2070129
2070137
2070144
2070151
2070152
2070178
2070179
2070180
2070181
2070182
2070183
2070184
2070185
2070186
2070187
2070188
2070189
2070190
2070193
2070194
2070197
2070198
2070199
2070200
2070201
2070202
2070211
2070494
2070715
2070716
2070717
2070718
2070719
2070720
2070721
2070722
2070723
2070724
2070725
2070726
2070727
2070728
2071318
2071320
2071324
2071325
2071566
2071636
2071637
2071659
2071719
2071759
2072003
2072004
2072005
2072006
2072008
2072010
2072011
2072024
2072041
2072060
2072064
2072065
2072069
2072071
2072072
2072093
2072094
2072096
2072101
2072117
2072122
2072123
2072150
2072159
2072163
2072170
2072173
2072177
2072193
2072209
2072351
2072391
2072393
2072643
2072797
2073044
2073143
2073163
2074132
2077133
2077134
2077135
2077150
2077183
2077277
2077287
2077296
2077298
2077299
2077300
2077302
2077303
2077304
2077305
2077307
2077308
2077310
2078576
2078577
2078581
2078583
2078789
2078790
2078791
2078792
2078793
2078794
2078795
2078796
2078799
2078800
2078801
2078802
2078803
2078804
2078805
2078806
2078807
2078808
2078809
2078811
2078812
2078813
2078814
2078815
2078816
2078817
2078818
2078819
2078820
2078822
2078823
2078824
2078825
2078986
2079134
2079148
2079257
2079258
2079259
2079262
2079275
2079276
2079278
2079279
2079280
2079281
2079282
2079283
2079284
2079285
2079287
2079288
2079289
2079290
2079298
2079315
2079316
2079317
2079321
2079340
2079347
2079397
2079398
2079399
2079400
2079401
2079402
2079403
2079407
2079409
2079410
2079412
2079413
2079414
2079415
2079417
2079418
2079420
2079421
2079422
2079423
2079424
2079425
2079426
2079427
2079428
2079429
2079430
2079431
2079432
2079433
2079434
2079465
2079521
2079534
2079541
2079543
2079544
2079549
2079554
2079563
2079564
2079565
2079566
2079567
2079568
2079570
2079571
2079572
2079573
2079577
2079578
2079579
2079580
2079581
2079582
2079583
2079584
2079586
2079587
2079588
2079589
2079590
2079591
2079592
2079593
2079598
2079601
2079605
2079606
2079607
2079609
2079610
2079612
2079613
2080107
2080255
2080258
2080259
2080260
2080261
2080447
2080449
2080450
2080456
2080457
2080458
2080459
2080460
2080462
2080463
2080464
2080823
2080833
2080834
2081603
2081604
2081616
2081617
2081618
2081619
2081620
2081621
2081622
2081624
2081625
2081626
2081628
2081630
2081631
2081904
2081950
2082229
2082230
2082585
2082586
2082657
2082658
2082665
2082666
2082667
2082668
2083001
2083159
2083161
2083176
2083181
2083182
2083183
2083191
2083198
2083199
2083207
2083209
2083214
2083275
2083276
2083300
2083425
2083444
2083445
2086356
2086357
2086436
2086639
2086640
2086643
2086644
2086649
2086650
2093214
2093217
2093218
2093219
2093224
2093270
2093273
2093274
2093275
2093375
2093376
2093496
2093788
2093789
2094116
2094128
2094129
2094130
2094131
2094132
2094135
2094136
2094137
2094138
2094140
2094141
2094142
2094143
2094144
2094185
2094186
2094187
2094258
2094259
2094260
2094261
2094303
2094572
2094713
2094719
2094720
2094724
2094725
2094734
2094736
2099336
2099338
2099352
2099356
2099390
2099443
2099444
2099445
2099446
2099448
2099449
2099450
2099451
2099452
2099521
2099567
2099585
2099624
2099625
2099626
2099627
2099628
2099629
2099630
2099631
2099633
2099634
2099635
2099636
2099637
2099638
2099639
2099640
2099641
2099642
2099644
2099645
2099646
2099648
2099649
2099650
2099651
2099652
2099653
2099658
2099797
2099850
2099851
2099852
2099854
2099857
2099859
2099860
2099861
2099862
2100124
2100130
2100419
2100420
2100421
2100727
2100815
2107573
2107574
2107707
2107708
2107709
2107710
2107711
2107712
2108054
2108109
2108110
2108111
2108112
2108113
2108114
2108115
2108116
2108117
2108118
2108119
2108120
2108121
2108123
2108124
2108125
2108126
2108127
2108129
2108131
2108132
2108133
2108134
2108137
2108200
2108201
2108202
2108203
2108204
2108205
2108206
2108207
2108208
2108210
2108211
2108212
2108328
2108357
2108359
2108440
2108446
2108447
2108459
2108460
2108520
2108521
2108549
2108550
2108551
2108552
2109364
2109365
2109366
2109367
2109373
2109374
2109376
2109379
2109380
2109586
2109587
2109652
2109910
2115790
2115844
2115847
2115848
2115958
2115964
2115965
2115967
2115988
2116114
2116115
2116116
2116117
2116118
2116119
2116120
2116121
2116122
2116123
2116124
2116125
2116126
2116127
2116128
2116129
2116130
2116131
2116132
2116133
2116134
2116135
2116136
2116137
2116138
2116139
2116140
2116141
2116142
2116143
2116144
2116145
2116146
2116147
2116148
2116149
2116150
2116151
2116153
2116154
2116155
2116156
2116157
2116158
2116159
2116160
2116161
2116162
2116163
2116164
2116165
2116166
2116167
2116168
2116169
2116171
2116172
2116173
2116175
2116177
2116178
2116179
2116180
2116181
2116182
2116183
2116184
2116185
2116186
2116187
2116188
2116189
2116190
2116191
2116192
2116193
2116194
2116195
2116196
2116197
2116198
2116199
2116200
2116201
2116202
2116203
2116204
2116205
2116206
2116207
2116208
2116209
2116326
2116327
2116328
2116329
2116330
2116331
2116332
2116333
2116334
2116337
2116338
2116339
2116340
2116341
2116342
2116343
2116344
2116345
2116346
2116357
2116359
2116360
2116361
2116362
2116366
2116369
2116370
2116371
2116372
2116373
2116374
2116375
2116376
2116377
2116378
2116379
2116380
2116381
2116382
2116383
2116384
2116385
2116386
2116387
2116388
2116389
2116390
2116391
2116392
2116393
2116394
2116395
2116396
2116397
2116398
2116399
2116400
2116414
2116415
2116416
2116417
2116418
2116419
2116420
2116421
2116422
2116423
2116424
2116425
2116426
2116428
2116429
2116430
2116431
2116432
2116433
2116434
2116435
2116436
2116437
2116438
2116439
2116440
2116441
2116442
2116443
2116447
2116448
2116449
2116451
2116452
2116453
2116454
2116455
2116456
2116457
2116463
2116464
2116465
2116466
2116467
2116468
2116469
2116470
2116471
2116472
2116473
2116474
2116475
2116476
2116477
2116478
2116479
2116480
2116481
2116482
2116483
2116484
2116486
2116487
2116488
2116489
2116490
2116536
2116537
2116538
2116559
2116560
2116599
2116604
2116623
2116688
2116708
2116736
2122733
2125980
2126056
2126098
2126099
2126131
2126132
2126133
2126437
2126519
2126524
2126525
2126611
2126721
2126722
2126723
2126724
2126734
2126735
2126736
2126785
2126786
2126787
2126789
2126790
2126791
2126803
2126804
2126805
2126806
2126807
2126808
2126809
2126812
2126813
2126814
2126815
2126816
2126817
2126819
2126922
2126923
2126924
2126925
2126926
2126927
2126928
2126929
2126930
2126931
2126932
2126933
2126934
2126935
2126936
2126943
2126945
2126947
2126949
2126950
2126951
2126952
2126954
2126955
2126956
2126957
2126958
2126979
2126980
2126984
2126985
2133750
2133760
2133791
2133792
2133793
2133794
2133795
2133796
2136008
2136036
2136038
2136178
2136179
2136181
2136283
2136797
2136799
2137161
2137174
2137175
2137183
2137184
2137242
2137351
2137352
2137353
2137503
2137507
2137508
2137509
2137511
2137540
2137541
2137542
2137543
2137546
2137606
2137607
2137745
2137753
2137754
2137858
2137874
2138297
2138298
2138299
2138326
2144176
2144177
2144178
2152567
2152660
2152662
2152919
2152923
2153295
2153377
2161784
2161785
2161795
2161797
2161798
2161799
2161803
2161804
2161805
2161807
2161808
2161809
2161810
2161811
2162638
2162642
2162682
2162683
2162684
2162685
2162686
2162687
2162688
2162689
2162690
2162691
2162699
2162700
2162701
2163008
2163032
2163420
2163421
2163587
2163588
2163589
2163590
2163591
2163592
2163593
2163594
2163595
2163596
2163597
2163598
2163605
2163629
2163631
2163632
2163633
2163634
2163635
2163636
2163645
2163884
2163885
2163886
2163887
2163888
2163889
2163890
2163891
2163899
2163916
2163962
2163963
2163964
2163965
2163970
2163976
2163977
2163978
2163979
2163980
2163982
2163983
2163984
2163985
2163986
2163987
2163996
2164061
2164100
2164101
2164102
2164103
2164174
2164175
2169442
2169477
2169478
2169479
2169480
2169481
2169482
2169483
2169484
2169485
2169486
2169529
2169530
2169531
2169532
2169534
2169536
2169561
2169567
2169568
2169569
2169570
2169571
2169572
2169574
2169575
2169576
2169577
2169595
2169596
2169597
2169598
2169599
2169600
2169601
2169607
2169608
2169609
2169610
2169611
2169612
2169613
2169614
2169615
2169616
2169617
2169618
2169619
2169620
2169621
2169622
2169623
2169624
2169625
2169626
2169627
2169628
2169629
2169630
2169631
2169632
2169633
2169634
2169635
2169636
2169637
2169638
2169639
2169640
2169641
2169642
2169643
2169644
2169645
2169646
2169647
2169648
2169649
2169650
2169651
2169652
2169653
2169654
2169655
2169656
2169657
2169658
2169659
2169660
2169661
2169662
2169663
2169664
2169665
2169666
2169667
2169668
2169669
2169670
2169685
2169686
2169687
2169688
2169689
2169690
2169692
2169693
2169699
2169700
2169701
2169704
2169705
2169706
2169707
2169708
2169709
2169721
2169722
2169723
2169725
2169726
2169727
2169728
2169729
2169730
2169731
2169732
2169733
2169734
2169735
2169736
2169738
2169739
2169740
2169741
2169742
2169743
2169744
2169747
2169757
2169759
2169760
2169775
2169776
2169777
2169782
2169798
2169799
2169801
2169802
2169803
2169804
2169807
2169808
2169809
2169810
2169811
2169812
2169814
2169823
2169824
2169825
2169829
2169834
2169836
2169837
2169838
2169839
2169841
2169842
2169843
2169846
2169852
2169853
2169854
2169855
2169856
2169857
2169858
2169859
2169860
2169861
2169862
2169863
2169864
2169865
2169866
2169867
2169868
2169870
2169871
2169872
2169873
2169874
2169875
2169876
2169877
2169878
2169879
2169880
2169881
2169882
2169883
2169884
2169885
2169886
2169893
2169894
2169901
2169902
2169903
2169904
2169905
2169907
2169908
2169910
2169918
2169919
2169920
2169921
2169922
2169923
2169924
2169925
2169926
2169927
2169928
2169930
2169931
2169932
2169933
2169935
2169936
2169937
2169960
2169961
2169962
2169963
2169965
2169966
2169967
2169968
2169970
2169971
2169973
2169974
2169975
2169976
2169977
2169978
2169979
2169980
2169981
2169984
2169985
2169986
2169987
2169988
2169990
2169991
2169998
2170000
2170001
2170002
2170003
2170004
2170005
2170006
2170007
2170008
2170027
2170028
2170029
2170030
2170033
2170039
2170041
2170042
2170043
2170044
2170045
2170046
2170047
2170048
2170049
2170050
2170052
2170053
2170054
2170057
2170060
2170061
2170064
2170091
2170098
2170099
2170100
2170101
2170102
2170103
2170104
2170105
2170106
2170107
2170108
2170109
2170110
2170111
2170112
2170113
2170114
2170115
2170117
2170118
2170119
2170120
2170121
2170122
2170123
2170124
2170125
2170126
2170127
2170128
2170129
2170130
2170132
2170135
2170139
2170170
2170171
2170172
2170173
2170174
2170180
2170181
2170191
2170193
2170194
2170195
2170197
2170198
2170199
2170200
2170201
2170202
2170203
2170204
2170205
2170206
2170209
2170211
2170215
2170216
2170217
2170220
2170221
2170222
2170224
2170233
2170234
2170235
2170236
2170237
2170238
2170239
2170240
2170246
2170247
2170248
2170249
2170250
2170251
2170253
2170254
2170255
2170256
2170305
2170312
2170313
2170402
2170403
2170404
2170405
2170406
2170407
2170408
2170409
2170410
2170411
2170412
2170423
2170538
2170544
2170545
2170547
2170548
2170549
2170576
2170578
2170586
2170587
2170588
2170589
2170590
2170591
2170592
2170593
2170594
2170595
2170596
2170597
2170705
2171371
2171372
2171373
2171374
2171375
2171376
2171377
2171378
2171379
2171380
2171381
2171382
2171383
2171384
2171385
2171386
2171387
2171388
2171389
2171390
2171391
2171392
2171393
2171394
2171395
2171525
2171586
2171721
2171759
2172017
2172040
2172041
2172042
2172089
2172091
2172092
2172093
2172094
2172402
2172534
2172548
2173138
2174902
2174956
2175004
2175117
2175169
2175246
2175278
2175279
2175295
2175329
2175592
2175602
2175605
2175606
2175687
2175688
2175800
2175843
2175844
2175845
2175867
2178918
2178919
2178920
2178921
2178922
2178923
2178927
2178928
2178929
2178932
2182318
2182320
2182321
2182322
2182324
2182340
2182341
2182344
2182345
2182346
2182347
2182348
2182349
2182350
2182351
2182352
2182353
2182354
2182355
2182356
2182357
2182358
2182359
2182360
2182361
2182392
2182393
2182394
2182395
2182396
2182397
2182398
2182399
2182400
2182402
2182403
2182404
2182405
2182406
2182407
2182408
2182467
2182585
2182586
2183732
2183735
2183738
2183739
2183740
2183741
2184034
2184035
2184051
2184081
2184265
2184269
2184393
2184394
2184395
2184396
2184397
2184398
2184399
2184403
2184404
2184405
2184468
2184469
2184698
2184699
2184710
2184715
2184748
2184749
2185079
2185086
2185087
2185132
2185168
2185170
2185281
2200716
2200756
2200757
2200830
2200909
2200955
2200956
2200957
2200958
2200959
2201042
2201043
2201163
2201166
2201169
2201260
2201276
2201277
2201278
2201279
2201280
2201281
2201282
2201283
2201284
2201285
2201286
2201287
2201289
2201291
2201292
2201293
2201294
2201295
2201296
2201297
2201298
2201299
2201300
2201301
2201302
2201303
2201304
2201305
2201307
2201309
2201310
2201311
2201312
2201313
2201314
2201315
2201316
2201317
2201318
2201319
2201320
2201321
2201322
2201323
2201325
2201346
2201347
2201348
2201349
2201378
2201414
2201415
2201416
2201417
2201420
2201421
2201424
2201426
2201427
2201428
2201429
2201430
2201431
2201432
2201433
2201434
2201435
2201436
2201437
2201438
2201439
2201440
2201441
2201442
2201443
2201444
2201446
2201447
2201448
2201450
2201452
2201453
2201454
2201455
2201462
2201469
2201470
2201471
2201472
2201742
2201988
2202135
2202138
2202146
2202225
2202246
2202247
2202248
2202322
2202559
2202562
2202565
2202566
2202624
2202644
2202645
2202646
2202647
2202649
2202811
2202812
2202813
2202814
2202954
2203081
2203191
2203776
2203780
2203781
2203894
2204151
2204153
2204154
2204155
2204156
2211152
2211153
2212402
2212477
2212644
2212645
2212747
2212748
2212749
2212751
2212755
2212758
2212761
2212768
2212769
2212774
2212776
2212779
2212780
2212781
2212784
2212790
2213020
2213167
2213168
2213169
2217649
2217650
2217872
2217874
2217875
2217876
2218497
2218498
2218499
2218519
2218538
2218594
2218595
2218612
2218616
2218617
2218618
2218619
2218620
2218652
2218660
2219036
2219046
2219047
2219048
2219049
2219050
2219051
2219052
2219053
2219055
2219089
2219090
2219091
2219092
2219093
2219103
2219105
2219106
2219109
2219110
2219111
2219112
2219113
2219114
2219115
2219116
2219117
2219118
2219119
2219120
2219121
2219122
2219123
2219124
2219126
2219129
2219130
2219132
2219133
2219134
2219135
2219136
2219137
2219138
2219139
2219140
2219141
2219142
2219143
2219164
2219165
2219166
2219167
2219214
2219215
2219217
2219222
2219223
2219561
2219562
2219644
2219863
2219873
2219899
2219987
2219988
2219989
2219990
2219991
2219997
2219998
2220002
2220003
2220062
2220065
2230895
2230896
2230897
2230898
2230899
2230900
2230901
2230902
2230910
2231185
2231334
2231335
2231337
2231340
2231342
2231344
2231345
2231346
2231347
2231348
2231349
2231351
2231352
2231353
2231354
2231355
2231359
2231361
2231362
2231639
2231642
2231643
2231646
2231665
2231666
2231667
2231668
2231669
2231670
2231671
2231672
2231673
2231674
2231675
2231676
2231677
2231679
2231680
2231681
2231682
2231683
2231684
2231685
2231686
2231687
2231688
2231689
2231690
2231691
2231692
2231693
2231694
2231695
2231696
2231697
2231700
2231703
2231705
2231707
2231710
2231711
2231712
2231713
2231714
2231715
2231716
2231717
2231755
2231756
2231757
2231763
2231769
2231770
2231771
2231772
2231773
2231774
2231775
2231776
2233536
2233537
2233538
2233540
2233614
2233775
2233778
2233782
2233868
2233872
2233873
2233992
2233993
2234025
2234026
2234027
2234028
2234030
2234031
2234032
2234033
2234034
2234035
2234036
2234037
2234047
2234072
2234073
2234074
2234075
2234076
2234077
2234079
2234080
2234081
2234082
2234083
2234084
2234085
2234086
2234088
2234092
2234093
2234106
2234121
2234122
2234123
2248769
2248770
2249313
2249314
2249315
2249467
2249763
2249768
2249769
2249773
2249775
2249777
2249779
2249780
2249930
2249931
2249932
2249933
2250119
2250120
2250121
2250214
2250215
2250219
2250220
2250288
2250289
2250290
2250291
2250292
2250293
2250294
2250295
2250296
2250297
2250298
2250299
2250300
2250301
2250302
2250304
2250305
2250306
2250308
2250309
2250310
2250311
2250312
2250313
2250314
2250319
2250320
2250321
2250322
2250323
2250324
2250326
2250327
2250328
2250329
2250330
2250331
2250332
2250333
2250334
2250335
2250336
2250337
2250349
2250350
2250351
2250352
2250353
2250354
2250355
2250356
2250357
2250359
2250360
2250361
2250362
2250363
2250364
2250365
2250367
2250368
2250369
2250370
2250371
2250373
2250374
2250375
2250376
2250377
2250378
2250379
2250380
2250381
2250382
2250383
2250384
2250385
2250386
2250387
2250389
2250390
2250392
2250393
2250394
2250395
2250396
2250397
2250399
2250400
2250401
2250402
2250403
2250405
2250407
2250408
2250409
2250412
2250414
2250415
2250417
2250418
2250419
2250421
2250422
2250423
2250424
2250425
2250427
2250429
2250449
2250450
2250451
2250452
2250469
2250639
2250642
2250700
2259331
2259332
2259334
2259343
2259540
2259657
2259728
2259776
2259777
2259778
2259779
2259782
2259783
2259784
2259786
2259788
2259789
2259792
2259807
2259808
2259810
2259811
2259884
2267235
2267236
2267237
2267238
2267239
2267241
2267248
2267398
2267403
2267518
2267560
2267607
2267608
2267653
2267654
2267655
2267678
2267679
2267680
2267885
2268047
2268051
2268052
2268053
2268125
2268393
2268396
2268405
2268406
2268421
2268578
2268587
2268588
2268589
2268590
2268591
2268607
2268608
2268609
2268610
2268612
2268613
2268614
2268615
2268616
2268618
2268619
2268620
2268621
2268622
2268623
2268743
2268983
2268986
2268989
2269000
2269044
2269047
2269048
2269062
2269064
2269360
2269366
2269380
2282173
2282175
2282196
2282206
2282396
2282399
2282400
2282401
2282402
2282407
2282408
2282409
2282412
2282480
2282485
2282487
2282490
2282491
2282493
2282494
2282495
2282496
2282497
2282498
2282499
2282500
2282502
2282504
2282505
2282506
2282507
2282508
2282511
2282512
2282513
2282514
2282515
2282516
2282517
2282519
2282522
2282629
2282630
2282631
2282638
2282643
2282645
2282904
2282908
2282909
2282910
2282911
2282912
2282989
2282994
2283011
2283012
2283013
2283014
2283015
2283016
2283017
2283018
2283019
2283020
2283021
2283022
2283023
2283024
2283025
2283026
2283027
2283028
2283029
2283030
2283031
2283033
2283098
2283236
2283237
2283239
2283241
2283244
2283247
2283248
2283249
2283250
2283251
2283252
2283253
2283254
2283255
2283256
2283258
2283259
2283260
2283261
2283262
2283263
2283264
2283265
2283266
2283267
2283269
2283270
2283271
2283272
2283281
2283282
2283286
2283287
2283288
2283289
2283290
2283291
2283292
2283293
2283294
2283295
2283296
2283297
2283298
2283299
2283300
2283301
2283302
2283303
2283304
2283305
2283314
2283388
2283642
2283799
2283800
2290808
2290809
2290890
2290927
2291613
2291614
2291835
2291940
2291941
2291942
2291943
2291944
2292426
2292642
2292651
2292652
2292880
2293273
2293274
2293277
2293278
2293279
2293280
2293281
2293282
2293283
2293286
2293287
2293288
2293289
2293290
2293291
2293292
2293293
2293294
2293295
2293296
2293297
2293298
2293299
2293301
2293302
2293303
2293305
2293308
2293309
2293310
2293314
2293720
2293721
2293728
2293880
2293881
2294094
2294149
2294150
2294151
2294153
2294154
2294155
2294156
2301300
2301301
2301302
2301448
2301453
2301497
2301507
2301508
2301518
2301527
2301529
2301530
2301531
2301532
2301535
2301536
2301537
2301538
2301539
2301540
2301541
2301542
2301543
2301544
2301545
2301546
2301547
2301548
2301549
2301550
2301551
2301552
2301553
2301554
2301556
2301558
2301559
2301560
2301561
2301563
2301564
2301565
2301566
2301567
2301569
2301570
2301571
2301572
2301573
2301574
2301575
2301600
2301601
2301602
2301603
2301604
2301605
2301607
2301608
2301609
2301611
2301612
2301613
2301614
2301615
2301616
2301617
2301618
2301619
2301620
2301621
2301635
2301637
2301638
2301642
2301646
2301647
2301648
2301649
2301650
2301651
2301652
2301653
2301654
2301655
2301656
2301658
2301659
2301661
2301662
2301664
2301684
2301685
2301686
2301687
2301688
2301689
2301690
2301691
2301692
2301693
2301694
2301695
2301696
2301697
2301698
2301699
2301700
2301701
2301702
2301703
2301704
2301705
2301706
2301707
2301708
2301709
2301710
2301711
2301712
2301713
2301714
2301715
2301720
2301721
2301722
2301723
2301724
2301725
2301726
2301727
2301728
2301729
2301731
2301732
2302419
2303151
2303158
2303160
2303178
2303390
2303394
2303395
2303411
2303482
2303485
2303487
2303488
2303489
2303490
2303580
2303959
2303994
2304000
2304001
2304025
2304033
2304034
2304056
2304198
2304199
2304214
2304449
2304450
2304463
2304466
2304477
2304478
2304479
2304480
2304481
2304483
2304484
2304485
2304486
2304491
2304493
2304494
2304495
2304496
2304497
2304498
2304499
2304502
2304503
2304505
2304508
2304509
2304510
2304511
2304512
2304513
2304514
2304515
2304516
2304517
2304518
2304522
2304615
2304617
2304618
2304619
2304620
2304621
2304647
2304648
2304660
2305035
2305250
2305257
2305258
2305269
2305270
2305465
2305480
2305482
2305483
2305484
2305485
2305486
2305487
2305488
2305489
2306056
2306063
2306079
2306278
2306284
2306285
2306565
2306566
2306623
2306727
2306813
2306885
2306887
2306966
2307015
2307016
2307017
2307112
2307269
2307284
2315167
2315168
2315193
2315194
2315196
2315197
2315198
2315199
2315200
2315201
2315202
2315205
2315206
2315217
2315335
2315392
2315458
2315465
2315466
2315467
2315468
2315469
2315470
2315471
2315475
2315477
2315478
2315482
2315483
2315484
2315485
2315486
2315527
2315529
2315531
2315532
2315533
2315534
2315535
2315536
2315537
2315539
2315540
2315541
2315542
2315544
2315546
2315547
2315578
2315580
2315597
2315601
2315608
2315609
2315610
2315611
2315612
2315613
2315614
2315615
2315616
2315617
2315618
2315619
2315627
2315628
2315629
2315691
2315692
2315693
2315695
2315696
2315700
2315701
2315702
2315703
2315704
2315705
2315706
2315707
2315708
2315709
2315710
2315711
2315712
2315713
2315714
2315715
2315716
2315717
2315721
2315724
2315763
2315766
2315797
2315803
2315804
2315805
2315806
2315807
2315808
2315809
2315810
2315811
2315813
2315854
2315855
2315856
2315857
2315863
2316013
2316014
2316016
2316019
2316143
2316144
2316154
2316740
2320183
2320184
2320186
2320188
2320190
2320191
2320192
2320193
2320194
2320195
2320196
2320197
2320198
2320522
2320698
2320700
2320701
2320739
2320870
2321390
2321391
2336744
2336760
2338059
2338394
2338395
2338396
2339254
2339258
2340711
2340712
2340713
2340714
2340715
2340716
2340717
2340719
2340720
2340808
2340861
2340870
2340873
2340905
2340906
2340908
2340909
2340910
2340996
2341010
2341047
2341048
2341050
2341077
2341078
2341079
2358186
2358214
2358294
2358449
2358483
2364128
2364129
2364130
2364131
2364132
2364194
2364197
2364198
2364199
2364200
2364201
2364202
2364203
2364204
2364205
2364280
2364281
2364291
2364644
2364645
2364646
2364897
2365005
2365006
2365008
2365009
2365010
2365011
2365012
2365013
2365014
2365015
2365016
2365017
2365018
2365019
2365020
2365021
2365022
2365026
2365027
2365028
2365029
2365030
2365031
2365032
2365033
2365034
2365035
2365036
2365037
2365038
2365039
2365040
2365041
2365042
2365043
2365044
2365045
2365046
2365047
2365048
2365049
2365050
2365051
2365052
2365053
2365054
2365055
2365056
2365057
2365058
2365059
2382092
2382121
2382122
2382310
2419504
2419523
2419524
2419525
2419526
2419581
2419582
2419608
2419609
2419610
2419611
2419612
2419613
2419614
2419615
2419617
2419618
2419619
2419620
2419621
2419622
2419623
2419624
2419625
2419626
2419627
2419628
2419629
2419630
2419631
2419632
2419634
2419635
2419636
2419638
2419639
2419640
2419641
2419642
2419643
2419645
2419646
2419647
2419648
2419649
2419650
2419654
2419655
2419656
2419657
2419661
2419662
2419663
2419666
2419667
2419682
2419683
2419747
2419748
2419752
2419753
2419754
2419756
2419758
2419759
2419760
2419761
2419762
2419797
2419804
2419805
2419930
2419938
2419939
2419940
2419942
2419945
2419946
2419948
2419949
2419950
2419951
2419952
2419953
2419954
2419955
2419956
2419957
2419958
2419959
2419960
2419961
2419962
2419963
2419964
2419965
2419966
2419967
2419968
2419970
2419971
2419974
2419976
2419977
2419978
2419979
2419980
2419986
2419987
2420054
2420055
2420056
2420235
2420237
2420238
2420239
2420240
2420320
2420341
2420347
2420348
2421278
2421281
2421386
2421439
2421440
2447800
2447802
2447803
2447804
2447805
2447806
2447808
2447809
2447810
2447811
2447812
2447814
2447815
2447816
2447817
2447818
2447819
2447820
2447821
2447822
2447823
2447824
2447825
2447826
2447827
2447828
2447829
2447915
2447916
2447920
2447921
2447922
2447923
2447924
2447927
2447928
2447929
2447930
2447931
2447932
2447933
2447934
2447938
2448017
2448018
2448213
2448216
2448270
2448274
2448354
2448649
2448895
2448896
2448897
2448898
2448899
2448904
2448906
2448907
2448908
2448909
2461378
2461417
2461419
2461421
2461423
2461425
2461426
2461427
2461428
2461429
2461430
2461431
2478383
2478384
2478654
2478655
2478683
2478911
2478919
2479372
2479459
2479483
2479933
2479934
2480171
2480172
2480173
2480174
2480175
2480176
2480177
2480178
2480179
2480180
2480181
2480182
2480183
2480184
2480185
2480186
2480187
2480188
2480191
2480192
2480193
2480196
2480197
2480201
2480622
2480623
2480685
2482768
2482770
2482952
2482953
2483037
2483303
2483305
2483307
2483417
2483418
2483604
2483607
2483608
2483609
2483610
2483612
2483623
2483660
2483661
2483664
2483665
2483666
2483667
2483668
2483669
2483670
2483671
2483672
2483673
2483674
2483675
2483712
2483713
2483714
2483715
2483718
2483719
2483720
2483721
2483722
2483772
2483850
2483851
2483852
2483877
2483878
2483879
2484112
2484116
2484205
2484206
2484207
2484208
2484209
2484211
2484213
2484214
2484216
2484217
2484218
2484222
2484226
2484249
2484637
2484638
2484639
2484640
2484867
2484986
2484993
2485221
2485231
2485233
2485835
2485865
2485868
2485870
2485871
2485873
2485875
2485876
2485878
2485879
2485880
2485881
2485882
2485883
2485916
2485917
2485918
2485919
2485920
2485922
2485923
2485924
2486070
2486071
2486072
2486187
2486188
2486189
2486204
2486220
2486281
2486603
2486665
2486713
2487095
2487100
2487141
2487147
2487338
2487339
2487340
2487341
2487438
2487441
2487700
2487724
2487725
2487726
2487727
2487744
2487745
2487752
2487753
2487754
2487763
2487764
2487765
2487766
2487767
2487768
2487769
2487770
2487771
2487772
2487773
2487774
2487775
2488327
2488332
2488356
2488571
2488573
2488574
2488578
2488589
2488595
2488596
2488632
2488654
2488664
2488668
2488679
2488680
2488682
2488702
2488704
2488705
2488708
2488711
2488712
2488713
2488780
2488781
2488782
2488783
2488784
2488785
2488786
2488788
2488789
2488792
2488793
2488832
2488835
2488858
2488859
2488948
2488949
2488951
2488952
2488953
2488954
2488955
2488956
2488957
2488958
2488959
2488960
2488962
2488963
2488964
2488965
2488966
2488967
2488968
2488969
2488970
2488971
2488972
2488973
2488974
2488975
2488976
2488977
2488978
2488980
2488981
2489148
2489185
2489186
2489187
2489188
2489189
2489190
2489597
2489598
2489622
2489624
2489626
2489627
2489631
2489632
2489634
2489637
2490442
2490446
2490447
2490448
2490449
2490450
2490451
2490812
2490813
2490814
2490815
2490816
2490817
2490818
2490819
2490820
2490821
2490822
2490823
2490824
2490826
2490828
2490861
2491016
2491018
2491019
2491281
2491282
2491283
2491284
2491285
2491286
2491287
2491288
2491289
2491290
2491291
2491292
2491316
2491317
2491318
2491319
2491320
2491321
2491322
2491323
2491346
2491350
2491351
2491352
2491660
2491661
2491663
2491673
2491674
2491899
2491943
2491944
2491945
2491948
2491949
2491951
2492437
2492447
2492466
2492467
2492468
2492473
2492474
2492475
2492655
2492656
2492657
2492658
2492659
2492948
2492961
2492962
2493083
2493116
2493121
2493122
2493124
2493125
2493126
2493995
2494210
2494327
2494332
2494333
2494350
2494552
2494563
2494736
2494737
2494738
2494739
2494740
2494741
2494742
2494743
2494744
2494745
2494746
2494747
2494748
2494749
2494750
2494751
2494752
2494753
2494754
2494755
2494756
2494757
2494758
2494759
2494760
2494761
2494762
2494763
2494765
2494766
2494767
2494768
2494769
2494770
2494771
2494772
2494773
2494774
2494775
2494776
2494777
2494778
2494779
2494780
2494781
2494782
2494783
2494784
2494785
2494787
2494788
2494790
2494791
2494792
2494793
2494794
2494795
2494796
2495433
2495531
2495532
2495533
2495553
2495554
2495555
2495557
2495576
2495749
2495751
2495901
2496155
2496268
2496271
2496272
2496274
2496520
2496544
2496545
2496546
2496547
2496549
2496550
2496551
2496574
2496575
2496585
2496589
2496631
2496633
2496634
2497329
2497330
2497337
2497338
2497339
2497408
2497432
2497443
2497444
2497445
2497547
2497568
2497569
2497570
2497571
2497572
2497573
2497574
2497575
2497576
2497577
2497859
2497865
2497866
2497867
2497940
2497942
2498143
2498144
2498590
2498591
2498616
2498817
2498843
2498844
2498999
2499000
2499001
2499002
2499003
2499004
2499005
2499006
2499007
2499008
2499009
2499012
2499013
2499014
2499016
2499017
2499018
2499019
2499020
2499021
2499022
2499023
2499024
2499026
2499027
2499031
2499032
2499033
2499034
2499035
2499036
2499037
2499038
2499039
2499040
2499042
2499043
2499044
2499045
2499046
2499047
2499048
2499049
2499052
2499054
2499055
2499056
2499057
2499058
2499059
2499060
2499061
2499062
2499063
2499064
2499065
2499066
2499067
2499068
2499069
2499070
2499071
2499072
2499073
2499074
2499142
2499223
2499224
2499225
2499226
2499227
2499228
2499229
2499230
2499231
2499232
2499233
2499234
2499242
2499245
2499246
2499247
2499248
2499252
2499398
2499399
2499400
2499401
2499402
2499403
2499405
2499407
2499408
2499411
2499603
2499604
2499605
2499606
2499607
2499608
2499609
2499610
2499611
2499612
2499613
2499614
2499615
2499616
2499617
2499618
2499620
2499621
2499622
2499623
2499624
2499625
2499674
2499675
2499676
2499677
2499678
2499679
2499680
2499683
2499684
2499685
2499881
2499902
2499909
2499930
2499932
2500136
2500137
2500138
2500145
2500149
2500150
2500151
2500166
2500169
2500556
2500557
2500558
2500559
2500560
2500561
2500562
2500563
2500564
2500565
2500566
2500567
2500568
2500569
2500570
2500571
2500572
2500573
2500574
2500576
2500577
2500578
2500580
2500581
2500761
2500762
2500763
2500764
2500786
2500787
2500789
2500790
2500791
2500792
2500794
2500795
2500796
2500797
2500798
2500799
2500801
2500802
2500803
2500804
2500805
2500807
2500808
2500809
2500810
2500814
2500817
2500818
2500819
2500820
2500821
2500826
2500827
2500828
2501034
2501035
2501036
2501037
2501038
2501039
2501040
2501041
2501042
2501043
2501044
2501046
2501047
2501048
2501050
2501053
2501054
2501055
2501056
2501057
2501058
2501216
2501217
2501218
2501219
2501220
2501221
2501222
2501264
2501265
2501266
2501267
2501268
2501269
2501270
2501271
2501272
2501273
2501274
2501275
2501276
2501277
2501278
2501279
2501281
2501282
2501283
2501284
2501285
2501286
2501287
2501288
2501289
2501290
2501366
2501367
2501368
2501398
2501412
2501413
2501420
2501434
2501435
2501658
2501743
2501744
2501771
2501772
2501774
2501922
2501923
2501925
2501926
2501927
2501928
2501929
2501930
2501931
2501933
2501934
2501935
2501936
2501937
2501938
2501939
2501940
2501941
2501942
2501943
2501944
2501945
2501946
2501947
2501948
2501949
2501950
2501951
2501952
2501955
2501956
2501957
2501958
2501959
2501960
2501961
2501962
2501963
2501964
2501965
2501966
2501967
2501968
2501969
2501970
2501971
2501972
2501973
2501974
2501975
2501976
2501977
2501978
2501979
2501981
2501982
2501983
2501984
2501985
2501986
2501987
2501988
2501989
2501990
2501992
2501993
2501994
2501995
2501997
2501998
2501999
2502000
2502017
2502018
2502019
2502297
2502298
2502299
2502300
2502301
2502303
2502304
2502305
2502306
2502307
2502408
2502409
2502410
2502411
2502412
2502413
2502414
2502415
2502416
2502417
2502418
2502419
2502420
2502421
2502422
2502423
2502424
2502425
2502426
2502427
2502428
2502429
2502430
2502431
2502432
2502433
2502434
2502435
2502436
2502438
2502439
2502440
2502441
2502442
2502443
2502444
2502445
2502446
2502447
2502448
2502449
2502450
2502451
2502452
2502453
2502454
2502455
2502456
2502457
2502458
2502459
2502460
2502461
2502462
2502464
2502466
2502467
2502468
2502469
2502470
2502471
2502472
2502473
2502474
2502475
2502476
2502477
2502478
2502479
2502481
2502482
2502483
2502796
2502797
2506097
2506204
2506408
2506409
2506428
2506583
2506584
2506585
2506586
2506587
2506588
2506589
2506591
2506592
2506593
2506594
2506595
2506596
2506597
2506599
2506600
2506601
2506602
2506603
2506604
2506605
2506606
2506607
2506608
2506609
2507125
2507126
2507127
2507128
2507129
2507131
2507234
2507288
2507289
2507290
2507291
2507294
2507295
2507297
2507298
2507299
2507300
2507301
2507303
2507304
2507305
2507307
2507308
2507309
2507311
2507314
2507315
2507317
2507319
2507320
2507411
2507494
2507497
2507498
2507499
2507500
2507501
2507502
2507503
2507504
2507505
2507516
2507517
2507518
2507519
2507572
2507575
2507576
2507577
2507578
2507689
2507711
2507846
2507854
2507855
2507856
2507857
2507858
2507860
2507861
2507862
2507863
2507864
2507922
2507947
2508061
2508069
2508071
2508172
2508173
2508174
2508175
2508176
2508177
2508178
2508179
2508180
2508181
2508184
2508185
2508186
2508187
2508188
2508189
2508190
2508191
2508192
2508193
2508194
2508195
2508196
2508197
2508198
2508199
2508201
2508202
2508203
2508204
2508205
2508206
2508207
2508208
2508209
2508210
2508211
2508219
2508220
2508223
2508224
2508225
2508226
2508227
2508228
2508230
2508231
2508232
2508233
2508234
2508235
2508236
2508237
2508239
2508240
2508241
2508242
2508243
2508244
2508245
2508247
2508248
2508249
2508250
2508251
2508252
2508253
2508254
2508255
2508256
2508257
2508258
2508259
2508849
2508850
2508851
2508852
2508865
2508866
2509152
2509226
2509266
2509279
2509283
2509284
2509285
2509286
2509379
2509381
2509382
2509383
2509391
2509395
2509469
2509471
2509472
2509473
2509474
2509475
2509476
2509477
2509478
2509479
2509480
2509481
2509482
2509483
2509484
2509485
2509486
2509487
2509488
2509489
2509490
2509491
2509492
2509494
2509496
2509497
2509498
2509500
2509501
2509502
2509503
2509504
2509505
2509506
2509507
2509508
2509509
2509510
2509511
2509512
2509513
2509514
2509515
2509556
2509560
2509564
2509569
2509570
2509571
2509572
2509575
2509576
2509578
2509581
2509584
2509585
2509586
2509588
2509593
2509616
2509617
2509651
2509725
2509726
2509727
2509728
2509730
2509731
2509732
2509734
2509735
2509736
2509738
2509740
2509742
2509743
2509745
2509746
2509747
2509748
2509749
2509750
2509751
2509753
2509755
2509757
2509758
2509761
2509762
2509763
2509764
2509768
2509770
2509775
2509781
2509785
2509786
2509787
2510149
2510150
2510151
2510428
2510450
2510451
2510452
2510455
2510459
2510463
2510465
2510467
2510471
2510473
2510474
2510477
2510484
2510485
2510488
2510489
2510492
2510494
2510495
2510501
2510502
2510504
2510505
2510506
2510507
2510508
2510509
2510511
2510513
2510514
2510515
2510517
2510519
2510521
2510522
2510524
2510525
2510526
2510527
2510568
2510569
2510570
2510571
2510572
2510573
2510574
2510575
2510576
2510577
2510578
2510579
2510581
2510585
2510586
2510587
2510588
2510845
2510846
2510939
2510940
2510941
2510942
2510943
2510944
2510980
2511026
2511027
2511028
2511029
2511030
2511031
2511032
2511033
2511034
2511035
2511036
2511037
2511038
2511039
2511040
2511041
2511042
2511043
2511052
2511053
2511054
2511055
2511056
2511057
2511058
2511059
2511060
2511061
2511062
2511063
2511064
2511065
2511066
2511067
2511768
2511832
2511833
2511840
2511996
2512110
2516210
2516330
2516331
2516432
2516433
2516434
2516502
2517211
2517212
2517213
2517214
2517215
2517263
2517400
2517909
2517926
2517927
2517928
2517931
2517932
2517933
2517934
2517935
2517936
2517937
2517938
2517940
2517941
2517942
2517943
2517944
2517945
2517946
2517947
2517948
2517949
2517950
2517951
2517952
2517953
2517955
2517956
2517957
2517958
2517960
2517961
2517962
2517963
2517964
2517965
2517966
2517967
2517968
2517969
2517970
2517971
2517973
2518008
2518104
2518124
2518293
2518294
2518295
2518373
2518374
2518596
2518597
2518602
2518641
2518961
2520502
2520503
2520504
2520509
2520510
2520511
2520516
2527734
2527739
2527766
2527767
2527768
2527960
2528199
2528247
2528256
2528410
2528528
2528530
2528670
2528671
2528675
2528676
2528677
2528678
2528679
2528680
2528682
2528684
2528685
2528686
2528689
2528691
2528965
2529304
2529390
2529391
2529392
2529393
2529445
2529453
2529454
2529455
2529456
2529457
2529470
2529471
2529473
2529474
2529475
2529481
2529482
2529483
2529484
2529491
2529492
2529494
2529495
2530019
2530020
2530021
2530023
2530024
2530025
2530026
2530027
2530028
2530029
2530030
2530031
2530032
2530033
2530034
2530035
2530036
2530037
2530038
2530039
2530040
2530042
2530052
2530114
2530116
2530117
2530118
2530119
2530120
2530121
2530122
2530123
2530124
2530126
2530127
2530128
2530129
2530130
2530131
2530132
2530133
2530135
2530137
2530139
2530140
2530141
2530142
2530143
2530144
2530145
2530146
2530147
2530148
2530149
2530151
2530152
2530153
2530155
2530156
2530157
2530159
2530160
2530161
2530169
2530170
2530171
2530172
2530173
2530182
2530183
2530184
2530185
2530186
2530187
2530188
2530363
2530493
2530494
2530496
2530497
2544873
2544876
2544877
2544920
2544945
2544946
2544984
2544985
2544986
2545435
2545436
2545437
2545470
2545477
2545478
2545479
2545480
2545481
2546034
2546221
2546222
2546224
2546236
2546303
2546569
2546618
2546619
2546620
2546621
2546622
2546623
2546624
2546625
2546626
2546627
2546628
2546629
2546630
2546631
2546632
2546633
2546634
2546635
2546636
2547246
2547303
2547304
2547305
2547307
2547308
2547309
2547310
2547311
2547312
2547357
2547373
2547374
2547375
2547425
2547426
2547428
2547430
2547431
2547432
2547963
2547971
2547973
2547980
2547981
2547983
2547984
2547985
2547986
2547987
2547988
2547989
2547990
2547991
2547993
2547994
2547995
2547996
2547997
2547998
2547999
2548000
2548001
2548002
2548003
2548004
2548006
2548007
2548008
2548011
2548012
2548013
2548017
2548018
2548020
2548021
2548022
2548023
2548025
2548026
2548028
2548029
2548030
2548035
2548039
2548042
2548043
2548045
2548046
2548047
2548048
2548049
2548050
2548051
2548052
2548053
2548054
2548055
2548056
2548060
2548063
2548064
2548065
2548066
2548067
2548068
2548069
2548070
2548071
2548072
2548073
2548074
2548075
2548076
2548078
2548079
2548080
2548081
2548082
2548083
2548084
2548085
2548086
2548087
2548088
2548089
2548090
2548091
2548093
2548094
2548096
2548097
2548098
2548099
2548100
2548101
2548102
2548103
2548104
2548105
2548107
2548108
2548110
2548111
2548112
2548113
2548114
2548115
2548116
2548117
2548118
2548119
2548120
2548121
2548122
2548123
2548125
2548126
2548127
2548128
2548129
2548130
2548131
2548132
2548133
2548134
2548136
2548139
2548140
2548141
2548142
2548143
2548145
2548146
2548147
2548148
2548151
2548152
2548153
2548155
2548156
2548157
2548158
2548163
2548165
2548170
2548172
2548173
2548176
2548177
2548180
2548181
2548185
2548188
2548190
2548191
2548192
2548193
2548194
2548195
2548197
2548198
2548200
2548202
2548203
2548204
2548206
2548207
2548208
2548210
2548221
2548226
2548228
2548231
2548232
2548233
2548240
2548241
2548242
2548246
2548249
2548255
2548256
2548260
2548265
2548266
2548267
2548268
2548269
2548273
2548274
2548275
2548277
2548279
2548282
2548283
2548284
2548285
2548286
2548288
2548289
2548291
2548293
2548294
2548295
2548299
2548301
2548302
2548304
2548305
2548311
2548312
2548314
2548317
2552985
2552986
2552987
2552988
2552989
2552990
2552993
2552994
2555436
2555546
2555547
2555548
2555550
2555551
2555552
2555553
2555645
2555680
2555872
2555887
2555892
2555894
2555895
2555896
2555903
2555904
2555909
2555913
2555914
2555917
2555918
2556098
2556100
2556101
2556120
2556121
2556122
2556124
2556125
2556128
2556129
2557546
2557550
2557553
2557554
2557578
2557579
2557580
2557581
2557582
2557583
2557875
2557970
2557974
2557975
2557976
2557977
2557978
2557979
2557980
2557981
2558055
2558062
2558063
2558064
2558065
2558066
2558067
2558068
2558069
2558248
2558258
2558359
2558458
2558527
2558528
2558530
2558531
2558534
2558537
2558539
2558541
2558542
2558543
2558544
2558545
2558546
2558549
2558552
2558553
2558554
2558555
2558556
2558561
2558562
2558563
2558566
2558567
2558571
2558572
2558573
2558574
2558575
2558576
2558579
2558580
2558581
2558583
2558588
2558589
2558590
2558591
2558592
2558593
2558594
2558595
2558596
2558597
2558598
2558600
2558602
2558607
2558608
2558609
2558610
2558611
2558612
2558613
2558614
2558615
2558616
2558617
2558618
2558620
2558621
2558622
2558624
2558625
2558626
2558627
2558628
2558629
2558630
2558631
2558632
2558633
2558634
2558635
2558636
2558637
2558638
2558639
2558640
2558641
2558642
2558643
2558646
2558648
2558649
2558650
2558651
2558652
2558653
2558654
2558655
2558656
2558659
2558660
2558661
2558662
2558663
2558664
2558665
2558666
2558668
2558669
2558671
2558677
2558678
2558679
2558680
2558681
2558682
2558684
2558685
2558687
2558688
2558689
2558690
2558691
2558692
2558693
2558694
2558695
2558696
2558697
2558698
2558699
2558700
2558702
2558703
2558704
2558712
2558713
2558715
2558722
2558724
2558726
2558727
2558730
2558731
2558732
2558733
2558739
2558741
2558742
2558744
2558749
2558754
2558755
2558759
2558763
2558764
2558767
2558769
2558779
2558784
2558785
2558786
2558787
2558788
2558789
2558790
2558791
2558792
2558793
2558794
2558795
2558796
2558797
2558798
2558806
2558807
2558808
2558811
2558814
2558815
2558817
2558820
2558822
2558823
2558824
2558825
2558826
2558827
2558828
2558833
2558834
2558835
2558840
2558842
2558843
2558846
2558847
2558850
2558856
2558857
2558865
2558866
2558868
2558869
2558870
2558871
2558887
2558889
2558890
2558891
2558892
2558897
2558900
2558901
2559111
2559112
2559114
2559280
2559281
2559282
2559283
2559284
2559285
2559286
2559338
2559587
2559592
2559714
2559716
2559821
2559931
2559933
2559934
2559935
2559939
2559941
2559942
2559943
2560012
2560013
2560014
2560015
2560016
2560018
2560020
2560061
2560062
2560063
2560064
2560065
2560066
2560067
2560068
2560069
2560070
2560071
2560072
2560073
2560074
2560075
2560076
2560077
2560078
2560079
2560080
2560081
2560082
2560083
2560084
2560085
2560086
2560087
2560088
2560089
2560090
2560091
2560092
2560093
2560094
2560095
2560096
2560097
2560098
2560099
2560100
2560101
2560102
2560103
2560104
2560105
2560106
2560107
2560108
2560109
2560110
2560111
2560112
2560113
2560115
2560116
2560117
2560118
2560119
2560120
2560121
2560122
2560123
2560124
2560125
2560126
2560127
2560128
2560129
2560130
2560131
2560132
2560133
2560134
2560135
2560136
2560137
2560138
2560139
2560140
2560141
2560142
2560143
2560144
2560145
2560146
2560147
2560148
2560149
2560150
2560151
2560152
2560153
2560154
2560155
2560156
2560158
2560159
2560160
2560161
2560162
2560163
2560164
2560165
2560166
2560167
2560168
2560169
2560170
2560171
2560172
2560173
2560174
2560175
2560176
2560177
2560178
2560179
2560180
2560181
2560182
2560183
2560184
2560185
2560186
2560187
2560188
2560189
2560190
2560191
2560192
2560193
2560194
2560195
2560196
2560197
2560198
2560199
2560200
2560201
2560202
2560203
2560204
2560205
2560206
2560207
2560208
2560209
2560210
2560211
2560212
2560213
2560214
2560215
2560216
2560217
2560218
2560219
2560220
2560221
2560222
2560223
2560224
2560225
2560226
2560227
2560228
2560229
2560230
2560231
2560232
2560233
2560234
2560235
2560236
2560237
2560238
2560239
2560240
2560241
2560242
2560244
2560245
2560246
2560247
2560248
2560249
2560250
2560251
2560252
2560253
2560254
2560255
2560256
2560257
2560258
2560259
2560260
2560261
2560262
2560263
2560264
2560265
2560266
2560267
2560268
2560269
2560270
2560271
2560272
2560273
2560274
2560275
2560276
2560277
2560278
2560279
2560280
2560281
2560282
2560283
2560284
2560285
2560286
2560287
2560288
2560289
2560290
2560291
2560292
2560293
2560294
2560296
2560297
2560298
2560299
2560300
2560301
2560302
2560303
2560304
2560305
2560306
2560307
2560308
2560309
2560310
2560311
2560312
2560313
2560314
2560315
2560316
2560317
2560318
2560319
2560320
2560321
2560322
2560323
2560324
2560325
2560326
2560329
2560330
2560331
2560332
2560333
2560334
2560335
2560336
2560337
2560340
2560343
2560349
2560351
2560353
2560354
2560355
2560356
2560357
2560358
2560359
2560360
2560363
2560366
2560367
2560370
2560371
2560376
2560377
2560378
2560379
2560380
2560381
2560383
2560384
2560386
2560387
2560388
2560389
2560392
2560393
2560394
2560395
2560396
2560397
2560398
2560399
2560400
2560401
2560403
2560405
2560406
2560407
2560409
2560414
2560415
2560416
2560417
2560418
2560419
2560420
2560421
2560422
2560423
2560424
2560425
2560426
2560427
2560428
2560429
2560430
2560431
2560432
2560433
2560434
2560435
2560436
2560437
2560438
2560439
2560440
2560441
2560442
2560443
2560444
2560445
2560446
2560447
2560448
2560449
2560451
2560452
2560453
2560455
2560456
2560457
2560458
2560459
2560460
2560462
2560463
2560464
2560466
2560468
2560469
2560470
2560471
2560472
2560473
2560474
2560475
2560476
2560478
2560479
2560482
2560484
2560485
2560486
2560487
2560488
2560489
2560490
2560491
2560492
2560493
2560494
2560495
2560496
2560497
2560498
2560499
2560500
2560501
2560502
2560503
2560504
2560505
2560506
2560507
2560508
2560509
2560510
2560511
2560512
2560513
2560514
2560515
2560520
2560521
2560522
2560525
2560526
2560530
2560531
2560534
2560535
2560536
2560539
2560540
2560541
2560542
2560543
2560544
2560545
2560546
2560548
2560551
2560552
2560553
2560554
2560555
2560556
2560557
2560558
2560559
2560560
2560561
2560562
2560567
2560568
2560569
2560570
2560571
2560572
2560574
2560575
2560578
2560579
2560580
2560581
2560588
2560589
2560590
2560591
2560592
2560593
2560594
2560595
2560596
2560597
2560598
2560599
2560602
2560604
2560606
2560607
2560608
2560611
2560612
2560614
2560615
2560618
2560619
2560620
2560621
2560622
2560623
2560625
2560628
2560629
2560630
2560631
2560632
2560633
2560634
2560636
2560642
2560643
2560644
2560648
2560649
2560650
2560651
2560652
2560653
2560654
2560655
2560656
2560657
2560658
2560659
2560660
2560661
2560662
2560663
2560664
2560665
2560666
2560667
2560668
2560669
2560670
2560671
2560672
2560673
2560674
2560675
2560676
2560677
2560678
2560679
2560680
2560681
2560682
2560683
2560684
2560685
2560686
2560687
2560688
2560689
2560690
2560691
2560692
2560695
2560697
2560699
2560700
2560701
2560702
2560703
2560704
2560705
2560706
2560714
2560715
2560719
2560720
2560721
2560722
2560723
2560724
2560725
2560726
2560727
2560728
2560729
2560730
2560731
2560732
2560733
2560734
2560735
2560736
2560738
2560739
2560740
2560744
2560745
2560746
2560747
2560748
2560751
2560752
2560753
2560754
2560755
2560756
2560757
2560758
2560759
2560760
2560761
2560762
2560763
2560765
2560769
2560770
2560771
2560774
2560775
2560777
2560778
2560781
2560782
2560783
2560784
2560785
2560786
2560787
2560788
2560789
2560790
2560791
2560792
2560801
2560802
2560804
2560809
2560810
2560812
2560813
2560814
2560818
2560820
2560822
2560829
2560831
2560833
2560834
2560835
2560836
2560839
2560840
2560842
2560843
2560845
2560846
2560847
2560848
2560849
2560851
2561896
2562111
2562112
2562131
2562138
2562142
2562174
2562175
2562177
2562178
2562180
2562181
2562185
2562186
2562187
2562188
2562189
2562190
2562191
2562192
2562193
2562194
2562195
2562196
2562197
2562199
2562232
2562233
2562234
2562235
2562236
2562297
2562318
2562327
2562337
2562338
2562339
2562340
2562343
2562344
2562345
2562346
2562347
2562359
2562362
2562365
2562366
2562367
2562454
2562455
2562456
2562459
2562460
2562461
2562462
2562463
2562515
2562516
2562517
2562519
2562521
2562522
2562529
2562539
2562542
2562543
2562546
2562547
2562548
2562551
2562553
2562554
2562555
2562556
2562559
2562600
2562601
2562602
2562635
2562636
2562637
2562638
2562641
2562642
2562643
2562644
2562645
2562647
2562650
2562651
2562654
2562656
2562659
2562660
2562661
2562662
2562663
2562664
2562665
2562666
2562667
2562699
2562710
2562717
2562718
2562719
2562720
2562721
2562724
2562725
2562726
2562807
2562808
2562812
2562890
2562897
2563012
2563343
2563489
2563490
2563494
2563498
2563500
2563509
2563510
2563515
2563521
2563524
2563525
2563533
2563537
2563541
2563547
2563551
2563552
2563554
2563563
2563568
2563569
2563574
2563577
2563582
2563585
2563589
2563734
2563826
2563836
2563837
2563838
2563839
2563840
2563841
2563842
2563843
2563844
2563846
2563849
2563850
2563851
2563852
2563853
2563854
2563855
2563856
2565304
2565372
2565399
2565499
2565500
2565501
2565502
2565509
2565510
2565511
2565512
2565513
2565516
2565517
2565518
2565519
2565524
2565526
2565527
2565528
2565596
2565645
2565648
2565652
2565653
2565654
2565658
2565661
2565665
2565667
2565671
2565672
2565678
2565679
2565680
2565681
2565682
2565687
2565689
2565691
2565693
2565697
2565717
2565718
2565877
2565896
2565915
2565916
2567864
2567871
2567950
2568002
2569586
2569609
2569610
2569752
2569936
2569937
2569970
2569971
2569973
2569974
2569975
2570215
2570294
2570300
2570301
2570308
2570312
2570370
2570371
2570372
2570373
2570374
2570407
2570606
2570617
2570628
2570879
2570880
2570881
2570882
2570892
2570911
2570912
2570913
2571006
2571007
2571008
2571055
2571056
2571059
2571073
2571074
2571075
2571076
2571077
2571078
2571079
2571080
2571081
2571082
2571083
2571084
2571085
2571086
2571087
2571088
2571089
2571090
2571091
2571108
2571109
2571123
2571132
2571144
2571152
2571168
2571169
2571172
2571176
2571177
2571178
2571179
2571180
2571232
2571241
2571246
2571247
2571248
2571249
2571250
2571251
2571253
2571254
2571265
2571274
2571287
2571313
2572001
2572002
2572003
2572004
2572005
2572006
2572007
2572116
2572218
2572238
2572240
2572241
2572317
2572318
2572459
2572523
2572525
2572526
2572527
2572528
2572529
2572530
2572531
2572532
2572533
2572534
2572700
2572766
2572872
2572874
2575254
2575255
2575260
2575261
2575323
2575324
2575325
2575327
2575328
2575329
2575342
2575344
2575347
2575350
2575354
2575355
2575356
2575357
2575370
2575371
2575372
2575429
2575447
2575590
2575594
2575610
2575611
2575612
2575728
2575730
2575764
2575765
2575831
2575832
2575833
2575883
2575884
2576222
2576227
2576228
2576229
2576298
2576440
2576443
2576444
2576445
2576446
2576447
2576448
2576449
2576450
2576451
2576452
2576453
2576454
2576455
2576456
2576457
2576458
2576459
2576460
2576461
2576462
2576463
2576477
2576480
2576484
2576485
2576524
2576525
2576526
2576578
2576633
2576634
2576870
2576871
2576872
2576873
2576874
2576879
2576882
2576944
2577028
2577069
2577070
2577071
2577080
2577083
2578140
2579707
2580110
2580111
2580112
2580113
2580114
2580115
2580388
2580395
2580401
2580402
2580403
2580404
2580405
2580406
2580407
2580408
2580409
2582870
2582871
2582872
2582873
2582874
2582875
2582876
2582877
2582878
2582879
2582880
2582881
2582882
2582883
2582884
2582885
2582886
2582887
2582888
2582890
2582891
2582892
2582936
2582937
2582938
2582939
2582940
2582941
2582942
2582943
2582944
2582945
2582946
2582947
2582948
2582951
2583037
2583038
2583039
2583040
2583041
2583042
2583043
2583045
2583046
2583048
2583049
2583050
2583099
2583100
2583106
2583107
2583108
2583110
2583112
2583113
2583114
2583115
2583116
2583117
2583118
2583119
2583120
2583121
2583124
2583125
2583126
2583128
2583129
2583130
2583132
2583134
2583135
2583136
2583138
2583139
2583141
2583142
2583144
2583145
2583146
2583147
2583149
2583150
2583151
2583152
2583153
2583155
2583157
2583158
2583159
2583161
2583162
2583163
2583164
2583166
2583167
2583168
2583169
2583170
2583171
2583173
2583174
2583175
2583177
2583178
2583179
2583180
2583181
2583182
2583184
2583185
2583186
2583188
2583189
2583190
2583191
2583192
2583193
2583194
2583196
2583197
2583198
2583199
2583200
2583201
2583203
2583204
2583205
2583286
2583334
2583366
2583405
2583409
2583416
2583479
2583480
2583501
2583507
2583508
2583509
2583574
2583812
2583835
2583949
2583950
2584380
2584381
2584382
2584383
2584384
2584385
2584386
2584387
2584388
2584389
2584390
2584391
2584392
2584393
2584395
2584396
2584397
2584398
2584399
2584400
2584401
2584402
2584403
2584486
2584487
2584490
2584493
2584494
2584495
2584496
2584498
2584499
2584748
2584753
2584778
2584784
2584785
2584786
2584787
2584788
2584789
2584792
2584794
2584795
2584796
2584797
2584798
2584801
2584803
2584804
2584805
2584807
2584808
2584810
2584812
2584813
2584814
2584815
2584979
2584980
2584981
2585030
2585031
2585032
2585033
2585034
2585037
2585038
2585039
2585040
2585041
2585042
2585043
2585044
2585046
2585047
2585048
2585049
2585050
2585051
2585052
2585053
2585054
2585056
2585057
2585058
2585062
2585063
2585064
2585065
2585067
2585068
2585069
2585070
2585073
2585109
2585114
2585115
2585230
2585231
2585232
2585265
2585267
2585334
2585335
2585379
2585380
2585381
2585382
2585383
2585384
2585385
2585386
2585387
2585388
2585389
2585390
2585391
2585393
2585394
2585397
2585398
2585399
2585400
2585401
2585402
2585403
2585404
2585405
2585406
2585407
2585408
2585409
2585410
2585411
2585412
2585413
2585414
2585415
2585416
2585417
2585418
2585419
2585420
2585421
2585422
2585425
2585426
2585427
2585432
2585433
2585434
2585435
2585436
2585438
2585439
2585440
2585441
2585442
2585443
2585445
2585446
2585447
2585448
2585449
2585451
2585453
2585454
2585455
2585456
2585457
2585458
2585459
2585460
2585461
2585462
2585463
2585464
2585465
2585466
2585467
2585468
2585469
2585470
2585471
2585472
2585473
2585474
2585475
2585476
2585477
2585478
2585479
2585480
2585481
2585482
2585483
2585484
2585485
2585486
2585487
2585488
2585489
2585499
2585737
2585741
2586033
2586173
2586174
2586175
2586176
2586177
2586178
2586179
2586180
2586181
2586183
2586184
2586185
2586186
2586187
2586188
2586189
2586199
2586201
2586202
2586203
2586204
2586205
2586206
2586207
2586208
2586209
2586210
2586419
2586420
2586433
2586645
2586957
2586958
2586959
2586960
2586961
2587224
2587225
2587240
2587456
2587487
2587488
2587489
2587490
2587491
2587492
2587493
2587530
2587531
2587532
2587533
2587535
2587536
2587537
2587538
2587539
2587540
2587541
2587542
2587543
2587544
2587545
2587546
2587547
2587548
2587549
2587550
2587551
2587552
2587553
2587554
2587555
2587556
2587557
2587558
2587559
2587560
2587561
2587562
2587563
2587564
2587565
2587566
2587581
2587582
2587583
2587766
2587809
2587814
2587819
2587820
2588085
2588086
2588088
2588091
2588092
2588093
2588094
2588095
2588096
2588097
2588098
2588099
2588125
2588127
2588128
2588129
2588130
2588131
2588132
2588133
2588134
2588135
2588137
2588138
2588139
2588140
2588141
2588362
2588389
2588486
2588487
2588489
2588490
2588491
2588492
2588493
2588495
2588496
2588498
2588499
2588500
2588501
2588502
2588503
2588504
2588505
2588506
2588507
2588508
2588509
2588510
2588511
2588512
2588513
2588514
2588515
2588516
2588517
2588518
2588519
2588520
2588662
2588671
2588725
2588728
2588731
2588732
2588733
2588751
2588752
2588758
2589644
2589652
2589653
2589655
2589656
2589658
2589659
2589660
2589661
2589662
2589663
2589664
2589665
2589666
2589744
2590046
2590047
2590048
2590049
2590051
2590062
2590438
2590569
2590570
2590571
2590572
2590836
2590837
2590838
2590839
2590840
2590841
2590872
2590874
2590876
2590877
2590878
2590880
2590894
2590895
2590896
2590919
2590929
2590931
2590932
2590933
2590934
2590935
2590936
2590937
2590938
2590939
2590940
2590941
2590942
2590943
2590944
2590945
2590946
2590947
2590948
2591025
2591030
2591031
2591032
2591033
2591034
2591035
2591037
2591039
2591040
2591041
2591042
2591043
2591044
2591045
2591046
2591047
2591048
2591049
2591050
2591051
2591052
2591053
2591054
2591055
2591056
2591057
2591058
2591059
2591060
2591061
2591062
2591063
2591064
2591066
2591067
2591068
2591069
2591071
2591072
2591074
2591075
2591077
2591099
2591100
2591101
2591102
2591103
2591104
2591105
2591106
2591110
2591111
2591112
2591113
2591114
2591115
2591116
2591117
2591118
2591119
2591120
2591121
2591122
2591124
2591125
2591126
2591127
2591128
2591129
2591131
2591132
2591134
2591135
2591136
2591146
2591148
2591188
2591189
2591190
2591191
2591193
2591204
2591205
2591206
2591207
2591208
2591209
2591210
2591211
2591212
2591213
2591214
2591215
2591216
2591217
2591218
2591219
2591220
2591221
2591222
2591223
2591224
2591225
2591226
2591228
2591229
2591230
2591231
2591232
2591233
2591234
2591235
2591236
2591237
2591238
2591343
2591344
2591364
2591365
2591366
2591367
2591368
2591369
2591370
2591371
2591372
2591373
2591374
2591375
2591376
2591377
2591379
2591380
2591398
2591401
2591402
2591403
2591406
2591407
2591408
2591409
2591410
2591412
2591414
2591415
2591421
2591427
2591429
2591644
2591696
2592008
2592161
2592163
2592190
2592193
2592196
2592197
2592198
2592199
2592210
2592215
2592216
2592220
2592343
2592395
2592414
2592416
2592486
2592487
2592488
2592489
2592490
2592491
2592492
2592493
2592494
2592509
2592516
2592517
2592518
2592519
2592520
2592521
2592522
2592526
2592527
2592528
2592539
2592540
2592544
2592615
2592620
2592658
2592659
2592660
2592661
2592668
2592691
2592692
2592693
2592694
2592695
2592696
2592697
2592698
2592699
2592700
2592701
2592702
2592703
2592705
2592706
2592707
2592708
2592709
2592710
2592711
2592712
2592713
2592714
2592715
2592716
2592717
2592718
2592719
2592720
2592721
2592722
2592725
2592726
2592727
2592728
2592729
2592730
2592732
2592734
2592735
2592736
2592748
2592749
2592750
2592751
2592752
2592753
2592754
2592755
2592756
2592766
2592767
2592770
2592771
2592772
2592774
2592775
2592776
2592777
2592778
2592779
2592780
2592781
2592782
2592783
2592784
2592788
2592789
2592790
2592791
2592792
2592793
2592794
2592795
2592796
2592797
2592798
2592799
2592800
2592803
2592804
2592915
2592916
2593122
2593268
2593322
2593324
2593327
2593329
2593331
2593333
2593334
2593335
2593336
2593337
2593338
2593339
2593340
2593341
2593342
2593343
2593344
2593346
2593347
2593348
2593349
2593350
2593351
2593352
2593354
2593355
2593356
2593357
2593358
2593359
2593360
2593465
2593638
2593639
2593922
2593923
2593924
2593925
2593926
2593927
2593928
2593929
2593930
2593931
2593932
2593933
2593934
2593935
2593936
2593937
2593938
2593939
2593940
2593941
2593942
2593943
2593944
2593945
2593946
2593947
2593961
2593962
2593963
2593964
2593965
2593966
2593967
2593968
2593969
2593970
2593971
2593972
2593976
2593977
2593979
2593980
2593991
2593995
2593997
2593998
2593999
2594000
2594102
2594103
2594104
2594105
2594106
2594107
2594108
2594109
2594175
2594177
2594282
2594309
2594425
2594528
2594692
2594693
2594796
2594856
2594891
2594900
2594903
2594927
2595002
2595040
2595045
2596657
2596671
2596672
2596673
2596674
2596675
2596676
2596677
2596709
2596712
2596713
2596714
2596879
2596880
2596881
2596882
2596883
2596884
2596885
2596887
2596900
2596901
2596902
2596966
2596967
2596973
2596974
2596979
2596980
2596981
2596982
2597175
2597325
2597326
2597680
2597686
2597801
2597803
2597804
2597805
2597806
2597807
2597808
2597809
2598085
2598086
2598087
2598088
2598089
2598785
2598876
2598877
2598889
2598975
2598990
2598991
2599140
2599141
2599173
2599303
2599343
2599404
2599414
2599415
2599416
2599417
2599418
2599420
2599422
2599423
2599424
2599425
2599426
2599427
2599428
2599429
2599431
2599601
2599602
2599603
2599610
2599611
2599613
2599620
2599622
2599624
2599764
2599822
2599823
2599825
2599827
2599828
2599829
2599830
2599831
2599832
2599833
2599834
2599835
2599836
2599838
2599841
2599842
2599843
2599844
2599845
2599846
2599847
2599848
2599849
2599850
2599851
2599852
2599853
2599856
2599857
2599858
2599859
2599860
2599861
2599862
2599863
2599864
2599865
2599866
2599867
2599868
2599869
2599870
2599871
2599872
2599873
2599874
2599875
2599876
2599877
2599878
2599879
2599880
2599881
2599882
2599883
2599884
2599885
2599886
2599887
2599888
2599889
2599890
2599891
2599892
2599893
2599894
2599895
2599954
2599955
2599957
2599958
2599959
2599960
2600094
2600095
2600097
2600100
2600101
2600102
2600103
2600104
2600105
2600106
2600107
2600108
2600109
2600110
2600111
2600115
2600116
2600160
2600161
2600310
2600315
2600322
2600328
2600344
2600345
2600348
2601244
2601256
2601257
2601258
2601259
2601527
2601605
2601606
2601607
2601608
2601609
2601610
2601611
2601612
2601613
2601615
2601617
2601618
2601619
2601620
2601621
2601622
2601623
2601624
2601625
2601626
2601627
2601628
2601630
2601631
2601632
2601634
2601635
2601637
2601638
2601639
2601640
2601641
2601642
2601643
2601644
2601647
2601648
2601649
2601650
2601652
2601653
2601655
2601656
2601658
2601659
2601660
2601661
2601662
2601663
2601666
2601667
2601669
2601674
2601675
2601676
2601678
2601679
2601680
2601684
2601685
2601686
2601687
2601688
2601689
2601690
2601691
2601692
2601693
2601694
2601695
2601696
2601697
2601858
2602116
2602416
2602438
2602439
2602440
2602441
2602759
2603257
2603258
2603259
2603260
2603261
2603262
2603263
2603264
2603434
2603435
2603436
2603542
2603543
2603562
2603565
2603611
2603627
2603832
2603837
2603848
2603849
2603850
2604329
2604330
2604331
2604332
2604333
2604334
2604335
2604336
2604656
2604831
2604840
2604841
2604894
2604898
2604899
2604903
2604904
2604905
2604906
2604907
2604908
2604909
2604910
2605289
2605442
2605443
2605444
2605629
2605630
2605631
2605718
2605762
2605774
2605775
2605950
2606251
2606252
2606253
2606475
2606569
2606570
2606571
2606582
2606583
2606584
2606590
2606591
2606592
2607588
2607629
2607731
2607733
2607735
2607736
2607737
2607738
2607740
2607969
2608283
2608294
2608295
2608298
2608299
2608300
2608316
2608318
2608319
2608320
2608321
2608323
2608368
2608369
2608370
2608371
2608372
2608376
2608403
2608405
2608606
2608735
2608851
2609058
2609059
2609073
2609074
2609076
2609077
2609081
2609450
2609695
2609788
2609852
2609853
2609854
2609855
2609856
2609857
2609858
2609859
2609860
2609861
2609862
2609863
2609864
2609865
2609866
2609867
2609868
2609869
2609870
2609871
2609873
2609874
2609875
2609876
2609877
2609878
2609879
2609908
2609909
2610839
2610869
2611413
2613538
2613792
2613794
2613795
2613796
2613859
2613861
2613911
2614123
2628399
2641195
2650000
2650001
2650411
2650664
2650665
2650668
2650873
2650874
2650875
2650876
2650877
2651067
2651149
2651592
2651593
2651594
2651595
2651919
2651926
2651927
2651928
2651929
2651930
2651931
2651933
2651934
2651935
2651936
2651937
2651938
2651939
2651942
2651943
2651944
2651945
2651946
2651947
2651948
2651949
2651951
2651952
2651953
2651954
2651955
2651956
2651957
2651958
2651967
2651968
2652258
2652327
2652402
2652403
2652404
2652405
2652406
2652407
2652408
2652409
2652410
2652411
2652412
2652413
2652414
2652415
2652416
2652417
2652418
2652419
2652420
2652421
2652422
2652423
2652424
2652425
2652430
2652431
2652723
2652756
2652757
2652879
2652880
2652881
2652882
2652883
2652885
2652886
2652888
2652889
2652890
2652891
2652892
2652893
2652895
2652896
2652897
2652898
2653117
2653118
2653270
2653271
2653272
2653273
2653274
2653275
2653277
2653279
2653432
2653507
2653508
2653638
2653640
2653641
2653642
2653643
2653644
2653645
2653646
2653650
2653651
2653653
2653657
2653658
2653659
2653660
2653661
2653665
2653704
2653705
2653706
2653709
2653715
2653716
2653717
2653718
2653719
2653720
2653721
2653723
2653724
2653725
2653744
2653746
2653749
2653750
2653751
2653752
2653753
2653754
2653755
2653756
2653757
2653758
2653759
2653760
2653761
2653762
2653763
2653764
2653765
2653766
2653767
2653769
2653770
2653771
2653772
2653864
2653865
2653866
2653963
2653964
2654367
2654407
2654565
2654654
2654655
2654656
2654657
2654689
2654690
2654691
2654694
2654827
2654971
2654972
2654973
2654997
2655002
2655003
2655021
2655023
2655037
2656508
2656513
2656514
2656515
2656516
2656517
2656518
2656519
2656520
2656521
2656522
2656523
2656524
2656526
2656527
2656528
2656529
2656530
2656531
2656532
2656534
2656535
2656537
2656538
2656540
2656541
2656542
2656543
2656544
2656545
2656547
2656549
2656550
2656551
2656554
2656555
2656556
2656557
2656558
2656559
2656560
2656561
2656562
2656564
2656565
2656566
2656567
2656568
2656569
2656570
2656571
2656572
2656573
2656575
2656578
2656579
2656580
2656581
2656582
2656583
2656585
2656586
2656587
2656588
2656589
2656590
2656591
2656593
2656594
2656597
2656598
2656599
2656600
2656601
2656602
2656603
2656604
2656605
2656606
2656607
2656608
2656610
2656611
2656612
2656613
2656615
2656616
2656617
2656618
2656619
2656621
2656622
2656623
2656627
2656629
2656631
2656632
2656633
2656634
2656635
2656651
2656652
2656653
2656655
2656656
2656657
2656658
2656659
2656660
2656661
2656662
2656663
2656664
2656665
2656666
2656673
2656674
2656676
2656677
2656678
2656679
2656680
2656682
2656683
2656684
2656685
2656686
2656687
2656688
2656689
2656690
2656691
2656692
2656693
2656696
2656697
2656698
2656699
2656700
2656701
2656703
2656704
2656706
2656707
2656708
2656709
2656710
2656711
2656712
2656713
2656714
2656715
2656716
2656717
2656718
2656719
2656720
2656721
2656722
2656723
2656724
2656725
2656728
2656729
2656730
2656731
2656732
2656733
2656737
2656740
2656916
2660687
2660688
2660690
2660691
2660692
2660693
2660694
2660695
2660696
2660715
2660724
2660749
2660760
2661622
2661631
2661635
2661692
2661816
2661817
2661841
2661902
2662035
2662127
2662128
2662136
2662137
2662138
2662139
2662140
2662141
2662272
2662273
2662274
2662275
2662277
2662278
2662283
2662284
2662286
2662292
2662293
2662294
2662295
2662296
2662297
2662298
2662299
2662300
2662312
2662313
2662314
2662396
2663180
2663232
2663233
2663234
2663244
2663246
2663259
2663260
2663264
2663324
2663325
2663326
2663327
2663328
2664131
2664132
2664133
2664183
2664184
2664192
2664193
2664194
2664195
2664196
2664208
2664209
2664210
2664211
2664212
2664213
2664214
2664215
2664217
2664220
2664221
2664223
2664224
2664225
2664226
2664227
2664228
2664229
2664230
2664231
2664232
2664233
2664234
2664236
2664241
2664243
2664245
2664246
2664247
2664248
2664388
2664391
2664395
2664398
2664399
2664400
2664401
2664404
2664406
2664407
2664409
2664420
2664421
2664423
2664558
2664939
2664940
2664941
2664942
2665152
2665414
2665416
2665417
2665437
2665438
2665439
2665440
2665491
2665497
2666249
2666257
2666260
2666261
2666326
2666327
2668086
2668087
2669027
2670336
2670734
2670808
2671518
2671519
2672571
2674969
2674970
2674972
2674973
2674974
2674975
2674976
2674977
2674978
2675201
2675202
2675210
2675211
2675212
2675213
2675214
2675228
2675235
2675236
2675237
2675238
2675239
2675240
2675241
2675242
2675243
2675244
2675245
2675246
2675248
2675249
2675250
2675251
2675252
2675253
2675254
2675255
2675256
2675257
2675258
2675259
2675260
2675261
2675262
2675263
2675265
2675441
2675442
2675443
2675444
2675446
2675447
2675448
2675449
2675450
2675455
2675456
2675458
2675459
2675460
2675461
2675462
2675464
2675465
2675467
2675846
2675847
2675848
2675849
2676049
2676232
2676237
2676272
2676436
2676886
2678334
2678559
2678560
2678563
2678601
2678606
2678937
2679891
2679897
2679898
2679904
2679905
2679909
2679965
2681195
2681376
2681381
2681586
2681589
2681590
2681591
2681594
2681595
2681597
2681598
2681599
2681602
2681603
2681604
2681605
2681606
2681607
2681608
2681611
2681612
2681614
2681615
2681616
2681617
2681618
2681619
2681620
2681621
2681623
2681624
2681625
2681626
2681630
2681674
2681675
2681676
2681776
2682062
2682063
2682467
2682469
2682568
2682569
2682570
2682571
2682574
2682576
2682606
2682608
2682610
2682770
2682815
2682816
2682836
2683027
2683043
2683323
2683328
2683332
2683333
2683334
2683335
2683337
2683340
2683341
2683342
2683343
2683344
2683609
2683622
2683623
2683673
2683674
2683675
2683676
2683728
2683729
2683823
2683936
2684116
2684117
2684118
2684119
2684179
2684227
2684263
2684264
2684265
2684266
2684439
2686011
2686012
2686013
2686039
2686042
2686043
2686045
2686046
2686047
2686048
2686059
2686068
2686069
2686070
2686071
2686073
2686080
2686081
2686082
2686083
2686084
2686086
2686088
2686095
2686096
2686098
2686200
2686202
2686204
2686205
2686206
2686207
2686208
2686209
2686211
2686212
2686213
2686216
2686217
2686218
2686221
2686222
2686223
2686224
2686225
2686226
2686228
2686229
2686230
2686231
2686232
2686233
2686234
2686235
2686236
2686237
2686238
2686242
2686243
2686244
2686245
2686246
2686249
2686250
2686253
2686255
2686256
2686257
2686258
2686262
2686269
2686270
2686272
2686276
2686277
2686278
2686281
2686283
2686284
2686285
2686286
2686289
2686290
2686291
2686300
2686301
2686303
2686306
2686307
2686308
2686309
2686310
2686311
2686312
2686313
2686372
2686375
2686377
2686378
2686379
2686381
2686384
2686385
2686386
2686426
2686431
2686433
2686434
2686435
2686436
2686437
2686438
2686439
2686455
2686456
2686457
2686458
2686459
2686460
2686461
2686462
2686463
2686464
2686467
2686468
2686469
2686471
2686472
2686474
2686475
2686476
2686477
2686478
2686479
2686480
2686481
2686482
2686483
2686484
2686485
2686486
2686487
2686488
2686489
2686490
2686491
2686492
2686493
2686494
2686495
2686496
2686497
2686498
2686499
2686500
2686501
2686502
2686503
2686504
2686505
2686506
2686507
2686508
2686509
2686510
2686511
2686512
2686513
2686514
2686515
2686516
2686517
2686518
2686519
2686520
2686521
2686522
2686523
2686524
2686525
2686526
2686527
2686528
2686529
2686530
2686531
2686532
2686533
2686534
2686535
2686536
2686537
2686538
2686539
2686540
2686541
2686542
2686543
2686544
2686545
2686546
2686547
2686548
2686549
2686550
2686551
2686552
2686553
2686554
2686555
2686556
2686557
2686558
2686559
2686560
2686561
2686562
2686563
2686564
2686565
2686566
2687247
2687248
2687249
2687250
2687251
2687252
2687253
2687254
2687256
2687258
2689112
2689113
2689114
2689124
2689125
2689126
2689127
2689128
2689129
2689130
2689132
2689133
2689134
2689135
2689136
2689137
2689138
2689139
2689140
2689252
2689323
2689326
2689327
2689328
2689329
2689332
2689333
2689335
2689336
2689338
2689339
2689340
2689341
2689342
2689344
2689346
2689347
2689349
2689350
2689351
2689352
2689354
2689357
2689360
2689361
2689366
2689367
2689368
2689369
2689370
2689371
2689384
2689385
2689557
2689558
2689559
2689560
2689561
2689562
2689563
2689564
2689565
2689566
2689567
2689573
2689574
2689983
2689984
2689985
2689988
2690214
2690225
2690228
2690230
2691032
2691036
2691085
2691098
2691584
2691585
2691586
2691587
2691588
2691589
2691590
2691591
2691592
2691594
2691595
2691596
2691597
2691598
2691986
2691987
2691988
2691989
2691990
2691991
2691992
2691993
2691994
2691995
2691996
2691997
2691998
2691999
2692000
2692001
2692002
2692003
2692004
2692005
2692006
2692007
2692008
2692009
2692013
2692014
2692015
2692016
2692017
2692018
2692019
2692020
2692021
2692022
2692067
2692068
2692069
2692070
2692071
2692072
2692073
2692074
2692075
2692076
2692077
2692078
2692079
2692080
2692081
2692082
2692083
2692084
2692085
2692087
2692088
2692089
2692090
2692091
2692092
2692093
2692147
2692309
2692311
2692312
2692388
2692389
2692390
2692391
2692392
2692393
2692394
2692395
2692396
2692397
2692398
2692399
2692400
2692401
2692402
2692403
2692404
2692405
2692406
2692407
2692408
2692409
2692410
2692411
2692412
2692413
2692414
2692415
2692422
2692510
2692737
2692738
2692739
2692740
2692741
2692921
2692922
2692923
2692924
2692925
2692926
2692927
2692928
2692929
2692930
2692931
2692932
2692933
2692934
2692935
2692936
2692937
2692938
2692939
2692940
2692941
2692942
2692943
2692944
2692945
2692946
2692947
2692948
2692949
2692950
2692951
2692952
2692953
2692954
2692955
2692956
2692957
2692958
2692959
2692960
2692961
2692962
2692963
2692964
2692965
2692966
2692967
2692968
2692969
2692970
2692971
2692972
2692973
2692974
2692975
2692976
2692977
2692978
2692979
2692980
2692981
2692982
2692983
2692984
2692985
2692986
2692987
2692988
2692989
2692990
2692991
2692992
2692993
2692994
2692995
2692996
2692997
2692998
2692999
2693000
2693001
2693002
2693003
2693004
2693005
2693006
2693007
2693008
2693009
2693010
2693011
2693012
2693013
2693015
2693016
2693017
2693018
2693019
2693020
2693021
2693022
2693023
2693024
2693025
2693026
2693027
2693028
2693029
2693030
2693031
2693032
2693033
2693034
2693035
2693036
2693037
2693038
2693039
2693040
2693041
2693042
2693043
2693044
2693045
2693046
2693047
2693048
2693049
2693050
2693051
2693052
2693053
2693054
2693055
2693056
2693057
2693058
2693059
2693060
2693061
2693062
2693063
2693064
2693065
2693066
2693068
2693069
2693070
2693071
2693072
2693073
2693074
2693075
2693076
2693077
2693078
2693079
2693080
2693081
2693082
2693083
2693084
2693085
2693086
2693087
2693088
2693089
2693090
2693091
2693092
2693093
2693094
2693095
2693096
2693097
2693098
2693099
2693100
2693101
2693102
2693103
2693104
2693105
2693106
2693107
2693108
2693109
2693110
2693111
2693112
2693113
2693114
2693115
2693116
2693117
2693118
2693119
2693120
2693121
2693122
2693123
2693124
2693125
2693126
2693127
2693128
2693129
2693130
2693131
2693132
2693133
2693134
2693135
2693136
2693137
2693138
2693139
2693140
2693141
2693142
2693143
2693144
2693145
2693146
2693147
2693148
2693149
2693150
2693151
2693152
2693153
2693154
2693155
2693156
2693157
2693159
2693160
2693161
2693162
2693163
2693164
2693165
2693166
2693167
2693168
2693169
2693170
2693171
2693172
2693173
2693174
2693175
2693176
2693177
2693178
2693179
2693180
2693181
2693182
2693183
2693184
2693185
2693186
2693187
2693188
2693189
2693190
2693191
2693192
2693193
2693194
2693195
2693196
2693197
2693198
2693199
2693200
2693201
2693202
2693203
2693204
2693205
2693206
2693207
2693208
2693209
2693210
2693211
2693212
2693213
2693214
2693215
2693216
2693217
2693218
2693219
2693220
2693221
2693222
2693223
2693224
2693225
2693226
2693227
2693228
2693229
2693230
2693231
2693232
2693233
2693234
2693235
2693236
2693237
2693238
2693239
2693240
2693241
2693242
2693243
2693244
2693245
2693246
2693247
2693248
2693249
2693250
2693251
2693252
2693253
2693254
2693255
2693256
2693257
2693258
2693259
2693260
2693261
2693262
2693263
2693264
2693265
2693266
2693267
2693268
2693269
2693270
2693271
2693272
2693273
2693274
2693275
2693276
2693277
2693278
2693279
2693280
2693281
2693282
2693283
2693284
2693285
2693286
2693287
2693288
2693289
2693290
2693291
2693292
2693293
2693294
2693295
2693296
2693297
2693298
2693299
2693300
2693301
2693302
2693303
2693304
2693305
2693306
2693307
2693308
2693309
2693310
2693311
2693312
2693313
2693314
2693315
2693316
2693317
2693318
2693319
2693320
2693321
2693323
2693324
2693325
2693326
2693327
2693328
2693329
2693330
2693331
2693332
2693334
2693335
2693336
2693337
2693338
2693339
2693340
2693341
2693342
2693343
2693344
2693345
2693346
2693347
2693348
2693349
2693350
2693351
2693352
2693353
2693354
2693355
2693356
2693357
2693358
2693359
2693360
2693361
2693362
2693363
2693364
2693365
2693366
2693367
2693368
2693369
2693370
2693371
2693372
2693373
2693374
2693375
2693376
2693377
2693378
2693379
2693380
2693381
2693382
2693383
2693384
2693385
2693386
2693387
2693388
2693389
2693390
2693391
2693392
2693393
2693394
2693395
2693396
2693397
2693398
2693399
2693400
2693401
2693402
2693403
2693404
2693405
2693406
2693407
2693408
2693409
2693410
2693411
2693412
2693413
2693414
2693415
2693416
2693417
2693418
2693419
2693420
2693421
2693422
2693423
2693424
2693425
2693426
2693427
2693428
2693429
2693430
2693431
2693432
2693433
2693434
2693435
2693436
2693437
2693438
2693439
2693440
2693441
2693442
2693443
2693444
2693445
2693446
2693447
2693448
2693449
2693450
2693451
2693452
2693453
2693454
2693455
2693456
2693457
2693458
2693459
2693460
2693461
2693462
2693463
2693464
2693465
2693466
2693467
2693468
2693469
2693470
2693471
2693472
2693473
2693474
2693475
2693476
2693477
2693478
2693479
2693480
2693481
2693482
2693483
2693484
2693485
2693486
2693487
2693488
2693489
2693490
2693491
2693492
2693493
2693494
2693495
2693496
2693497
2693498
2693499
2693500
2693501
2693502
2693503
2693504
2693505
2693506
2693507
2693508
2693509
2693510
2693511
2693512
2693513
2693514
2693515
2693516
2693517
2693518
2693519
2693520
2693521
2693522
2693533
2693534
2693535
2693536
2693537
2693538
2693539
2693540
2693541
2693542
2693543
2693544
2693545
2693546
2693547
2693548
2693549
2693550
2693551
2693552
2693553
2693554
2693555
2693556
2693557
2693558
2693559
2693560
2693561
2693562
2693563
2693564
2693566
2693567
2693568
2693569
2693570
2693571
2693572
2693573
2693574
2693575
2693576
2693577
2693578
2693579
2693580
2693581
2693582
2693583
2693584
2693585
2693586
2693587
2693588
2693589
2693590
2693591
2693592
2693593
2693594
2693595
2693596
2693597
2693598
2693599
2693600
2693601
2693602
2693603
2693604
2693605
2693606
2693607
2693608
2693609
2693610
2693611
2693612
2693613
2693614
2693615
2693616
2693617
2693618
2693619
2693620
2693621
2693622
2693623
2693624
2693625
2693626
2693627
2693628
2693629
2693630
2693631
2693632
2693633
2693634
2693635
2693636
2693637
2693638
2693639
2693640
2693641
2693642
2693643
2693644
2693645
2693646
2693647
2693648
2693649
2693650
2693651
2693652
2693653
2693654
2693655
2693656
2693659
2693661
2693662
2693663
2693664
2693665
2693666
2693667
2693668
2693669
2693670
2693671
2693672
2693673
2693674
2693675
2693676
2693677
2693678
2693679
2693680
2693681
2693682
2693683
2693684
2693685
2693686
2693687
2693688
2693689
2693690
2693691
2693692
2693693
2693694
2693695
2693696
2693698
2693699
2693700
2693701
2693702
2693703
2693704
2693705
2693706
2693707
2693708
2693709
2693710
2693711
2693712
2693713
2693714
2693715
2693716
2693717
2693718
2693719
2693720
2693721
2693722
2693723
2693724
2693725
2693726
2693727
2693728
2693729
2693730
2693731
2693732
2693733
2693734
2693735
2693736
2693737
2693738
2693739
2693740
2693741
2693742
2693743
2693744
2693745
2693746
2693747
2693748
2693749
2693750
2693751
2693752
2693753
2693754
2693755
2693756
2693757
2693758
2693759
2693760
2693761
2693762
2693763
2693764
2693765
2693766
2693767
2693768
2693769
2693770
2693771
2693772
2693773
2693774
2693775
2693776
2693777
2693778
2693779
2693780
2693781
2693782
2693783
2693784
2693785
2693786
2693787
2693788
2693789
2693790
2693791
2693792
2693793
2693794
2693795
2693796
2693797
2693798
2693799
2693800
2693801
2693802
2693803
2693804
2693805
2693806
2693807
2693808
2693809
2693810
2693811
2693812
2693813
2693814
2693815
2693816
2693817
2693818
2693819
2693820
2693821
2693822
2693823
2693824
2693825
2693826
2693827
2693828
2693829
2693830
2693831
2693832
2693833
2693834
2693835
2693836
2693837
2693838
2693839
2693840
2693841
2693842
2693843
2693844
2693845
2693846
2693847
2693848
2693849
2693850
2693851
2693852
2693853
2693854
2693855
2693856
2693857
2693858
2693859
2693860
2693861
2693862
2693863
2693864
2693865
2693866
2693867
2693868
2693869
2693870
2693871
2693872
2693873
2693874
2693875
2693876
2693877
2693878
2693879
2693880
2693881
2693882
2693883
2693884
2693885
2693886
2693887
2693888
2693889
2693890
2693891
2693892
2693893
2693894
2693895
2693896
2693897
2693898
2693899
2693900
2693901
2693902
2693903
2693904
2693905
2693906
2693907
2693908
2693909
2693910
2693911
2693912
2693913
2693914
2693915
2693916
2693917
2693918
2693919
2693920
2693921
2693922
2693923
2693924
2693925
2693926
2693927
2693928
2693929
2693930
2693931
2693932
2693933
2693934
2693935
2693936
2693937
2693938
2693939
2693940
2693941
2693942
2693943
2693944
2693945
2693946
2693947
2693948
2693949
2693950
2693951
2693952
2693953
2693954
2693955
2693956
2693957
2693958
2693959
2693960
2693961
2693962
2693963
2693964
2693965
2693966
2693967
2693968
2693969
2693970
2693971
2693972
2693973
2693974
2693975
2693976
2693977
2693978
2693979
2693980
2693981
2693982
2693983
2693984
2693985
2693986
2693987
2693988
2693989
2693990
2693991
2693992
2693993
2693994
2693995
2693996
2693997
2693998
2693999
2694000
2694001
2694002
2694003
2694004
2694005
2694006
2694007
2694008
2694009
2694010
2694011
2694012
2694013
2694014
2694015
2694016
2694017
2694018
2694019
2694020
2694021
2694022
2694023
2694024
2694025
2694026
2694027
2694028
2694029
2694030
2694031
2694032
2694033
2694034
2694035
2694036
2694037
2694038
2694039
2694040
2694041
2694042
2694043
2694044
2694045
2694046
2694047
2694048
2694049
2694050
2694051
2694052
2694053
2694054
2694055
2694056
2694057
2694058
2694059
2694060
2694061
2694062
2694063
2694064
2694065
2694066
2694067
2694068
2694069
2694070
2694071
2694072
2694073
2694074
2694075
2694076
2694077
2694078
2694079
2694080
2694081
2694082
2694083
2694084
2694085
2694086
2694087
2694088
2694089
2694090
2694091
2694092
2694093
2694094
2694095
2694096
2694097
2694098
2694099
2694100
2694101
2694102
2694103
2694104
2694105
2694106
2694107
2694108
2694109
2694110
2694111
2694112
2694113
2694114
2694115
2694116
2694117
2694118
2694119
2694120
2694121
2694122
2694123
2694124
2694125
2694126
2694127
2694128
2694129
2694130
2694131
2694132
2694133
2694134
2694135
2694136
2694138
2694142
2694143
2694144
2694145
2694146
2694147
2694148
2694149
2694150
2694151
2694152
2694153
2694154
2694155
2694156
2694157
2694158
2694159
2694160
2694161
2694162
2694163
2694164
2694165
2694166
2694167
2694168
2694169
2694170
2694171
2694172
2694174
2694175
2694176
2694177
2694178
2694179
2694180
2694181
2694182
2694183
2694184
2694185
2694186
2694187
2694188
2694189
2694190
2694191
2694192
2694193
2694194
2694195
2694196
2694197
2694198
2694199
2694200
2694201
2694202
2694203
2694204
2694205
2694206
2694207
2694208
2694209
2694210
2694211
2694212
2694213
2694214
2694215
2694216
2694217
2694218
2694219
2694220
2694221
2694222
2694223
2694224
2694225
2694226
2694227
2694228
2694229
2694230
2694231
2694232
2694233
2694234
2694235
2694236
2694237
2694238
2694239
2694240
2694241
2694242
2694243
2694244
2694245
2694246
2694247
2694248
2694249
2694250
2694251
2694252
2694253
2694254
2694255
2694256
2694257
2694258
2694259
2694260
2694261
2694262
2694263
2694264
2694265
2694266
2694267
2694268
2694269
2694270
2694271
2694272
2694273
2694274
2694275
2694276
2694277
2694278
2694279
2694280
2694281
2694282
2694283
2694284
2694285
2694286
2694287
2694288
2694289
2694290
2694291
2694292
2694293
2694294
2694295
2694296
2694297
2694298
2694299
2694300
2694301
2694302
2694303
2694304
2694305
2694306
2694307
2694308
2694309
2694310
2694311
2694312
2694313
2694314
2694315
2694316
2694317
2694318
2694319
2694320
2694321
2694322
2694323
2694324
2694325
2694326
2694327
2694328
2694329
2694330
2694331
2694334
2694335
2694336
2694337
2694338
2694339
2694340
2694341
2694342
2694343
2694344
2694345
2694346
2694347
2694348
2694349
2694350
2694351
2694352
2694353
2694354
2694355
2694356
2694357
2694358
2694359
2694360
2694361
2694362
2694363
2694364
2694365
2694366
2694367
2694368
2694369
2694370
2694371
2694372
2694373
2694374
2694375
2694376
2694377
2694378
2694379
2694380
2694381
2694382
2694383
2694384
2694385
2694386
2694387
2694388
2694389
2694390
2694391
2694392
2694393
2694394
2694395
2694396
2694397
2694398
2694399
2694400
2694401
2694402
2694403
2694404
2694405
2694406
2694407
2694408
2694409
2694410
2694411
2694412
2694413
2694414
2694415
2694416
2694417
2694418
2694419
2694420
2694421
2694422
2694423
2694424
2694425
2694426
2694427
2694428
2694429
2694430
2694431
2694432
2694433
2694434
2694435
2694436
2694437
2694438
2694439
2694440
2694441
2694442
2694443
2694444
2694445
2694446
2694448
2694449
2694450
2694451
2694452
2694453
2694454
2694455
2694456
2694457
2694458
2694459
2694460
2694461
2694462
2694463
2694464
2694465
2694466
2694467
2694468
2694469
2694470
2694471
2694472
2694473
2694474
2694475
2694476
2694477
2694478
2694479
2694480
2694481
2694482
2694483
2694484
2694485
2694486
2694487
2694488
2694489
2694490
2694491
2694492
2694493
2694494
2694495
2694496
2694497
2694498
2694499
2694500
2694501
2694502
2694503
2694504
2694505
2694506
2694507
2694508
2694509
2694510
2694511
2694512
2694513
2694514
2694515
2694516
2694517
2694518
2694519
2694520
2694521
2694522
2694523
2694524
2694525
2694526
2694527
2694528
2694529
2694530
2694531
2694532
2694533
2694534
2694535
2694536
2694537
2694538
2694539
2694540
2694541
2694542
2694543
2694544
2694545
2694546
2694547
2694548
2694549
2694550
2694551
2694552
