2842798
2842799
2842800
2842801
2842802
2842803
2842804
2842805
2842807
2842808
2842809
2842810
2842811
2842812
2842813
2842814
2842815
2842816
2842817
2842818
2842819
2842820
2842823
2842824
2842825
2842826
2842827
2842828
2842831
2842833
2842834
2842835
2842836
2842838
2842840
2842841
2842842
2842843
2842844
2842846
2842847
2842848
2842850
2842851
2842852
2842855
2842856
2842857
2842858
2842860
2842861
2842862
2842863
2842864
2842865
2842867
2842869
2842870
2842871
2842872
2842874
2842878
2842879
2842880
2842881
2842882
2842883
2842884
2842885
2842886
2842887
2842888
2842889
2842890
2842891
2842892
2842893
2842894
2842895
2842897
2842898
2842900
2842901
2842902
2842903
2842904
2842905
2842906
2842907
2842908
2842910
2842911
2842912
2842914
2842915
2842916
2842917
2842918
2842919
2842920
2842921
2842922
2842923
2842925
2842926
2842927
2842928
2842929
2842931
2842933
2842934
2842936
2842938
2842941
2842942
2842943
2842944
2842945
2842946
2842947
2842948
2842949
2842950
2842951
2842953
2842954
2842957
2842958
2842960
2842961
2842963
2842964
2842965
2842966
2842967
2842968
2842971
2842972
2842973
2842974
2842975
2842976
2842977
2842979
2842981
2842984
2842986
2842988
2842989
2842991
2842993
2842994
2842995
2842996
2842998
2842999
2843000
2843004
2843007
2843008
2843009
2843011
2843012
2843013
2843014
2843015
2843016
2843017
2843018
2843019
2843020
2843022
2843024
2843027
2843028
2843029
2843030
2843031
2843033
2843034
2843035
2843036
2843037
2843038
2843039
2843040
2843041
2843042
2843044
2843046
2843047
2843048
2843049
2843051
2843052
2843054
2843055
2843056
2843058
2843059
2843060
2843062
2843064
2843065
2843066
2843067
2843068
2843069
2843070
2843071
2843072
2843073
2843077
2843078
2843079
2843080
2843081
2843082
2843086
2843087
2843088
2843091
2843092
2843093
2843094
2843095
2843096
2843097
2843098
2843099
2843101
2843102
2843103
2843104
2843105
2843106
2843108
2843109
2843110
2843111
2843112
2843113
2843115
2843118
2843119
2843120
2843121
2843122
2843123
2843124
2843125
2843126
2843127
2843128
2843129
2843130
2843131
2843132
2843133
2843135
2843136
2843137
2843138
2843139
2843140
2843141
2843142
2843143
2843144
2843145
2843146
2843147
2843150
2843152
2843153
2843154
2843155
2843156
2843157
2843159
2843160
2843161
2843162
2843331
2843332
2843342
2843343
2843344
2843345
2843346
2843347
2843348
2843349
2843350
2843351
2843352
2843353
2843354
2843355
2843356
2843357
2843358
2843359
2843360
2843361
2843362
2843363
2843364
2843365
2843366
2843367
2843368
2843369
2843370
2843371
2843372
2843373
2843374
2843375
2843376
2843377
2843378
2843379
2843380
2843381
2843382
2843383
2843384
2843385
2843386
2843387
2843388
2843389
2843390
2843391
2843392
2843393
2843394
2843395
2843396
2843397
2843398
2843399
2843400
2843401
2843402
2843403
2843404
2843405
2843406
2843407
2843408
2843409
2843410
2843411
2843412
2843413
2843414
2843415
2843416
2843417
2843418
2843419
2843420
2843421
2843422
2843423
2843424
2843425
2843426
2843427
2843428
2843430
2843431
2843432
2843433
2843434
2843435
2843436
2843437
2843438
2843439
2843440
2843441
2843442
2843443
2843444
2843445
2843446
2843447
2843448
2843449
2843450
2843452
2843453
2843454
2843455
2843456
2843457
2843458
2843459
2843460
2843461
2843462
2843463
2843464
2843465
2843466
2843467
2843468
2843469
2843470
2843471
2843472
2843473
2843474
2843475
2843476
2843477
2843478
2843479
2843481
2843482
2843616
2843617
2843618
2843620
2843621
2843622
2843623
2843624
2843625
2843626
2843627
2843628
2843629
2843630
2843631
2843632
2843633
2843634
2843635
2843636
2843637
2843638
2843639
2843640
2843641
2843642
2843643
2843644
2843645
2843646
2843647
2843648
2843649
2843650
2843651
2843652
2843653
2843654
2843655
2843656
2843657
2843658
2843663
2843664
2843665
2843666
2843672
2843673
2843674
2843675
2843676
2843677
2843678
2843679
2843680
2843681
2843682
2843684
2843685
2843687
2843692
2843695
2843696
2843697
2843702
2843703
2843704
2843707
2843718
2843721
2843722
2843723
2843724
2843725
2843726
2843727
2843728
2843729
2843731
2843732
2843733
2843734
2843736
2843737
2843738
2843739
2843740
2843741
2843742
2843743
2843745
2843746
2843747
2843748
2843749
2843750
2843751
2843752
2843753
2843754
2843755
2843756
2843757
2843758
2843759
2843760
2843761
2843762
2843763
2843764
2843765
2843766
2843767
2843768
2843769
2843770
2843771
2843772
2843773
2843774
2843775
2843777
2843778
2843779
2843780
2843781
2843782
2843783
2843784
2843785
2843786
2843788
2843790
2843791
2843792
2843793
2843794
2843795
2843796
2843803
2843810
2843811
2843812
2843829
2843834
2843835
2843836
2843837
2843838
2843839
2843841
2843842
2843843
2843844
2843845
2843846
2843847
2843848
2843849
2843850
2843851
2843854
2843857
2843858
2843859
2843860
2843861
2843862
2843863
2843864
2843865
2843866
2843868
2843869
2843870
2843871
2843872
2843873
2843874
2843875
2843876
2843877
2843878
2843879
2843881
2843882
2843885
2843886
2843887
2843888
2843889
2843890
2843895
2843896
2843897
2843900
2843901
2843907
2843908
2843909
2843910
2843917
2843919
2843920
2843921
2843923
2843924
2843926
2843927
2843931
2843932
2843933
2843935
2843937
2843938
2843939
2843940
2843943
2843944
2843945
2843947
2843948
2843949
2843951
2843952
2843953
2843954
2843955
2843956
2843957
2843958
2843959
2843960
2843961
2843962
2843966
2843967
2843968
2843969
2843970
2843971
2843972
2843973
2843978
2843979
2843980
2843981
2843982
2843983
2843984
2843985
2843986
2843987
2843988
2843989
2843990
2843991
2843992
2843993
2844012
2844013
2844016
2844017
2844018
2844019
2844020
2844030
2844031
2844032
2844034
2844035
2844036
2844037
2844038
2844039
2844040
2844047
2844049
2844050
2844051
2844053
2844058
2844059
2844063
2844064
2844066
2844067
2844069
2844070
2844071
2844074
2844075
2844076
2844080
2844081
2844083
2844086
2844087
2844090
2844091
2844092
2844093
2844094
2844095
2844097
2844098
2844108
2844109
2844113
2844116
2844119
2844120
2844121
2844122
2844123
2844124
2844126
2844127
2844128
2844129
2844131
2844132
2844133
2844134
2844135
2844136
2844137
2844138
2844139
2844140
2844141
2844142
2844143
2844144
2844145
2844146
2844147
2844148
2844149
2844150
2844151
2844152
2844154
2844155
2844156
2844158
2844163
2844164
2844165
2844166
2844167
2844168
2844169
2844171
2844173
2844175
2844176
2844177
2844178
2844179
2844181
2844183
2844184
2844185
2844186
2844187
2844188
2844189
2844190
2844191
2844192
2844193
2844194
2844195
2844196
2844197
2844198
2844199
2844200
2844201
2844202
2844203
2844204
2844205
2844206
2844207
2844208
2844209
2844210
2844211
2844212
2844213
2844214
2844215
2844216
2844218
2844219
2844220
2844222
2844223
2844224
2844225
2844226
2844227
2844228
2844229
2844231
2844232
2844233
2844235
2844236
2844237
2844238
2844239
2844240
2844241
2844242
2844243
2844244
2844245
2844246
2844247
2844248
2844249
2844250
2844252
2844253
2844254
2844255
2844256
2844257
2844258
2844259
2844260
2844261
2844262
2844263
2844264
2844265
2844266
2844267
2844268
2844270
2844271
2844273
2844274
2844276
2844277
2844278
2844279
2844280
2844281
2844284
2844285
2844286
2844287
2844289
2844290
2844291
2844292
2844293
2844294
2844295
2844296
2844297
2844298
2844299
2844300
2844301
2844302
2844303
2844304
2844305
2844306
2844307
2844308
2844309
2844310
2844311
2844312
2844393
2844394
2844395
2844396
2844397
2844398
2844399
2844401
2844404
2844405
2844406
2844407
2844409
2844411
2844412
2844414
2844415
2844416
2844417
2844418
2844419
2844421
2844422
2844423
2844424
2844425
2844426
2844427
2844428
2844429
2844430
2844431
2844432
2844433
2844434
2844435
2844436
2844437
2844438
2844439
2844440
2844441
2844442
2844443
2844444
2844445
2844446
2844447
2844456
2844457
2844460
2844461
2844462
2844463
2844464
2844465
2844466
2844467
2844468
2844469
2844470
2844471
2844474
2844475
2844476
2844477
2844483
2844484
2844485
2844498
2844499
2844500
2844501
2844502
2844504
2844505
2844506
2844507
2844508
2844509
2844510
2844511
2844512
2844513
2844515
2844516
2844518
2844519
2844521
2844522
2844523
2844524
2844525
2844527
2844528
2844529
2844530
2844531
2844532
2844535
2844536
2844537
2844538
2844539
2844540
2844541
2844542
2844543
2844544
2844548
2844549
2844550
2844551
2844552
2844553
2844554
2844555
2844558
2844559
2844560
2844561
2844562
2844563
2844564
2844565
2844566
2844567
2844568
2844569
2844570
2844571
2844572
2844575
2844576
2844577
2844578
2844579
2844580
2844581
2844582
2844583
2844584
2844585
2844586
2844587
2844588
2844590
2844595
2844596
2844597
2844599
2844600
2844603
2844604
2844609
2844610
2844611
2844612
2844613
2844614
2844616
2844617
2844618
2844619
2844620
2844621
2844622
2844625
2844626
2844628
2844629
2844630
2844632
2844636
2844638
2844639
2844640
2844641
2844642
2844643
2844644
2844645
2844646
2844650
2844652
2844653
2844656
2844657
2844658
2844659
2844660
2844661
2844662
2844663
2844664
2844665
2844666
2844667
2844668
2844669
2844670
2844671
2844672
2844673
2844674
2844675
2844676
2844677
2844678
2844679
2844681
2844701
2844760
2844785
2844787
2844795
2844796
2844797
2844798
2844799
2844800
2844801
2844802
2844803
2844804
2844805
2844806
2844808
2844809
2844810
2844816
2844817
2844818
2844819
2844822
2844825
2844826
2844827
2844828
2844830
2844831
2844832
2844833
2844835
2844839
2844843
2844856
2844857
2844859
2844861
2844961
2844962
2844963
2844965
2844966
2844979
2844980
2844981
2844982
2844986
2844987
2845000
2845001
2845003
2845004
2845005
2845006
2845007
2845008
2845009
2845010
2845012
2845013
2845018
2845019
2845020
2845023
2845024
2845025
2845027
2845028
2845030
2845031
2845032
2845033
2845034
2845035
2845036
2845037
2845038
2845039
2845040
2845041
2845042
2845044
2845045
2845046
2845056
2845057
2845058
2845059
2845060
2845062
2845064
2845065
2845066
2845069
2845070
2845071
2845073
2845074
2845075
2845076
2845077
2845078
2845079
2845080
2845081
2845082
2845083
2845084
2845085
2845086
2845087
2845088
2845089
2845090
2845091
2845092
2845093
2845094
2845095
2845098
2845103
2845104
2845105
2845106
2845107
2845108
2845109
2845110
2845111
2845112
2845113
2845114
2845115
2845116
2845117
2845118
2845119
2845120
2845122
2845123
2845124
2845125
2845126
2845127
2845128
2845129
2845130
2845131
2845132
2845133
2845134
2845135
2845136
2845137
2845138
2845139
2845140
2845142
2845143
2845144
2845145
2845146
2845147
2845148
2845149
2845150
2845151
2845152
2845153
2845154
2845155
2845156
2845157
2845158
2845159
2845160
2845161
2845162
2845163
2845164
2845165
2845166
2845167
2845168
2845169
2845170
2845171
2845172
2845173
2845174
2845175
2845176
2845177
2845178
2845179
2845180
2845181
2845182
2845183
2845184
2845185
2845186
2845187
2845188
2845189
2845190
2845191
2845206
2845386
2845387
2845388
2845389
2845390
2845391
2845392
2845393
2845394
2845395
2845396
2845397
2845398
2845399
2845400
2845401
2845402
2845403
2845404
2845405
2845406
2845407
2845408
2845409
2845410
2845411
2845412
2845413
2845414
2845415
2845416
2845417
2845418
2845419
2845420
2845421
2845422
2845423
2845424
2845425
2845426
2845427
2845428
2845429
2845430
2845431
2845432
2845433
2845434
2845435
2845436
2845437
2845438
2845439
2845440
2845441
2845442
2845443
2845444
2845445
2845446
2845447
2845448
2845449
2845450
2845451
2845452
2845453
2845454
2845455
2845456
2845457
2845458
2845459
2845460
2845461
2845462
2845463
2845464
2845465
2845466
2845467
2845468
2845469
2845470
2845471
2845472
2845473
2845474
2845475
2845476
2845477
2845478
2845479
2845480
2845481
2845482
2845483
2845491
2845492
2845493
2845494
2845497
2845498
2845499
2845501
2845502
2845503
2845504
2845506
2845507
2845508
2845509
2845510
2845511
2845512
2845513
2845515
2845516
2845517
2845519
2845520
2845521
2845522
2845524
2845530
2845531
2845533
2845534
2845537
2845538
2845539
2845544
2845553
2845556
2845557
2845558
2845559
2845561
2845562
2845564
2845565
2845570
2845575
2845577
2845579
2845580
2845583
2845584
2845585
2845587
2845588
2845589
2845590
2845591
2845592
2845593
2845594
2845595
2845596
2845597
2845598
2845601
2845602
2845603
2845608
2845610
2845611
2845612
2845613
2845614
2845616
2845617
2845618
2845619
2845620
2845621
2845622
2845623
2845625
2845626
2845630
2845636
2845637
2845638
2845639
2845640
2845647
2845648
2845649
2845650
2845651
2845652
2845653
2845654
2845655
2845656
2845657
2845658
2845659
2845660
2845661
2845662
2845663
2845664
2845665
2845669
2845670
2845672
2845673
2845675
2845676
2845678
2845679
2845681
2845682
2845683
2845684
2845685
2845686
2845688
2845689
2845690
2845693
2845696
2845697
2845698
2845700
2845702
2845703
2845704
2845705
2845711
2845713
2845714
2845715
2845716
2845717
2845720
2845729
2845730
2845732
2845733
2845734
2845736
2845737
2845738
2845739
2845741
2845743
2845744
2845746
2845748
2845749
2845750
2845752
2845754
2845755
2845756
2845757
2845758
2845759
2845760
2845765
2845766
2845767
2845770
2845772
2845773
2845774
2845775
2845776
2845777
2845778
2845779
2845780
2845781
2845782
2845783
2845784
2845785
2845786
2845788
2845789
2845790
2845791
2845792
2845793
2845794
2845795
2845796
2845798
2845799
2845802
2845804
2845805
2845806
2845807
2845814
2845816
2845817
2845818
2845830
2845831
2845834
2845835
2845836
2845837
2845841
2845842
2845843
2845847
2845848
2845849
2845850
2845851
2845852
2845857
2845858
2845860
2845861
2845865
2845870
2845872
2845873
2845874
2845875
2845877
2845878
2845885
2845886
2845887
2845888
2845889
2845890
2845894
2845895
2845896
2845897
2845899
2845900
2845902
2845904
2845905
2845906
2845907
2845908
2845909
2845910
2845924
2845925
2845929
2845932
2845933
2845934
2845935
2845936
2845938
2845939
2845940
2845941
2845942
2845949
2845950
2845951
2845952
2845954
2845955
2845956
2845957
2845958
2845959
2845960
2845961
2845962
2845963
2845964
2845965
2845966
2845967
2845968
2845969
2845970
2845971
2845973
2845976
2845977
2845979
2845980
2845981
2845982
2845983
2845987
2845988
2845990
2845991
2845992
2846014
2846015
2846016
2846017
2846018
2846019
2846020
2846021
2846022
2846029
2846030
2846031
2846032
2846037
2846038
2846039
2846040
2846041
2846042
2846043
2846044
2846045
2846046
2846047
2846048
2846049
2846050
2846051
2846052
2846056
2846058
2846059
2846060
2846061
2846062
2846063
2846064
2846066
2846069
2846071
2846073
2846074
2846075
2846076
2846077
2846079
2846081
2846082
2846083
2846084
2846085
2846087
2846088
2846089
2846090
2846091
2846092
2846093
2846094
2846095
2846096
2846097
2846098
2846099
2846100
2846101
2846102
2846103
2846104
2846105
2846106
2846107
2846108
2846109
2846111
2846112
2846113
2846114
2846115
2846116
2846117
2846118
2846119
2846120
2846121
2846122
2846123
2846124
2846125
2846126
2846127
2846128
2846129
2846130
2846131
2846132
2846133
2846134
2846135
2846136
2846137
2846138
2846139
2846140
2846141
2846142
2846144
2846147
2846148
2846149
2846151
2846153
2846154
2846156
2846157
2846158
2846159
2846160
2846161
2846163
2846164
2846165
2846168
2846170
2846174
2846176
2846177
2846179
2846180
2846181
2846182
2846183
2846184
2846185
2846186
2846188
2846191
2846193
2846194
2846195
2846196
2846197
2846198
2846199
2846200
2846201
2846203
2846204
2846205
2846208
2846209
2846210
2846211
2846212
2846213
2846214
2846215
2846216
2846217
2846218
2846219
2846231
2846232
2846233
2846235
2846237
2846239
2846241
2846248
2846252
2846253
2846255
2846258
2846259
2846262
2846263
2846264
2846265
2846266
2846267
2846268
2846269
2846270
2846271
2846272
2846273
2846275
2846278
2846282
2846283
2846284
2846285
2846286
2846287
2846288
2846291
2846293
2846297
2846300
2846301
2846373
2846374
2846375
2846376
2846377
2846378
2846379
2846380
2846382
2846383
2846387
2846388
2846389
2846390
2846391
2846392
2846393
2846394
2846395
2846396
2846397
2846398
2846399
2846400
2846401
2846402
2846403
2846404
2846405
2846406
2846407
2846408
2846411
2846413
2846414
2846415
2846418
2846420
2846423
2846424
2846425
2846426
2846433
2846434
2846435
2846436
2846437
2846441
2846442
2846443
2846446
2846447
2846449
2846450
2846451
2846454
2846455
2846468
2846493
2846513
2846514
2846519
2846545
2846570
2846571
2846572
2846573
2846576
2846578
2846580
2846581
2846583
2846584
2846585
2846587
2846588
2846589
2846590
2846591
2846592
2846593
2846594
2846595
2846596
2846599
2846600
2846601
2846602
2846603
2846604
2846605
2846606
2846607
2846608
2846609
2846612
2846613
2846614
2846615
2846620
2846621
2846622
2846623
2846624
2846637
2846638
2846639
2846640
2846641
2846642
2846657
2846660
2846661
2846662
2846663
2846664
2846665
2846666
2846667
2846668
2846669
2846670
2846671
2846672
2846673
2846675
2846678
2846679
2846680
2846681
2846682
2846685
2846686
2846687
2846688
2846689
2846691
2846692
2846693
2846694
2846696
2846697
2846739
2846948
2846955
2847040
2847044
2847048
2847052
2847056
2847058
2847060
2847061
2847062
2847072
2847073
2847074
2847077
2847078
2847081
2847087
2847088
2847089
2847091
2847092
2847105
2847106
2847107
2847108
2847109
2847137
2847138
2847139
2847141
2847143
2847144
2847145
2847173
2847174
2847266
2847267
2847270
2847277
2847284
2847285
2847286
2847287
2847766
2847767
2847793
2847794
2847795
2847796
2847799
2847801
2847805
2847810
2847812
2847813
2847814
2847815
2847816
2847818
2847822
2847823
2847832
2847841
2847848
2847850
2847851
2847995
2847998
2847999
2848001
2848004
2848011
2848019
2848021
2848022
2848023
2848031
2848036
2848038
2848039
2848040
2848043
2848048
2848054
2848071
2848074
2848075
2848077
2848078
2848079
2848081
2848082
2848094
2848096
2848127
2848128
2848134
2848315
2848316
2848317
2848321
2848323
2848325
2848326
2848328
2848334
2848418
2848419
2848421
2848423
2848881
2848882
2848884
2848885
2848886
2848887
2848909
2848910
2848911
2848912
2848913
2848914
2848915
2848971
2848982
2849006
2849007
2849008
2849016
2849018
2849019
2849058
2849063
2849064
2849065
2849068
2849079
2849080
2849081
2849092
2849096
2849097
2849099
2849100
2849102
2849103
2849104
2849105
2849125
2849243
2849244
2849245
2849246
2849475
2849479
2849587
2849595
2849598
2849599
2849600
2849623
2849624
2849625
2849626
2849628
2849675
2849697
2849698
2849699
2849700
2849703
2849704
2849708
2849709
2849715
2849717
2849721
2849726
2849733
2849739
2849741
2849745
2849769
2849774
2849971
2849972
2850049
2850656
2850667
2851026
2851028
2851029
2851030
2851032
2851033
2851034
2851035
2851068
2851069
2851070
2851072
2851075
2851076
2851077
2851080
2851081
2851082
2851083
2851084
2851085
2851086
2851093
2851094
2851095
2851097
2851098
2851099
2851100
2851101
2851103
2851104
2851105
2851106
2851108
2851109
2851110
2851111
2851112
2851113
2851114
2851115
2851116
2851128
2851129
2851130
2851131
2851132
2851133
2851134
2851141
2851142
2851143
2851145
2851147
2851148
2851149
2851151
2851153
2851154
2851155
2851156
2851158
2851160
2851161
2851162
2851163
2851164
2851165
2851166
2851168
2851169
2851170
2851171
2851172
2851173
2851174
2851175
2851178
2851179
2851180
2851181
2851182
2851183
2851184
2851185
2851186
2851188
2851189
2851191
2851192
2851193
2851195
2851196
2851197
2851198
2851199
2851200
2851201
2851202
2851203
2851204
2851205
2851401
2851402
2851430
2851443
2851458
2851465
2851475
2851486
2851491
2851639
2851653
2851655
2851919
2851934
2851954
2851955
2851956
2851957
2851958
2851960
2851961
2851962
2851963
2851964
2851965
2851966
2851967
2851968
2851969
2851970
2851971
2851972
2851973
2851974
2851975
2851976
2851977
2851978
2851979
2851980
2851981
2851982
2851983
2851984
2851985
2851986
2851987
2851988
2851989
2851990
2851991
2851992
2851993
2851994
2852003
2852004
2852005
2852006
2852007
2852008
2852009
2852010
2852011
2852012
2852013
2852014
2852015
2852016
2852017
2852018
2852019
2852020
2852021
2852022
2852023
2852024
2852025
2852026
2852027
2852028
2852029
2852030
2852031
2852032
2852033
2852034
2852035
2852036
2852037
2852038
2852039
2852040
2852103
2852111
2852114
2852115
2852116
2852125
2852127
2852130
2852133
2852150
2852151
2852153
2852164
2852165
2852167
2852168
2852170
2852174
2852178
2852180
2852183
2852194
2852200
2852220
2852223
2852224
2852233
2852239
2852241
2852246
2852259
2852261
2852263
2852264
2852265
2852274
2852277
2852317
2852324
2852332
2852351
2852352
2852355
2852358
2852359
2852362
2852370
2852375
2852377
2852378
2852380
2852388
2852390
2852393
2852398
2852399
2852405
2852407
2852408
2852409
2852418
2852421
2852433
2852434
2852440
2852450
2852458
2852460
2852465
2852466
2852473
2852475
2852476
2852486
2852495
2852502
2852509
2852514
2852516
2852519
2852520
2852523
2852525
2852529
2852530
2852533
2852536
2852560
2852561
2852572
2852573
2852580
2852582
2852587
2852594
2852600
2852601
2852605
2852608
2852611
2852625
2852632
2852637
2852644
2852652
2852657
2852662
2852667
2852671
2852675
2852676
2852684
2852690
2852691
2852692
2852693
2852695
2852696
2852703
2852707
2852709
2852710
2852712
2852726
2852728
2852729
2852733
2852737
2852746
2852750
2852760
2852761
2852771
2852775
2852783
2852787
2852796
2852797
2852801
2852810
2852814
2852817
2852819
2852823
2852826
2852840
2852842
2852857
2852867
2852871
2852873
2852874
2852875
2852880
2852881
2852888
2852892
2852897
2852912
2852913
2852926
2852929
2852932
2852938
2852961
2852963
2852964
2852966
2852967
2852968
2852969
2852970
2852972
2852975
2852976
2852977
2852978
2852980
2852983
2852985
2852986
2852987
2852991
2852996
2852998
2852999
2853007
2853010
2853011
2853013
2853016
2853017
2853019
2853022
2853023
2853025
2853026
2853045
2853050
2853076
2853078
2853091
2853092
2853094
2853095
2853105
2853106
2853118
2853119
2853120
2853169
2853199
2853265
2853266
2853267
2853282
2853283
2853284
2853285
2853286
2853431
2853730
2853789
2853790
2853791
2853792
2853796
2853797
2853798
2853799
2853800
2853801
2853802
2853976
2854218
2854219
2854225
2854390
2854842
2854843
2855313
2855314
2855326
2855484
2855485
2855487
2855614
2856175
2856177
2856178
2856180
2856553
2856554
2856559
2856824
2856830
2856860
2856874
2856875
2856879
2856880
2856881
2856888
2856892
2856907
2856926
2856996
2856997
2857500
2857501
2858412
2858880
2858881
2858884
2859059
2859060
2859072
2859073
2859245
2859247
2859281
2859282
2859283
2859284
2859285
2859289
2859290
2859291
2859292
2859293
2859294
2859295
2859299
2859302
2859303
2859304
2859305
2859306
2859308
2859309
2859310
2859311
2859312
2859314
2859315
2859316
2859319
2859320
2859321
2859322
2859323
2859325
2859329
2859331
2859334
2859335
2859336
2859339
2859340
2859341
2859342
2859343
2859345
2859347
2859348
2859349
2859350
2859351
2859352
2859353
2859354
2859355
2859356
2859357
2859358
2859359
2859360
2859361
2859362
2859363
2859364
2859450
2859451
2859473
2859474
2859475
2859476
2859477
2859478
2859479
2859480
2859481
2859487
2859488
2859489
2859492
2859493
2859494
2859495
2859496
2859509
2859510
2859511
2859512
2859513
2859517
2859518
2859519
2859524
2859525
2859526
2859527
2859528
2859562
2859563
2859564
2859565
2859595
2859632
2859633
2859634
2859635
2859636
2859638
2859649
2859650
2859651
2859652
2859653
2859654
2859655
2859656
2859657
2859658
2859659
2859660
2859661
2859662
2859663
2859664
2859709
2859881
2859883
2859885
2859887
2859891
2859896
2859899
2859903
2859906
2860251
2860269
2860312
2860313
2860314
2860315
2860316
2860317
2860370
2860371
2860372
2860373
2860374
2860375
2860376
2860377
2860474
2860478
2860949
2860950
2860969
2860996
2860997
2861000
2861001
2861002
2861003
2861004
2861005
2861007
2861008
2861009
2861054
2861055
2861056
2861058
2861250
2861289
2861712
2861865
2861974
2861975
2862112
2862113
2862114
2862336
2862371
2862503
2862717
2862735
2862736
2862737
2862739
2862740
2862773
2862774
2862775
2862824
2862825
2862951
2862952
2862993
2862994
2862995
2862996
2862998
2863001
2863002
2863003
2863004
2863149
2863150
2863152
2863189
2863193
2863194
2863195
2863196
2863232
2863234
2863235
2863236
2863237
2863240
2863241
2863243
2863244
2863246
2863248
2863249
2863250
2863251
2863252
2863259
2863264
2863265
2863266
2863267
2863268
2863269
2863270
2863271
2863272
2863273
2863274
2863275
2863276
2863277
2863278
2863279
2863583
2863679
2863680
2863681
2863682
2863830
2863831
2863832
2863833
2863838
2863839
2863840
2863841
2863842
2863843
2863844
2863846
2863847
2863848
2863849
2863850
2863851
2863852
2863853
2863854
2863855
2863856
2863864
2863865
2863866
2863867
2863868
2863950
2863951
2863952
2863953
2863954
2863956
2863957
2863959
2863961
2863962
2863963
2863964
2863965
2863966
2863967
2863968
2863969
2863970
2863971
2863972
2863973
2863975
2863976
2863977
2863978
2863979
2863980
2863981
2863982
2863983
2863986
2863987
2863988
2863989
2863990
2863991
2863992
2863993
2863994
2863995
2863996
2863997
2863998
2863999
2864000
2864001
2864002
2864004
2864005
2864006
2864007
2864008
2864009
2864010
2864011
2864013
2864014
2864015
2864017
2864020
2864021
2864022
2864046
2864063
2864064
2864078
2864079
2864080
2864082
2864084
2864094
2864095
2864096
2864097
2864098
2864099
2864100
2864360
2864361
2864362
2864363
2864364
2864365
2864366
2864369
2864383
2864384
2864385
2865371
2865373
2865374
2865759
2865760
2865761
2865785
2865786
2865787
2865788
2865789
2865790
2865791
2865793
2865794
2865795
2865798
2865799
2865801
2865802
2865803
2865805
2865806
2865807
2865809
2865810
2865816
2865817
2865818
2865820
2865823
2865825
2865826
2865827
2865828
2865830
2866011
2866012
2866013
2866014
2866020
2866022
2866023
2866024
2866038
2866039
2866040
2866041
2866042
2866044
2866045
2866046
2866656
2866659
2866660
2866661
2866662
2866663
2866665
2866684
2866685
2866686
2866687
2866688
2866689
2866690
2866691
2866692
2866693
2866694
2866695
2866696
2866697
2866698
2866699
2866700
2866701
2866702
2866703
2866803
2866804
2866836
2866945
2867064
2867065
2867096
2867097
2867098
2867099
2867265
2867278
2867296
2867297
2867298
2867299
2867337
2867338
2867436
2867437
2867438
2867469
2867470
2867471
2867472
2867473
2867474
2867475
2867476
2867477
2867478
2867480
2867481
2867482
2867550
2869542
2869543
2869544
2869545
2869546
2869547
2869548
2869549
2869550
2869551
2869552
2869553
2869555
2869556
2869558
2869559
2869560
2869561
2869562
2869564
2869565
2869567
2869568
2869569
2869570
2869571
2869572
2869573
2870348
2870349
2870350
2870351
2870354
2870355
2870356
2870358
2870359
2870363
2870364
2870366
2870369
2870371
2870373
2870375
2870377
2870378
2870379
2870381
2870382
2870383
2870384
2870386
2870388
2870393
2870394
2870395
2870475
2870529
2870555
2870579
2870580
2870581
2870582
2870583
2870584
2870585
2870586
2870617
2870618
2870619
2870620
2870633
2870751
2870787
2870874
2871093
2871150
2871160
2871166
2871179
2871196
2871510
2871511
2871513
2871514
2871516
2871517
2871518
2871519
2871520
2871521
2871522
2871523
2871524
2871526
2871528
2871529
2871530
2871532
2871533
2871534
2871537
2871538
2871539
2871540
2871541
2871542
2871543
2871544
2871545
2871546
2871548
2871549
2871640
2871641
2871642
2871643
2871654
2871655
2871715
2871716
2871717
2871718
2871719
2871720
2871721
2871722
2871729
2872011
2872297
2872337
2872338
2872408
2872409
2872410
2872411
2872412
2872413
2872414
2872415
2872416
2872417
2872418
2872419
2872420
2872566
2872567
2872631
2872632
2872674
2872675
2872676
2872732
2872738
2872749
2872805
2872807
2872809
2872810
2872811
2873234
2873235
2873241
2873242
2873243
2873244
2873245
2873246
2873344
2873345
2873346
2873347
2873348
2873349
2873352
2873353
2873371
2873372
2873373
2873374
2873375
2873376
2873380
2873387
2873388
2873389
2873401
2873402
2873403
2873404
2873405
2873406
2873407
2873408
2873409
2873410
2873411
2873412
2873413
2873443
2873444
2873445
2873446
2873447
2873448
2873449
2873450
2873451
2873453
2873457
2873458
2873459
2873462
2873522
2873523
2873524
2873525
2873527
2873528
2873529
2873530
2873531
2873533
2873534
2873535
2873538
2873539
2873540
2873541
2873542
2873543
2873544
2873545
2873546
2873548
2873549
2873550
2873551
2873552
2873553
2873554
2873555
2873556
2873558
2873559
2873560
2873561
2873562
2873563
2873897
2873946
2873951
2873952
2873962
2874023
2874024
2874025
2874026
2874028
2874029
2874030
2874031
2874139
2874141
2874295
2874383
2874388
2874392
2874393
2874394
2874395
2874396
2874397
2874398
2874399
2874400
2874401
2874402
2874403
2874404
2874405
2874406
2874407
2874408
2874409
2874410
2874411
2874412
2874413
2874414
2874416
2874417
2874419
2874420
2874421
2874423
2874424
2874425
2874426
2874427
2874428
2874429
2874430
2874431
2874432
2874433
2874434
2874435
2874436
2874437
2874438
2874439
2874440
2874442
2874444
2874445
2874446
2874447
2874448
2874449
2874450
2874451
2874452
2874453
2874454
2874455
2874456
2874457
2874458
2874459
2874460
2874852
2874853
2874854
2874855
2874856
2874857
2874858
2874859
2874860
2874861
2874862
2874863
2874864
2874865
2874866
2874867
2874868
2874869
2874870
2874871
2874872
2874873
2874874
2874875
2874876
2874877
2874878
2874879
2874880
2874881
2874882
2874883
2874884
2874885
2874886
2874887
2874888
2874889
2874890
2874891
2874892
2874893
2875326
2875327
2875328
2875358
2875492
2875493
2875494
2875495
2875496
2875658
2875659
2875660
2875661
2875662
2875664
2875666
2875667
2875668
2875669
2875670
2875671
2875672
2875673
2875674
2875675
2875676
2875677
2875678
2875679
2875680
2875681
2875682
2875683
2875684
2875690
2875705
2875712
2875713
2875718
2875722
2875723
2875796
2875798
2875809
2875812
2875814
2875815
2875817
2875818
2875819
2875820
2875821
2875838
2875839
2875840
2875841
2875843
2875845
2875869
2875881
2875968
2875969
2875970
2876033
2876046
2876083
2876085
2876086
2876111
2876201
2876205
2876207
2876208
2876210
2876568
2876569
2876570
2876571
2876595
2876596
2876597
2876608
2876716
2876724
2876728
2876729
2876730
2876731
2876732
2876782
2876783
2876784
2876785
2876786
2876790
2876922
2877428
2877436
2877469
2877470
2877471
2877472
2877473
2877474
2877475
2877476
2877477
2877478
2877479
2877480
2877481
2877482
2877483
2877484
2877485
2877486
2877487
2877488
2877489
2877490
2877491
2877492
2877493
2877494
2877495
2877496
2877497
2877498
2877499
2877500
2877501
2877502
2877503
2877504
2877505
2877506
2877507
2877508
2877509
2877510
2877511
2877512
2877522
2877852
2877864
2877865
2877931
2877935
2877937
2877942
2877945
2877946
2877980
2877985
2877986
2877987
2877989
2877990
2877991
2877992
2877993
2877994
2877995
2877996
2877997
2878000
2878002
2878003
2878005
2878006
2878007
2878008
2878009
2878010
2878011
2878012
2878085
2878088
2878089
2878090
2878091
2878260
2878264
2878267
2878269
2878338
2878557
2878718
2878719
2878720
2879120
2879123
2879207
2879287
2879288
2879392
2879580
2879879
2879880
2879881
2879882
2879883
2879884
2879885
2879886
2879887
2879888
2879889
2879890
2879891
2879892
2879893
2879894
2879895
2879897
2879898
2879899
2879900
2879901
2879902
2879903
2879904
2879905
2879906
2879907
2879908
2879909
2879910
2879941
2879967
2880252
2880253
2880254
2880255
2880256
2880267
2880268
2880269
2880270
2880271
2880272
2880273
2880274
2880275
2880276
2880277
2880278
2880361
2880362
2880538
2880539
2880540
2880541
2880542
2880837
2880838
2880839
2880881
2880884
2880885
2880886
2880887
2880888
2880889
2880890
2880891
2880892
2880893
2880894
2880895
2880896
2880897
2880936
2880939
2880950
2880953
2880955
2880956
2880957
2880959
2880993
2880994
2881011
2881033
2881174
2881176
2881177
2881178
2881179
2881181
2881182
2881183
2881191
2881193
2881194
2881221
2881391
2881397
2881398
2881399
2881400
2881402
2883041
2883092
2883137
2883140
2883572
2883584
2883585
2883586
2883587
2883588
2883589
2883590
2883715
2883716
2883717
2883718
2883719
2883720
2883721
2883722
2883723
2883724
2883725
2883727
2883728
2883936
2883940
2883941
2883942
2883943
2883944
2883945
2883946
2883949
2884083
2884179
2884278
2884319
2884320
2884321
2884322
2884323
2884324
2884325
2884343
2884344
2884345
2884346
2884419
2884420
2884421
2884422
2884423
2884424
2884426
2884427
2884430
2884451
2884452
2884453
2884705
2884706
2884900
2885085
2885086
2885087
2885089
2885090
2885152
2885153
2885250
2885353
2885684
2885685
2885686
2885687
2885715
2885846
2885909
2885911
2885915
2885922
2885927
2885928
2885929
2885972
2885973
2885974
2885975
2885976
2885979
2885980
2885981
2885982
2885983
2885984
2885988
2885989
2886014
2886015
2886031
2886032
2886033
2886034
2886035
2886036
2886042
2886105
2886106
2886109
2886209
2886210
2886211
2886213
2886217
2886218
2886219
2886220
2886221
2886222
2886223
2886224
2886225
2886226
2886228
2886230
2886231
2886232
2886233
2886235
2886236
2886237
2886238
2886239
2886363
2886364
2886396
2886398
2886402
2886408
2886409
2886410
2886411
2886412
2886413
2886414
2886415
2886416
2886417
2886420
2886421
2886423
2886425
2886426
2886427
2886428
2886430
2886432
2886433
2886436
2886439
2886440
2886441
2886442
2886443
2886444
2886445
2886446
2886447
2886448
2886449
2886450
2886451
2886453
2886454
2886455
2886456
2886457
2886458
2886459
2886460
2886461
2886462
2886463
2886464
2886465
2886466
2886467
2886468
2886469
2886470
2886471
2886472
2886473
2886474
2886475
2886476
2886478
2886479
2886480
2886481
2886482
2886483
2886484
2886485
2886486
2886487
2886488
2886489
2886490
2886491
2886492
2886493
2886494
2886495
2886496
2886497
2886498
2886499
2886500
2886501
2886502
2886503
2886504
2886894
2886897
2886898
2886899
2886900
2886901
2886902
2886918
2886919
2886922
2886925
2886926
2886930
2887182
2888281
2888284
2888520
2888736
2890879
2890914
2890915
2890957
2890960
2890963
2891194
2891195
2891196
2891197
2891198
2891199
2891200
2891232
2891525
2891955
2891956
2891957
2891958
2891959
2891968
2892032
2892033
2892034
2892339
2892340
2892341
2892342
2892343
2892344
2892345
2892346
2892347
2892349
2892351
2892532
2892537
2892542
2892543
2892544
2892547
2892548
2892549
2892550
2892551
2892553
2892554
2892555
2892858
2893232
2893233
2893764
2893787
2893788
2893790
2893791
2893792
2893794
2893953
2893954
2893979
2893980
2893983
2893984
2893985
2893988
2894000
2894001
2894002
2894003
2894004
2894005
2894006
2894007
2894286
2894287
2894288
2894289
2894290
2894291
2894292
2894293
2894297
2894298
2894299
2894300
2894301
2894302
2894303
2894304
2894305
2894335
2894336
2894344
2894347
2894348
2894352
2894355
2894356
2894359
2894361
2894362
2894364
2894367
2894393
2894394
2894395
2894396
2894397
2894399
2894400
2894426
2894560
2894580
2894581
2894584
2894585
2894587
2894588
2894591
2894592
2894593
2894594
2894718
2894719
2894720
2894722
2894723
2894724
2894725
2894732
2894733
2894734
2894735
2894736
2894737
2894739
2894740
2894741
2894742
2894743
2894744
2894745
2894746
2894747
2894749
2894750
2894751
2894752
2894753
2894773
2894774
2894775
2894777
2894778
2894779
2894780
2894781
2894783
2894784
2894786
2894787
2894788
2894789
2894790
2894791
2894793
2894794
2894795
2894796
2894797
2894798
2894799
2894800
2894801
2894802
2894803
2894804
2894805
2894806
2894807
2894808
2894809
2894928
2894929
2895571
2895572
2895576
2895592
2895597
2895600
2895606
2895608
2895610
2895615
2895618
2895619
2896642
2896807
2897164
2897165
2897410
2897424
2897426
2898444
2898445
2898447
2898448
2898449
2898450
2898451
2898457
2898538
2898539
2898540
2898541
2898543
2898833
2898834
2898836
2898837
2898838
2898856
2899247
2899248
2899249
2899250
2899278
2899279
2899741
2899887
2900126
2900127
2900128
2900133
2900137
2900147
2900148
2900267
2900268
2900269
2900270
2900271
2900272
2900273
2900296
2900297
2900301
2900302
2900303
2900304
2900307
2900313
2900314
2900318
2900330
2900331
2900338
2900339
2900353
2900368
2900370
2900371
2900376
2900379
2900380
2900381
2900382
2900384
2900386
2900389
2900391
2900392
2900393
2900394
2900445
2900446
2900447
2900448
2900449
2900451
2900453
2900455
2900456
2900457
2900458
2900459
2900460
2900461
2900463
2900464
2900465
2900466
2900467
2900468
2900469
2900474
2900476
2900477
2900478
2900479
2900510
2900512
2900513
2900515
2900516
2900517
2900518
2900520
2900521
2900522
2901176
2901257
2901259
2901260
2901266
2901267
2901268
2901269
2901270
2901273
2901274
2901325
2901837
2901879
2902179
2902615
2902616
2902617
2902618
2902619
2902638
2902639
2902640
2902641
2902642
2902660
2902661
2902662
2902663
2902664
2902666
2902667
2902668
2902670
2902672
2902673
2902674
2902677
2902678
2902680
2902681
2902682
2902683
2902685
2902688
2902689
2902690
2902691
2902692
2902744
2902745
2902746
2902747
2902768
2902769
2902788
2902792
2902794
2902800
2902832
2902837
2902838
2902839
2902840
2902841
2902842
2902881
2902882
2902889
2902890
2902891
2902892
2902893
2902900
2902904
2902905
2902907
2902918
2902922
2902923
2902924
2902925
2902926
2902927
2902928
2902929
2902932
2902935
2902938
2902939
2902940
2902941
2902943
2902944
2902946
2902947
2902950
2902952
2902965
2902966
2902967
2902968
2902969
2902970
2902971
2902972
2902973
2902974
2902975
2902976
2902977
2902978
2902979
2902980
2902981
2902982
2902983
2902984
2902985
2902986
2902987
2902988
2902989
2902990
2902991
2902992
2902993
2902994
2902995
2902996
2902997
2902998
2902999
2903000
2903001
2903002
2903003
2903004
2903005
2903006
2903007
2903008
2903009
2903010
2903011
2903012
2903013
2903014
2903015
2903016
2903017
2903018
2903019
2903020
2903021
2903022
2903023
2903024
2903025
2903027
2903028
2903029
2903031
2903034
2903037
2903038
2903039
2903041
2903048
2903049
2903050
2903051
2903052
2903053
2903070
2903072
2903074
2903075
2903076
2903077
2903078
2903080
2903081
2903087
2903091
2903092
2903093
2903094
2903095
2903096
2903097
2903266
2903992
2904307
2904308
2904309
2904328
2904329
2904389
2904390
2904484
2904485
2904596
2904709
2904711
2904734
2904735
2904736
2904737
2904738
2904739
2904740
2904742
2904743
2904744
2904745
2904746
2904747
2904748
2904749
2904750
2904751
2904753
2904754
2904755
2904756
2904757
2904758
2904759
2904783
2904794
2904795
2904964
2904967
2904968
2904969
2904970
2904971
2904972
2904973
2905229
2905236
2905237
2905239
2905240
2905242
2905244
2905245
2905246
2905247
2905248
2905249
2905250
2905251
2905252
2905253
2905254
2905255
2905256
2905258
2905259
2905260
2905264
2905266
2905267
2905268
2905269
2905270
2905271
2905273
2905280
2905281
2905282
2905283
2905285
2905286
2905287
2905288
2905289
2905290
2905291
2905292
2905293
2905294
2905295
2905296
2905297
2905298
2905299
2905300
2905301
2905302
2905303
2905304
2905305
2905306
2905307
2905308
2905309
2905310
2905311
2905312
2905313
2905314
2905315
2905316
2905317
2905318
2905319
2905320
2905321
2905322
2905323
2905324
2905326
2905328
2905330
2905333
2905334
2905392
2905393
2905396
2905397
2905398
2905399
2905400
2905401
2905402
2905403
2905404
2905405
2905406
2905407
2905408
2905409
2905410
2905411
2905412
2905414
2905415
2905416
2905421
2905429
2905432
2905433
2905434
2905436
2905439
2905440
2905441
2905442
2905443
2905444
2905445
2905446
2905447
2905448
2905449
2905450
2905451
2905452
2905453
2905454
2905455
2905456
2905457
2905458
2905459
2905460
2905461
2905462
2905463
2905464
2905465
2905466
2905467
2905468
2905469
2905470
2905471
2905472
2905473
2905474
2905475
2905476
2905477
2905478
2905479
2905480
2905481
2905482
2905483
2905484
2905485
2905486
2905487
2905488
2905489
2905490
2905491
2905492
2905493
2905494
2905495
2905497
2905498
2905499
2905500
2905501
2905502
2905503
2905504
2905505
2905506
2905507
2905508
2905509
2905510
2905511
2905512
2905513
2905514
2905515
2905516
2905517
2905518
2905519
2905520
2905521
2905522
2905523
2905524
2905525
2905526
2905527
2905528
2905529
2905530
2905531
2905532
2905535
2905536
2905537
2905538
2905539
2905541
2905542
2905543
2905544
2905545
2905546
2905547
2905549
2905550
2905551
2905552
2905555
2905558
2905560
2905561
2905562
2905563
2905564
2905565
2905566
2905567
2905568
2905569
2905570
2905571
2905572
2905573
2905574
2905575
2905576
2905577
2905593
2905595
2905596
2905597
2905598
2905599
2905601
2905603
2905604
2905605
2905606
2905607
2905610
2905611
2905613
2905614
2905616
2905617
2905619
2905620
2905621
2905673
2905674
2905675
2905681
2905685
2905688
2905721
2905727
2905728
2905753
2905867
2905917
2905920
2905923
2905945
2905946
2905947
2905959
2905964
2906028
2906029
2906169
2906466
2906467
2906468
2906560
2906561
2906742
2906743
2906745
2906746
2906747
2906748
2906749
2906751
2906754
2906756
2907222
2907260
2907261
2907262
2907263
2907264
2907265
2907266
2907267
2907268
2907269
2907270
2907271
2907272
2907274
2907275
2907276
2907277
2907278
2907279
2907280
2907281
2907282
2907283
2907284
2907285
2907286
2907287
2907288
2907796
2907829
2907830
2907831
2907832
2907833
2907834
2907835
2907836
2907837
2907838
2907839
2907955
2907956
2907957
2907958
2907964
2907992
2908011
2908018
2908095
2908096
2908097
2908098
2908099
2908102
2908105
2908111
2908113
2908115
2908151
2908152
2908166
2908167
2908168
2908169
2908172
2908173
2908224
2908236
2908237
2908238
2908239
2908240
2908256
2908259
2908260
2908261
2908262
2908263
2908264
2908616
2908628
2908629
2908630
2908631
2908634
2908635
2908636
2908714
2908744
2908745
2908746
2909139
2909140
2909202
2909205
2909206
2909207
2909208
2909209
2909210
2909211
2909267
2909297
2909581
2909582
2909584
2909703
2909736
2909738
2909739
2909742
2909743
2909744
2909745
2909746
2909747
2909748
2910155
2910156
2910190
2910191
2910194
2910195
2910303
2910304
2910308
2910309
2910310
2910311
2910314
2910316
2910317
2910318
2910319
2910320
2910321
2910322
2910323
2910324
2910325
2910326
2910327
2910328
2910329
2910330
2910331
2910333
2910334
2910335
2910336
2910338
2910339
2910340
2910341
2910342
2910343
2910344
2910346
2910347
2910348
2910349
2910350
2910351
2910353
2910354
2910356
2910357
2910359
2910360
2910361
2910362
2910363
2910364
2910365
2910366
2910367
2910368
2910369
2910370
2910371
2910372
2910373
2910376
2910378
2910379
2910381
2910382
2910383
2910386
2910388
2910390
2910392
2910394
2910397
2910402
2910406
2910407
2910408
2910752
2910753
2910754
2910755
2910756
2910757
2910758
2910759
2910760
2910761
2910762
2910763
2910764
2910767
2910768
2910775
2910776
2910779
2910780
2910781
2910783
2910784
2910785
2910786
2910925
2910926
2910927
2910932
2910934
2910935
2910936
2910937
2910938
2910939
2910940
2910948
2910949
2910950
2910951
2910954
2910955
2910956
2910957
2910958
2910959
2910960
2911153
2911154
2911155
2911156
2911157
2911158
2911159
2911160
2911161
2911162
2911163
2911164
2911430
2911431
2911432
2911433
2911435
2911440
2911441
2911442
2911450
2911452
2911453
2911454
2911456
2911457
2911458
2911459
2911460
2911461
2911462
2911463
2911464
2911465
2911466
2911487
2911488
2911511
2911515
2911581
2911644
2911656
2911659
2911660
2911661
2911663
2911664
2911665
2911669
2911670
2911671
2911672
2911950
2911951
2911952
2911953
2911954
2911955
2911957
2911958
2911959
2911960
2911961
2911962
2911963
2911964
2911989
2911990
2911991
2911992
2911993
2911994
2911995
2911996
2911997
2911998
2911999
2912000
2912001
2912002
2912003
2912239
2912240
2912287
2912288
2912289
2912290
2912291
2912292
2912293
2912294
2912295
2912296
2912297
2912298
2912299
2912300
2912301
2912303
2912448
2912451
2912455
2912554
2912556
2912558
2912559
2912560
2912595
2912606
2912627
2912645
2912646
2912647
2912648
2912649
2912650
2912651
2912653
2912654
2912656
2912657
2912676
2912677
2912685
2912686
2912687
2912690
2912691
2912692
2912694
2912695
2912696
2912697
2912699
2912700
2912701
2912704
2912708
2912709
2912710
2912713
2912714
2912715
2912716
2912717
2912737
2912739
2912861
2912877
2912878
2912894
2912895
2912896
2912970
2912971
2912972
2912973
2912974
2912975
2912976
2912977
2913092
2913128
2913129
2913140
2913280
2913378
2913379
2913380
2913381
2913382
2913383
2913384
2913385
2913386
2913387
2913388
2913392
2913442
2913443
2913444
2913445
2913478
2913520
2913600
2913605
2913643
2913644
2913659
2913660
2913702
2913883
2913884
2913972
2913974
2913975
2913976
2913977
2913978
2913979
2913981
2913982
2914003
2914004
2914005
2914006
2914007
2914009
2914010
2914011
2914012
2914013
2914014
2914015
2914016
2914017
2914018
2914019
2914020
2914021
2914022
2914023
2914024
2914025
2914026
2914027
2914028
2914029
2914035
2914037
2914160
2914166
2914167
2914168
2914169
2914171
2914174
2914178
2914179
2914180
2914220
2914438
2914441
2914442
2914443
2914444
2914445
2914446
2914449
2914450
2914452
2914454
2914455
2914456
2914457
2914458
2914459
2914460
2914462
2914463
2914464
2914466
2914467
2914468
2914469
2914470
2914471
2914472
2914473
2914474
2914475
2914476
2914477
2914480
2914481
2914482
2914483
2914485
2914486
2914488
2914489
2914490
2914491
2914492
2914493
2914494
2914495
2914496
2914497
2914500
2914501
2914502
2914503
2914504
2914505
2914506
2914840
2914842
2914843
2914844
2914845
2914848
2914850
2914851
2914852
2914853
2914854
2914855
2914856
2914857
2914859
2914860
2914861
2914862
2914863
2914864
2914865
2915134
2915135
2915136
2915137
2915329
2915331
2915342
2915343
2915344
2915345
2915629
2916411
2916630
2916822
2916840
2916841
2916844
2916848
2916849
2916853
2916854
2916856
2916857
2916962
2916963
2916975
2916976
2916977
2916986
2917113
2917160
2917161
2917162
2917164
2917165
2917166
2917167
2917169
2917171
2917172
2917173
2917174
2917175
2917176
2917177
2917178
2917179
2917180
2917181
2917182
2917183
2917184
2917185
2917187
2917188
2917190
2917191
2917255
2917256
2917257
2917258
2917285
2917287
2917289
2917291
2917292
2917295
2917312
2917313
2917314
2917315
2917317
2917318
2917319
2917320
2917333
2917347
2917348
2917416
2917704
2917961
2917962
2917963
2917964
2917966
2917967
2917968
2917969
2917999
2918173
2918174
2918175
2918176
2918177
2918178
2918179
2918180
2918264
2918517
2918648
2918649
2918650
2918789
2918832
2918862
2918863
2918864
2918865
2918866
2918867
2918868
2918869
2918870
2918871
2918872
2918873
2918874
2918875
2918876
2918878
2918879
2918880
2918896
2918897
2918919
2918920
2918921
2918925
2918926
2918927
2919011
2919012
2919016
2919017
2919019
2919020
2919373
2919396
2919398
2919399
2919405
2919543
2919544
2919545
2919546
2919547
2919548
2919549
2919550
2919551
2919552
2919553
2919554
2919571
2919572
2919573
2919574
2919575
2919602
2919880
2919882
2919931
2919932
2920245
2920374
2920377
2920400
2920406
2920407
2920408
2920409
2920410
2920411
2920412
2920413
2920414
2920415
2920424
2920425
2920426
2920427
2920429
2920431
2920432
2920433
2920434
2920435
2920436
2920437
2920438
2920439
2920440
2920441
2920442
2920443
2920449
2920452
2920453
2920456
2920457
2920460
2920463
2920464
2920465
2920466
2920467
2920469
2920473
2920478
2920483
2920486
2920487
2920488
2920489
2920491
2920493
2920882
2920883
2920884
2920885
2920886
2920887
2920889
2920891
2920892
2920894
2920920
2920921
2920922
2920923
2920924
2920927
2920928
2920929
2920930
2920931
2920932
2920962
2920963
2920964
2920967
2921186
2921202
2921203
2921204
2921205
2921206
2921207
2921208
2921209
2921210
2921211
2921212
2921213
2921214
2921215
2921225
2921226
2921227
2921228
2921229
2921230
2921231
2921232
2921233
2921234
2921312
2922203
2922204
2922205
2922210
2922211
2922212
2922213
2922214
2922215
2922216
2922217
2922218
2922219
2922220
2922221
2922222
2922223
2922271
2922274
2922318
2922319
2922320
2922321
2922322
2922323
2922324
2922325
2922326
2922327
2922328
2922329
2922330
2922331
2922332
2922333
2922334
2922419
2922427
2922802
2922803
2922909
2922982
2922985
2922987
2922988
2922989
2922990
2922991
2922992
2922993
2922994
2922996
2922997
2922998
2922999
2923000
2923001
2923003
2923004
2923005
2923006
2923007
2923008
2923009
2923096
2923097
2923098
2923176
2923178
2923181
2923183
2923186
2923251
2923252
2923253
2923254
2923255
2923285
2923324
2923329
2923330
2923331
2923332
2923333
2923373
2923374
2924072
2924073
2924712
2924713
2924714
2924715
2924716
2924860
2924863
2924878
2924879
2924880
2924881
2924882
2924883
2924884
2924885
2924887
2924888
2924889
2924890
2924891
2924892
2924893
2924894
2924895
2924896
2924897
2924899
2924900
2924901
2924902
2924903
2924904
2924905
2924906
2924907
2924914
2924930
2924973
2925283
2925320
2925392
2925819
2925879
2925883
2926078
2926079
2926080
2926081
2926082
2926084
2926085
2926086
2926087
2926090
2926091
2926092
2926093
2926094
2926095
2926096
2926097
2926098
2926099
2926100
2926101
2926102
2926103
2926104
2926105
2926106
2926107
2926108
2926297
2926349
2926475
2926568
2926570
2926571
2926572
2926573
2926578
2926591
2926659
2926920
2927008
2927237
2927238
2927239
2927240
2927241
2927242
2927243
2927244
2927245
2927246
2927247
2927248
2927249
2927250
2927251
2927252
2927253
2927255
2927257
2927258
2927259
2927260
2927261
2927262
2927263
2927264
2927265
2927266
2927268
2927269
2927271
2927275
2927276
2927278
2927279
2927280
2927281
2927282
2927283
2927284
2927285
2927286
2927287
2927288
2927289
2927290
2927291
2927292
2927293
2927294
2927295
2927296
2927297
2927298
2927299
2927622
2927635
2927896
2927897
2927981
2927982
2927983
2927984
2927985
2927986
2927987
2927988
2927989
2927990
2927991
2927992
2928187
2928189
2928256
2928257
2928431
2928437
2928438
2928444
2928574
2928575
2928576
2928577
2928579
2928580
2928581
2928582
2928583
2928584
2928585
2928586
2928587
2928588
2928589
2928590
2928591
2928592
2928593
2928594
2928595
2928596
2928597
2928600
2928601
2928602
2928603
2928604
2928605
2928611
2928613
2928614
2928615
2928616
2928617
2928618
2928619
2928620
2928621
2928622
2928623
2928624
2928625
2928626
2928627
2928628
2928629
2928680
2928681
2928683
2928684
2928686
2928692
2928718
2928722
2928723
2928724
2928725
2928726
2928727
2928746
2928750
2928751
2928752
2928754
2928757
2928829
2928830
2928831
2928832
2928836
2928837
2928840
2928844
2928845
2928846
2928847
2928849
2928850
2928859
2928860
2928861
2928862
2928863
2928864
2928865
2928866
2928867
2928868
2928869
2928871
2928872
2928873
2928874
2928878
2928879
2928880
2928881
2928882
2928883
2928884
2928885
2928886
2928887
2928888
2928889
2928890
2928898
2928899
2928900
2928901
2928902
2928903
2928904
2928905
2928906
2928907
2928908
2928909
2928910
2928911
2928912
2928913
2928914
2928915
2928916
2928917
2928918
2928919
2928923
2928924
2928925
2928926
2928927
2928928
2928929
2928956
2928958
2928960
2928961
2928971
2928972
2928973
2928974
2928975
2928976
2928977
2928978
2928979
2928980
2928981
2928982
2928983
2928984
2928985
2928986
2928987
2928988
2928989
2928990
2929000
2929001
2929002
2929003
2929004
2929005
2929006
2929007
2929008
2929009
2929010
2929011
2929177
2929218
2929219
2929223
2929224
2929225
2929226
2929228
2929230
2929232
2929234
2929235
2929236
2929237
2929238
2929239
2929240
2929242
2929243
2929244
2929245
2929246
2929248
2929249
2929251
2929252
2929253
2929254
2929255
2929262
2929263
2929264
2929265
2929266
2929267
2929268
2929270
2929272
2929273
2929274
2929275
2929278
2929279
2929280
2929281
2929282
2929283
2929284
2929285
2929287
2929288
2929289
2929290
2929291
2929292
2929294
2929297
2929298
2929299
2929300
2929301
2929302
2929303
2929304
2929305
2929306
2929307
2929308
2929309
2929310
2929311
2929312
2929313
2929314
2929315
2929316
2929317
2929318
2929320
2929321
2929323
2929325
2929328
2929329
2929330
2929331
2929332
2929333
2929335
2929336
2929337
2929338
2929339
2929340
2929341
2929342
2929343
2929344
2929346
2929347
2929348
2929350
2929351
2929352
2929353
2929354
2929355
2929356
2929359
2929361
2929363
2929364
2929365
2929366
2929367
2929368
2929369
2929370
2929371
2929373
2929374
2929375
2929376
2929377
2929379
2929380
2929381
2929382
2929383
2929384
2929385
2929386
2929387
2929388
2929389
2929390
2929392
2929396
2929398
2929399
2929400
2929401
2929402
2929404
2929405
2929406
2929407
2929408
2929409
2929410
2929411
2929412
2929413
2929414
2929415
2929416
2929417
2929418
2929420
2929421
2929423
2929424
2929425
2929426
2929427
2929428
2929429
2929430
2929431
2929432
2929433
2929434
2929435
2929436
2929437
2929438
2929439
2929440
2929441
2929442
2929443
2929444
2929445
2929446
2929447
2929448
2929449
2929450
2929452
2929453
2929454
2929628
2929636
2929637
2929638
2929639
2929640
2929641
2929642
2929643
2929644
2929645
2929646
2929647
2929648
2929649
2929650
2929651
2929652
2929653
2929913
2930168
2930201
2930315
2930316
2930318
2930328
2930329
2930331
2930332
2930333
2930334
2930338
2930339
2930340
2930341
2930342
2930343
2930344
2930390
2930391
2930392
2930393
2930394
2930395
2930396
2930397
2930398
2930399
2930533
2930534
2930535
2930536
2931417
2931826
2931827
2931828
2931829
2931830
2932495
2932496
2932672
2932673
2932678
2932679
2932851
2932852
2932853
2932854
2932855
2932856
2932857
2932859
2932860
2932861
2932862
2932863
2932865
2932867
2932870
2932871
2932872
2932873
2932874
2932875
2932876
2932877
2932878
2932879
2932880
2932881
2932882
2932888
2933069
2933070
2933071
2933072
2933073
2933074
2933079
2933080
2933081
2933082
2933088
2933089
2933090
2933091
2933092
2933093
2933094
2933095
2933097
2933098
2933099
2933100
2933103
2933105
2933106
2933108
2933109
2933110
2933111
2933112
2933115
2933116
2933119
2933123
2933124
2933125
2933130
2933131
2933132
2933134
2933136
2933137
2933138
2933143
2933144
2933146
2933147
2933148
2933149
2933167
2933169
2933170
2933171
2933173
2933177
2933179
2933180
2933183
2933186
2933188
2933189
2933190
2933191
2933218
2933219
2933220
2933221
2933222
2933223
2933224
2933225
2933226
2933227
2933228
2933229
2933230
2933231
2933232
2933233
2933234
2933235
2933244
2933245
2933247
2933248
2933249
2933250
2933251
2933252
2933253
2933254
2933255
2933256
2933257
2933258
2933259
2933275
2933280
2933357
2933358
2933359
2933361
2933363
2933364
2933365
2933366
2933367
2933368
2933369
2933370
2933371
2933372
2933656
2933657
2933658
2933660
2933661
2933662
2933663
2933664
2933665
2933666
2933667
2933669
2933670
2933671
2933672
2933673
2933674
2933675
2933676
2933677
2933678
2933681
2933682
2933683
2933684
2933685
2933686
2933687
2933688
2933689
2933690
2933691
2933692
2933693
2933694
2933695
2933696
2933698
2933700
2933703
2933704
2933706
2933708
2933709
2933710
2933711
2933712
2933713
2933714
2933715
2933716
2933717
2933718
2933719
2933720
2933722
2933723
2933724
2933725
2933726
2933727
2933728
2933729
2933730
2933732
2933734
2933736
2933737
2933738
2933739
2933740
2933741
2933742
2933744
2933792
2933796
2933955
2933956
2933957
2933958
2933966
2933969
2934243
2934244
2934317
2934921
2935022
2935023
2935024
2935060
2935061
2935062
2935083
2935085
2935507
2935508
2935510
2935511
2935708
2935709
2935722
2935723
2935725
2935726
2935728
2935729
2935730
2935732
2935733
2935734
2935736
2935866
2936457
2936515
2936516
2936517
2936518
2936519
2936520
2936521
2936529
2936531
2936533
2936536
2936537
2936539
2936540
2936541
2936542
2936543
2936547
2936548
2936549
2936550
2936551
2936552
2936553
2936554
2936555
2936561
2936572
2936613
2936645
2936646
2936648
2936685
2936686
2936687
2936688
2936689
2936690
2936691
2936692
2936693
2936695
2936696
2936697
2936812
2936813
2936814
2936815
2936816
2936817
2936818
2936822
2936831
2936871
2936889
2936906
2936907
2936908
2936909
2936911
2936912
2936913
2936914
2936915
2936916
2936917
2936918
2936919
2936922
2936924
2936925
2936927
2936928
2936938
2936940
2936941
2936943
2936944
2936945
2936946
2936947
2936949
2936950
2936951
2936952
2936953
2936954
2936955
2936956
2936957
2936958
2936959
2936960
2936961
2936962
2936963
2936964
2936965
2936966
2936967
2936968
2936969
2936970
2936971
2936972
2936973
2936974
2936975
2936976
2936977
2936978
2936979
2936980
2936981
2936994
2936995
2936996
2936997
2936998
2937000
2937001
2937003
2937004
2937005
2937006
2937007
2937008
2937016
2937017
2937019
2937020
2937022
2937024
2937025
2937026
2937027
2937028
2937029
2937041
2937042
2937043
2937044
2937045
2937046
2937047
2937049
2937050
2937051
2937053
2937054
2937055
2937057
2937058
2937059
2937060
2937061
2937062
2937066
2937067
2937068
2937069
2937070
2937071
2937072
2937073
2937077
2937078
2937079
2937080
2937081
2937082
2937083
2937087
2937089
2937090
2937091
2937093
2937094
2937095
2937096
2937097
2937098
2937099
2937100
2937101
2937102
2937103
2937104
2937105
2937106
2937107
2937108
2937109
2937110
2937111
2937112
2937113
2937114
2937115
2937117
2937118
2937119
2937120
2937121
2937122
2937123
2937125
2937126
2937127
2937128
2937129
2937131
2937132
2937133
2937134
2937135
2937136
2937137
2937138
2937139
2937140
2937141
2937144
2937145
2937146
2937147
2937148
2937149
2937150
2937151
2937152
2937153
2937154
2937155
2937157
2937158
2937159
2937161
2937162
2937164
2937167
2937170
2937171
2937172
2937173
2937176
2937177
2937178
2937180
2937181
2937182
2937183
2937184
2937185
2937186
2937187
2937188
2937189
2937190
2937191
2937192
2937193
2937194
2937195
2937196
2937197
2937198
2937199
2937200
2937201
2937202
2937203
2937204
2937205
2937206
2937208
2937210
2937211
2937213
2937214
2937216
2937218
2937219
2937220
2937221
2937222
2937223
2937225
2937226
2937227
2937228
2937229
2937230
2937231
2937232
2937233
2937234
2937235
2937236
2937237
2937240
2937241
2937243
2937244
2937247
2937248
2937249
2937251
2937252
2937253
2937254
2937256
2937257
2937259
2937261
2937262
2937263
2937264
2937265
2937266
2937267
2937268
2937269
2937270
2937271
2937272
2937273
2937274
2937275
2937314
2937408
2937409
2937674
2937726
2937731
2937733
2937734
2937922
2937980
2938193
2938340
2938341
2938342
2938343
2938344
2938345
2938905
2938942
2938943
2938950
2938951
2939038
2939039
2939122
2939124
2939127
2939128
2939129
2939130
2939131
2939132
2939133
2939134
2939135
2939261
2939264
2939266
2939267
2939386
2939654
2939733
2939734
2939735
2939766
2940117
2940118
2940173
2940202
2940203
2940672
2940673
2940675
2940676
2940677
2940679
2940683
2940684
2940685
2940688
2940689
2940691
2940694
2940698
2940699
2940700
2940701
2940703
2940704
2940705
2940706
2940708
2940709
2940714
2940717
2940721
2940722
2940724
2940725
2940726
2940728
2940729
2940731
2940797
2940799
2940801
2940804
2940807
2940808
2940809
2940810
2940811
2940812
2940813
2940814
2940815
2940816
2940817
2940818
2940819
2940820
2940821
2940822
2940823
2940824
2940825
2940827
2940828
2940829
2940830
2940831
2940833
2940834
2940835
2940836
2940837
2940838
2940839
2940840
2940841
2940842
2940843
2940845
2940846
2940847
2940848
2940849
2940850
2940852
2940853
2940855
2940856
2940857
2940859
2940860
2940863
2940865
2940870
2940871
2940872
2940873
2940876
2940877
2940878
2940879
2940881
2940882
2940883
2940886
2940887
2940888
2940889
2940890
2940891
2940892
2940893
2940894
2940896
2940897
2940898
2940899
2940900
2940901
2940902
2940903
2940904
2940905
2940906
2940907
2940908
2940909
2940910
2940911
2940912
2940913
2940914
2940915
2940916
2940918
2940919
2940920
2940922
2940923
2940924
2940925
2940929
2940937
2940938
2940939
2940940
2940941
2940942
2940944
2940947
2940948
2940949
2940950
2940951
2940952
2940953
2940954
2940956
2940957
2940958
2940959
2940960
2940961
2940963
2940964
2940965
2940985
2940986
2940987
2940988
2940989
2940990
2940991
2940992
2940993
2940994
2940995
2940996
2940997
2941072
2941073
2941078
2941079
2941080
2941081
2941083
2941084
2941085
2941086
2941087
2941088
2941089
2941090
2941091
2941092
2941095
2941096
2941097
2941098
2941099
2941100
2941101
2941102
2941103
2941104
2941105
2941107
2941110
2941112
2941116
2941118
2941119
2941120
2941121
2941122
2941126
2941127
2941128
2941129
2941130
2941131
2941132
2941134
2941136
2941137
2941139
2941140
2941141
2941142
2941143
2941145
2941146
2941147
2941148
2941149
2941150
2941151
2941152
2941154
2941161
2941162
2941165
2941167
2941168
2941170
2941171
2941172
2941173
2941174
2941176
2941177
2941179
2941180
2941183
2941184
2941185
2941186
2941187
2941188
2941189
2941190
2941191
2941192
2941193
2941194
2941195
2941196
2941197
2941198
2941199
2941200
2941201
2941202
2941203
2941204
2941205
2941344
2941346
2941347
2941356
2941357
2941358
2941359
2941362
2941363
2941364
2941365
2941366
2941367
2941368
2941370
2941371
2941372
2941373
2941379
2941380
2941383
2941384
2941389
2941390
2941391
2941395
2941396
2941397
2941398
2941399
2941400
2941401
2941402
2941403
2941404
2941405
2941407
2941409
2941415
2941416
2941420
2941421
2941422
2941425
2941426
2941427
2941428
2941429
2941430
2941431
2941432
2941433
2941434
2941435
2941437
2941438
2941441
2941443
2941444
2941446
2941447
2941448
2941450
2941452
2941454
2941455
2941456
2941458
2941460
2941462
2941463
2941464
2941466
2941467
2941469
2941470
2941471
2941472
2941473
2941474
2941475
2941476
2941477
2941478
2941479
2941480
2941481
2941483
2941484
2941485
2941486
2941487
2941488
2941489
2942126
2942216
2942219
2942220
2942676
2942677
2942678
2942679
2942680
2942681
2942888
2942894
2942963
2942964
2942965
2942966
2942967
2942968
2942969
2942970
2942971
2942972
2942973
2942974
2942975
2942976
2942977
2942978
2942979
2942980
2942981
2942982
2942989
2942990
2942991
2942992
2942993
2942994
2942995
2943001
2943002
2943003
2943004
2943005
2943006
2943007
2943008
2943009
2943010
2943011
2943012
2943013
2943014
2943015
2943016
2943017
2943018
2943019
2943020
2943190
2943831
2943832
2943833
2943834
2943835
2943836
2943837
2943838
2943839
2943840
2943841
2943843
2943844
2943855
2944249
2944258
2944541
2944542
2944543
2944544
2944624
2944625
2944626
2944654
2944657
2944666
2944669
2944714
2944756
2944849
2944850
2944951
2944952
2944954
2944956
2945128
2945129
2945130
2945131
2945715
2945892
2945893
2945895
2945902
2945904
2945915
2945916
2945923
2945929
2945937
2945938
2945941
2945945
2945954
2945955
2945957
2945958
2945959
2945961
2945962
2945963
2945964
2945965
2945967
2945968
2945969
2945971
2945972
2945975
2945976
2945977
2945978
2945981
2945982
2945983
2945985
2945986
2945987
2946013
2946014
2946031
2946032
2946034
2946036
2946037
2946038
2946039
2946040
2946041
2946042
2946043
2946044
2946045
2946046
2946047
2946048
2946049
2946050
2946051
2946052
2946053
2946054
2946055
2946056
2946057
2946058
2946059
2946060
2946061
2946062
2946063
2946064
2946065
2946066
2946067
2946068
2946069
2946070
2946071
2946072
2946073
2946074
2946077
2946084
2946087
2946097
2946099
2946141
2946155
2946156
2946157
2946158
2946159
2946160
2946161
2946162
2946163
2946164
2946165
2946166
2946167
2946168
2946169
2946170
2946171
2946172
2946173
2946174
2946175
2946176
2946177
2946178
2946180
2946181
2946182
2946183
2946184
2946185
2946186
2946187
2946188
2946189
2946190
2946191
2946193
2946194
2946195
2946196
2946197
2946586
2946623
2946624
2946625
2946626
2946627
2946628
2946629
2946630
2946631
2946632
2946633
2946634
2946635
2946636
2946637
2946638
2946639
2946640
2946641
2946642
2946643
2946644
2946645
2946646
2946647
2946648
2946721
2946722
2946723
2946734
2946735
2946736
2946739
2946742
2946743
2946744
2946748
2946770
2946771
2946772
2946773
2946774
2946775
2946779
2946780
2946781
2946787
2946789
2946790
2946791
2946792
2946793
2946794
2946795
2946796
2946797
2946798
2946799
2946800
2946802
2946803
2946804
2946805
2946806
2946808
2946810
2946811
2946812
2946813
2946814
2946815
2946816
2946817
2946818
2946819
2946820
2946821
2946822
2946823
2946824
2946826
2946827
2946828
2946829
2946830
2946831
2946832
2946833
2946834
2946835
2946836
2948587
2948589
2948591
2948592
2948593
2948594
2948595
2948596
2948597
2948598
2948599
2948600
2948601
2948602
2948603
2948604
2948605
2948606
2948607
2948608
2948609
2948610
2948611
2948615
2948616
2948639
2948640
2948641
2948642
2948643
2948644
2948645
2948646
2948647
2948648
2948649
2948650
2948651
2948652
2948653
2948654
2948655
2948656
2948657
2948658
2948659
2948660
2948661
2948662
2948663
2948664
2948665
2948666
2948667
2948668
2948670
2948671
2948673
2948674
2948675
2948676
2948677
2948678
2948679
2948680
2948681
2948682
2948683
2948684
2948685
2948686
2948687
2948688
2948689
2948690
2948691
2948692
2948693
2948694
2948695
2948696
2948697
2948698
2948699
2948700
2948701
2948702
2948703
2948704
2948705
2948706
2948708
2948709
2948710
2948711
2948712
2948713
2948714
2948715
2948716
2948717
2948718
2948719
2948720
2948721
2948722
2948724
2948725
2948726
2948727
2948728
2948729
2948730
2948731
2948732
2948733
2948734
2948735
2948736
2948737
2948738
2948752
2948753
2948754
2948755
2948756
2948757
2948758
2948759
2948760
2948761
2948762
2948763
2948764
2948765
2948766
2948767
2948768
2948769
2948770
2948771
2948772
2948773
2948774
2948775
2948776
2948777
2948778
2948780
2948781
2948782
2948783
2948784
2948785
2948786
2948787
2948788
2948789
2948790
2948791
2948793
2948794
2948796
2948797
2948798
2948800
2948801
2948802
2948803
2948804
2948805
2948806
2948807
2948808
2948809
2948810
2948811
2948812
2948813
2948814
2948815
2948816
2948817
2948819
2948821
2948822
2948823
2948824
2948825
2948826
2948827
2948828
2948829
2948830
2948831
2948832
2948833
2948834
2948835
2948836
2948837
2948838
2948839
2948840
2948841
2948842
2948844
2948845
2948846
2948847
2948849
2948850
2948851
2948852
2948853
2948855
2948856
2948857
2948859
2948860
2948861
2948863
2948864
2948865
2948866
2948867
2948869
2948870
2948871
2948872
2948873
2948874
2948875
2948876
2948877
2948878
2948879
2948880
2948881
2948882
2948883
2948884
2948885
2948886
2948887
2948888
2948889
2948890
2948891
2948893
2948894
2948895
2948896
2948897
2948898
2948899
2948900
2948901
2948904
2948905
2948906
2948907
2948908
2948909
2948910
2948911
2948912
2948913
2948914
2948915
2948916
2948917
2948918
2948920
2948922
2948923
2948924
2948925
2948926
2948927
2948928
2948929
2948930
2948931
2948932
2948933
2948934
2948935
2948936
2948937
2948939
2948940
2948941
2948942
2948943
2948945
2948946
2948947
2948948
2948949
2948950
2948951
2948952
2948953
2948954
2948955
2948956
2948958
2948959
2948960
2948962
2948963
2949298
2949527
2949529
2949530
2949531
2949532
2949533
2949534
2949535
2949539
2949540
2949541
2949716
2949717
2949718
2949719
2949720
2949721
2949722
2949723
2949724
2949725
2949726
2949727
2950152
2950297
2950298
2950300
2950301
2950302
2950303
2950309
2950327
2950328
2950329
2950330
2950331
2950333
2950334
2950447
2950448
2950449
2950453
2950457
2950458
2950459
2950463
2950466
2950472
2950498
2950717
2950719
2950720
2950722
2950724
2950725
2950726
2950727
2950728
2950729
2950731
2950732
2950733
2950737
2950741
2950793
2950794
2950795
2950797
2950798
2950799
2950800
2950801
2950802
2950803
2950804
2950805
2950806
2950809
2950810
2950811
2950819
2950820
2950821
2950822
2950823
2950824
2950825
2950826
2950827
2950828
2950829
2950831
2950832
2950833
2950834
2950835
2950836
2950837
2950838
2950839
2950840
2950841
2950842
2950843
2950844
2950845
2950846
2950847
2950848
2950849
2950851
2950853
2950854
2950855
2950856
2950857
2950858
2950859
2950860
2950861
2950862
2950863
2950864
2950866
2950867
2950868
2950875
2950876
2950877
2950878
2950879
2950880
2950881
2950882
2950883
2950884
2950886
2950887
2950888
2950889
2950890
2950891
2951068
2951069
2951151
2951171
2951172
2951173
2951174
2951181
2951182
2951183
2951185
2951191
2951194
2951196
2951198
2951199
2951200
2951201
2951202
2951205
2951208
2951227
2951233
2951234
2951235
2951236
2951239
2951240
2951241
2951242
2951243
2951244
2951247
2951248
2951249
2951250
2951251
2951252
2951253
2951256
2951259
2951260
2951261
2951262
2951263
2951264
2951265
2951266
2951267
2951268
2951269
2951270
2951271
2951272
2951274
2951275
2951336
2951338
2951341
2951389
2951390
2951391
2951392
2951393
2951394
2951397
2951398
2951399
2951400
2951401
2951402
2951403
2951404
2951410
2951464
2951465
2951466
2951467
2951468
2951469
2951470
2951471
2951472
2951473
2951474
2951475
2951478
2951479
2951481
2951483
2951484
2951486
2951487
2951488
2951489
2951490
2951491
2951492
2951493
2951494
2951495
2951496
2951497
2951498
2951499
2951500
2951501
2951502
2951503
2951504
2951505
2951506
2951507
2951508
2951510
2951511
2951512
2951515
2951516
2951517
2951518
2951522
2951523
2951524
2951525
2951526
2951528
2951529
2951530
2951531
2951532
2951533
2951534
2951535
2951536
2951615
2951616
2951617
2951618
2951619
2951632
2951633
2951733
2951735
2951794
2951874
2951876
2951877
2951878
2951879
2951880
2951881
2951958
2951960
2951965
2951967
2951968
2951969
2951970
2951971
2951972
2951974
2951975
2951976
2951977
2951978
2952007
2952008
2952010
2952011
2952012
2952013
2952014
2952015
2952016
2952017
2952018
2952019
2952020
2952021
2952022
2952023
2952024
2952025
2952026
2952027
2952028
2952036
2952037
2952038
2952039
2952040
2952041
2952042
2952044
2952045
2952046
2952047
2952048
2952049
2952050
2952053
2952054
2952055
2952057
2952059
2952060
2952061
2952062
2952063
2952064
2952066
2952067
2952068
2952069
2952070
2952071
2952072
2952073
2952074
2952075
2952076
2952077
2952078
2952079
2952080
2952081
2952083
2952084
2952085
2952086
2952087
2952088
2952089
2952090
2952091
2952093
2952094
2952095
2952096
2952097
2952098
2952099
2952100
2952101
2952103
2952104
2952105
2952106
2952107
2952111
2952112
2952113
2952114
2952130
2952184
2952185
2952186
2952187
2952188
2952190
2952191
2952193
2952367
2952374
2952550
2952566
2952612
2952659
2952745
2952746
2953083
2953508
2953619
2953667
2953674
2954110
2954191
2954307
2954308
2954309
2954310
2954312
2954839
2954840
2954841
2954842
2954843
2954847
2954848
2954868
2955014
2955190
2955228
2955229
2955230
2955232
2955233
2955234
2955235
2955236
2955237
2955239
2955240
2955241
2955242
2955243
2955245
2955246
2955247
2955248
2955249
2955250
2955253
2955254
2955258
2955259
2955260
2955261
2955262
2955263
2955264
2955265
2955266
2955267
2955268
2955269
2955270
2955271
2955272
2955273
2955274
2955275
2955277
2955278
2955279
2955280
2955281
2955282
2955283
2955284
2955285
2955286
2955287
2955288
2955289
2955290
2955291
2955292
2955294
2955295
2955296
2955297
2955298
2955299
2955300
2955301
2955302
2955303
2955304
2955305
2955306
2955307
2955308
2955309
2955317
2955318
2955319
2955320
2955321
2955322
2955324
2955325
2955326
2955327
2955328
2955329
2955330
2955331
2955332
2955333
2955335
2955336
2955337
2955338
2955339
2955340
2955341
2955342
2955343
2955344
2955345
2955346
2955347
2955349
2955351
2955352
2955353
2955354
2955356
2955357
2955358
2955361
2955362
2955363
2955364
2955365
2955366
2955367
2955368
2955369
2955371
2955372
2955373
2955374
2955375
2955377
2955378
2955380
2955382
2955383
2955384
2955385
2955386
2955387
2955388
2955390
2955391
2955392
2955393
2955394
2955395
2955396
2955397
2955399
2955400
2955401
2955402
2955403
2955404
2955405
2955406
2955407
2955410
2955411
2955412
2955413
2955414
2955415
2955416
2955417
2955419
2955420
2955421
2955422
2955423
2955424
2955425
2955426
2955427
2955428
2955429
2955431
2955432
2955433
2955434
2955435
2955436
2955437
2955438
2955439
2955440
2955441
2955442
2955443
2955445
2955446
2955447
2955448
2955449
2955450
2955451
2955452
2955454
2955455
2955456
2955457
2955458
2955460
2955462
2955463
2955464
2955465
2955466
2955467
2955468
2955469
2955470
2955471
2955472
2955473
2955474
2955475
2955477
2955478
2955479
2955480
2955481
2955482
2955483
2955484
2955485
2955486
2955487
2955488
2955489
2955490
2955491
2955492
2955493
2955494
2955495
2955496
2955497
2955498
2955499
2955500
2955501
2955502
2955503
2955504
2955505
2955506
2955507
2955508
2955509
2955510
2955511
2955512
2955513
2955514
2955515
2955516
2955517
2955518
2955519
2955520
2955521
2955522
2955523
2955524
2955525
2955526
2955527
2955528
2955529
2955530
2955531
2955532
2955533
2955534
2955535
2955536
2955537
2955538
2955539
2955540
2955541
2955542
2955543
2955544
2955545
2955546
2955547
2955548
2955549
2955550
2955551
2955552
2955553
2955554
2955555
2955556
2955557
2955558
2955559
2955560
2955561
2955562
2955563
2955564
2955565
2955566
2955567
2955568
2955570
2955571
2955572
2955573
2955574
2955575
2955576
2955577
2955578
2955579
2955580
2955581
2955582
2955583
2955584
2955585
2955586
2955587
2955588
2955589
2955590
2955591
2955592
2955593
2955594
2955595
2955596
2955597
2955598
2955599
2955600
2955602
2955603
2955604
2955605
2955606
2955609
2955610
2955611
2955612
2955614
2955615
2955616
2955617
2955618
2955619
2955620
2955621
2955622
2955623
2955624
2955625
2955626
2955627
2955628
2955629
2955630
2955631
2955632
2955633
2955634
2955635
2955636
2955637
2955638
2955639
2955640
2955641
2955642
2955643
2955644
2955645
2955646
2955648
2955650
2955651
2955652
2955653
2955654
2955655
2955656
2955657
2955658
2955659
2955660
2955661
2955662
2955663
2955664
2955665
2955666
2955667
2955668
2955669
2955670
2955671
2955672
2955673
2955675
2955678
2955679
2955680
2955681
2955682
2955683
2955685
2955686
2955687
2955689
2955690
2955691
2955693
2955694
2955697
2955698
2955699
2955700
2955701
2955702
2955703
2955704
2955705
2955706
2955707
2955708
2955709
2955710
2955711
2955712
2955713
2955714
2955718
2955719
2955723
2955724
2955725
2955726
2955727
2955728
2955729
2955730
2955732
2955734
2955735
2955737
2955738
2955739
2955740
2955741
2955742
2955743
2955744
2955745
2955746
2955747
2955748
2955749
2955750
2955751
2955752
2955753
2955754
2955755
2955756
2955757
2955758
2955759
2955760
2955761
2955762
2955763
2955764
2955765
2955767
2955768
2955769
2955770
2955771
2955772
2955773
2955774
2955775
2955778
2955779
2955780
2955781
2955782
2955783
2955784
2955785
2955786
2955787
2955788
2955791
2955792
2955793
2955794
2955795
2955796
2955797
2955798
2955799
2955800
2955801
2955802
2955803
2955804
2955805
2955806
2955832
2955833
2955834
2955835
2955836
2955837
2955838
2955839
2955840
2955842
2955843
2955844
2955845
2955846
2955847
2955848
2955849
2955850
2955851
2955852
2955853
2955855
2955856
2955857
2955859
2955860
2955861
2955862
2955863
2955864
2955865
2955868
2955869
2955870
2955871
2955872
2955873
2955874
2955875
2955877
2955878
2955879
2955880
2955882
2955883
2955884
2955885
2955887
2955888
2955890
2955891
2955892
2955893
2955894
2955895
2955896
2955897
2955898
2955899
2955900
2955904
2955905
2955906
2955907
2955908
2955909
2955910
2955911
2955912
2955913
2955915
2955916
2955917
2955918
2955919
2955920
2955921
2955922
2955924
2955925
2955926
2955928
2955929
2955932
2955933
2955935
2955938
2955939
2955940
2955941
2955942
2955943
2955945
2955946
2955947
2955948
2955949
2955950
2955951
2955952
2955956
2955957
2955958
2955959
2955960
2955961
2955962
2955963
2955964
2955965
2955966
2955967
2955968
2955969
2955970
2955971
2955972
2955973
2955974
2955975
2955976
2955978
2955979
2955980
2955981
2955982
2955983
2955984
2955985
2955986
2955987
2955988
2955989
2955990
2955993
2955994
2955995
2955996
2955997
2955998
2955999
2956000
2956001
2956002
2956003
2956006
2956008
2956009
2956010
2956011
2956012
2956013
2956014
2956015
2956025
2956026
2956029
2956030
2956031
2956032
2956033
2956034
2956035
2956036
2956037
2956038
2956039
2956040
2956041
2956042
2956043
2956044
2956045
2956046
2956047
2956048
2956050
2956051
2956052
2956053
2956054
2956055
2956056
2956057
2956058
2956059
2956060
2956061
2956062
2956063
2956064
2956065
2956067
2956068
2956070
2956071
2956073
2956074
2956076
2956077
2956078
2956079
2956080
2956081
2956082
2956084
2956085
2956086
2956087
2956088
2956089
2956090
2956091
2956092
2956093
2956094
2956095
2956096
2956097
2956099
2956100
2956102
2956103
2956104
2956105
2956106
2956107
2956108
2956109
2956110
2956112
2956113
2956114
2956115
2956119
2956120
2956121
2956122
2956123
2956125
2956126
2956127
2956131
2956132
2956133
2956134
2956135
2956138
2956139
2956141
2956142
2956143
2956144
2956145
2956146
2956148
2956149
2956150
2956151
2956152
2956153
2956154
2956155
2956156
2956157
2956158
2956159
2956160
2956161
2956162
2956163
2956164
2956165
2956166
2956167
2956168
2956169
2956170
2956171
2956172
2956173
2956174
2956175
2956176
2956177
2956178
2956179
2956180
2956181
2956182
2956183
2956184
2956185
2956186
2956187
2956190
2956191
2956192
2956193
2956194
2956195
2956196
2956197
2956198
2956200
2956201
2956203
2956204
2956205
2956206
2956207
2956209
2956210
2956211
2956212
2956213
2956214
2956221
2956222
2956223
2956224
2956227
2956229
2956230
2956231
2956235
2956236
2956237
2956238
2956240
2956241
2956242
2956243
2956244
2956245
2956246
2956247
2956248
2956249
2956250
2956251
2956252
2956253
2956257
2956258
2956259
2956260
2956261
2956262
2956263
2956266
2956268
2956269
2956270
2956271
2956272
2956274
2956275
2956276
2956277
2956278
2956279
2956280
2956281
2956283
2956284
2956285
2956286
2956287
2956288
2956289
2956290
2956291
2956292
2956293
2956294
2956295
2956296
2956297
2956299
2956300
2956301
2956302
2956303
2956304
2956305
2956306
2956307
2956308
2956309
2956310
2956311
2956313
2956314
2956315
2956316
2956317
2956318
2956319
2956320
2956321
2956326
2956327
2956329
2956330
2956331
2956332
2956333
2956334
2956335
2956336
2956337
2956338
2956339
2956340
2956341
2956342
2956343
2956344
2956345
2956346
2956347
2956348
2956349
2956350
2956351
2956352
2956353
2956354
2956355
2956356
2956357
2956358
2956359
2956360
2956361
2956362
2956363
2956364
2956365
2956366
2956367
2956371
2956374
2956376
2956377
2956378
2956379
2956380
2956381
2956382
2956385
2956386
2956387
2956388
2956389
2956390
2956391
2956392
2956393
2956394
2956395
2956396
2956398
2956399
2956400
2956401
2956402
2956403
2956404
2956405
2956406
2956407
2956408
2956409
2956410
2956411
2956412
2956413
2956414
2956415
2956416
2956417
2956418
2956419
2956420
2956421
2956422
2956423
2956425
2956426
2956429
2956430
2956431
2956432
2956433
2956437
2956439
2956440
2956441
2956442
2956443
2956444
2956445
2956446
2956447
2956448
2956449
2956450
2956451
2956452
2956453
2956454
2956455
2956456
2956457
2956458
2956459
2956461
2956462
2956463
2956464
2956465
2956466
2956467
2956468
2956469
2956470
2956473
2956474
2956475
2956476
2956479
2956480
2956481
2956483
2956484
2956485
2956486
2956488
2956489
2956491
2956492
2956494
2956495
2956496
2956497
2956498
2956499
2956500
2956501
2956502
2956503
2956504
2956505
2956506
2956507
2956509
2956512
2956513
2956514
2956515
2956518
2956519
2956520
2956521
2956522
2956523
2956524
2956525
2956526
2956527
2956528
2956529
2956530
2956531
2956532
2956533
2956534
2956535
2956536
2956537
2956538
2956539
2956540
2956541
2956542
2956546
2956547
2956549
2956551
2956553
2956554
2956556
2956557
2956558
2956559
2956560
2956561
2956562
2956563
2956564
2956565
2956566
2956567
2956568
2956569
2956570
2956571
2956572
2956573
2956574
2956575
2956577
2956578
2956579
2956580
2956581
2956582
2956583
2956584
2956585
2956586
2956587
2956588
2956589
2956590
2956591
2956592
2956593
2956594
2956595
2956596
2956597
2956598
2956599
2956600
2956601
2956602
2956603
2956604
2956605
2956606
2956607
2956608
2956609
2956612
2956615
2956616
2956617
2956619
2956620
2956621
2956622
2956623
2956624
2956625
2956626
2956627
2956628
2956629
2956630
2956631
2956634
2956635
2956636
2956637
2956638
2956639
2956644
2956645
2956647
2956649
2956650
2956652
2956653
2956654
2956655
2956656
2956657
2956658
2956659
2956660
2956661
2956662
2956663
2956664
2956665
2956666
2956667
2956668
2956669
2956670
2956672
2956679
2956680
2956681
2956682
2956684
2956686
2956687
2956688
2956689
2956690
2956691
2956692
2956693
2956695
2956696
2956697
2956698
2956699
2956700
2956701
2956702
2956706
2956707
2956710
2956712
2956713
2956796
2957145
2957146
2957147
2957198
2957729
2957730
2957731
2957732
2957750
2959429
2959430
2959431
2959432
2959664
2959756
2959760
2959761
2959766
2959768
2959776
2959784
2959801
2959830
2959849
2959876
2959878
2959898
2959899
2959908
2959910
2959923
2959926
2959939
2959943
2959945
2959947
2959951
2959955
2959976
2959983
2959986
2959992
2959993
2959999
2960002
2960003
2960019
2960039
2960040
2960048
2960058
2960088
2960092
2960140
2960146
2960156
2960175
2960181
2960182
2960195
2960198
2960207
2960211
2960215
2960228
2960251
2960257
2960265
2960280
2960284
2960287
2960302
2960303
2960337
2960350
2960353
2960360
2960362
2960372
2960378
2960379
2960393
2960402
2960421
2960463
2960475
2960486
2960490
2960492
2960496
2960508
2960510
2960516
2960518
2960532
2960538
2960544
2960554
2960575
2960584
2960591
2960593
2960609
2960632
2960636
2960650
2960660
2960679
2960683
2960690
2960744
2960757
2960762
2960776
2960784
2960802
2960815
2960824
2960825
2960834
2960845
2960861
2960865
2960883
2960885
2960891
2960899
2960900
2960903
2960905
2960906
2960907
2960932
2960950
2960960
2960980
2960983
2961001
2961005
2961017
2961044
2961046
2961058
2961064
2961073
2961075
2961097
2961098
2961108
2961128
2961130
2961161
2961163
2961167
2961173
2961189
2961191
2961204
2961221
2961227
2961234
2961243
2961244
2961251
2961254
2961256
2961257
2961258
2961265
2961277
2961304
2961317
2961329
2961344
2961356
2961360
2961365
2961374
2961376
2961396
2961400
2961407
2961408
2961409
2961416
2961437
2961448
2961456
2961474
2961482
2961502
2961505
2961508
2961509
2961510
2961680
2961681
2961683
2961685
2961686
2961687
2961688
2961698
2961702
2961703
2961705
2961707
2961708
2961709
2961710
2961711
2961713
2961714
2961718
2961719
2961775
2961778
2961779
2961838
2961839
2961840
2961841
2961842
2961843
2961845
2961853
2961854
2961855
2961856
2961857
2961858
2961859
2961860
2961861
2961862
2961863
2961918
2961974
2961975
2961976
2961977
2961978
2961979
2961980
2961981
2961984
2961985
2961987
2961988
2961989
2961991
2962598
2962599
2962600
2962601
2962602
2962603
2962604
2962704
2962747
2962748
2962749
2962750
2962773
2963163
2963164
2963168
2963169
2963170
2963171
2963172
2963173
2963174
2963175
2963176
2963177
2963178
2963180
2963181
2963182
2963183
2963184
2963185
2963186
2963187
2963188
2963189
2963191
2963196
2963197
2963198
2963199
2963200
2963201
2963202
2963203
2963204
2963205
2963206
2963207
2963208
2963209
2963210
2963305
2963334
2963335
2963338
2963339
2963341
2963366
2963535
2963717
2963833
2963834
2963853
2963861
2963862
2963895
2963947
2964312
2964489
2964622
2964623
2964624
2964625
2964627
2964628
2964629
2964630
2964631
2964632
2964633
2964634
2964635
2964637
2964638
2964639
2964640
2964641
2964642
2964643
2964644
2964645
2964646
2964647
2964648
2964649
2964650
2964651
2964652
2964653
2964732
2964733
2964734
2964737
2964774
2964776
2965179
2965181
2965182
2965183
2965184
2965185
2965186
2965188
2965189
2965191
2965192
2965193
2965194
2965195
2965196
2965197
2965198
2965199
2965200
2965201
2965203
2965204
2965205
2965206
2965207
2965209
2965211
2965212
2965213
2965214
2965215
2965216
2965217
2965218
2965219
2965220
2965222
2965223
2965224
2965225
2965226
2965524
2965525
2966216
2966238
2966239
2966369
2966440
2966443
2966444
2966556
2966558
2966559
2966560
2966561
2966626
2966627
2966628
2966637
2967988
2967992
2968245
2968246
2968248
2968270
2968370
2968371
2968382
2968431
2968433
2968434
2968436
2968489
2968527
2968528
2968529
2968530
2968531
2968532
2968534
2968535
2968536
2968537
2968538
2968539
2968540
2968541
2968542
2968543
2968544
2968545
2968546
2968547
2968548
2968549
2968550
2968553
2968554
2968555
2968556
2968557
2968558
2968559
2968560
2968561
2968562
2968563
2968564
2968565
2968566
2968567
2968568
2968569
2968570
2968571
2968572
2968573
2968574
2968575
2968576
2968577
2968578
2968579
2968580
2968581
2968582
2968583
2968584
2968585
2968586
2968587
2968589
2968590
2968592
2968593
2968594
2968595
2968596
2968597
2968598
2968599
2968600
2968601
2968602
2968603
2968606
2968607
2968608
2968609
2968610
2968612
2968613
2968614
2968615
2968616
2968618
2968620
2968621
2968622
2968624
2968625
2968627
2968629
2968630
2968631
2968632
2968633
2968634
2968635
2968636
2968637
2968638
2968639
2968640
2968644
2968645
2968647
2968648
2968649
2968651
2968653
2968654
2968655
2968656
2968657
2968658
2968659
2968662
2968663
2968664
2968669
2968670
2968671
2968672
2968673
2968674
2968675
2968676
2968677
2968678
2968682
2968683
2968684
2968685
2968686
2968687
2968688
2968689
2968690
2968691
2968692
2968693
2968695
2968700
2968701
2968702
2968703
2968704
2968705
2968711
2968715
2968716
2968717
2968718
2968719
2968720
2968721
2968722
2968723
2968724
2968725
2968726
2968727
2968728
2968729
2968732
2968735
2968786
2968787
2968921
2968922
2968923
2968925
2968926
2969231
2969232
2969233
2969234
2969236
2969237
2969238
2969239
2969241
2969242
2969296
2969428
2969429
2969440
2969441
2969442
2969586
2969587
2969589
2969590
2969593
2969594
2969595
2969597
2969602
2969605
2969608
2969609
2969610
2969611
2969612
2969613
2969614
2969615
2969616
2969617
2969618
2969619
2969639
2969640
2969642
2969643
2969659
2969700
2969702
2969703
2969847
2969983
2969990
2969991
2969992
2969993
2969994
2969995
2969996
2969997
2969998
2969999
2970000
2970001
2970002
2970003
2970004
2970005
2970006
2970007
2970008
2970009
2970010
2970011
2970012
2970013
2970014
2970015
2970016
2970017
2970018
2970019
2970020
2970021
2970022
2970023
2970024
2970025
2970026
2970027
2970028
2970029
2970030
2970031
2970032
2970033
2970034
2970035
2970036
2970037
2970038
2970039
2970040
2970041
2970042
2970043
2970044
2970045
2970046
2970047
2970048
2970049
2970050
2970051
2970052
2970053
2970054
2970055
2970056
2970057
2970058
2970059
2970060
2970061
2970062
2970063
2970064
2970065
2970066
2970067
2970068
2970069
2970070
2970071
2970072
2970073
2970074
2970144
2970145
2970146
2970147
2970148
2970149
2970150
2970151
2970152
2970153
2970154
2970155
2970156
2970157
2970158
2970159
2970160
2970161
2970162
2970163
2970164
2970165
2970166
2970167
2970168
2970169
2970170
2970171
2970172
2970173
2970174
2970175
2970176
2970177
2970178
2970179
2970180
2970181
2970182
2970183
2970184
2970185
2970186
2970187
2970188
2970189
2970190
2970191
2970192
2970193
2970194
2970195
2970196
2970197
2970198
2970199
2970200
2970201
2970202
2970203
2970204
2970205
2970206
2970207
2970208
2970210
2970212
2970213
2970214
2970215
2970216
2970217
2970221
2970222
2970223
2970225
2970226
2970227
2970228
2970230
2970231
2970232
2970233
2970234
2970235
2970236
2970237
2970240
2970241
2970242
2970243
2970244
2970245
2970246
2970247
2970293
2970294
2970295
2970296
2970297
2970298
2970299
2970300
2970310
2970311
2970312
2970313
2970314
2970315
2970316
2970317
2970319
2970320
2970321
2970322
2970323
2970324
2970325
2970326
2970333
2970334
2970335
2970336
2970337
2970348
2970349
2970351
2970352
2970353
2970354
2970355
2970356
2970363
2970483
2970484
2970485
2970486
2970487
2970488
2970489
2970490
2970491
2970497
2970507
2970508
2970509
2970510
2970511
2970512
2970513
2970514
2970515
2970516
2970517
2970518
2970519
2970520
2970521
2970522
2970523
2970524
2970525
2970526
2970527
2970528
2970529
2970530
2970531
2970532
2970533
2970550
2970551
2970552
2970553
2970555
2970556
2970557
2970558
2970559
2970560
2970561
2970562
2970566
2970567
2970569
2970570
2970575
2970577
2970578
2970580
2970581
2970582
2970585
2970586
2970587
2970589
2970591
2970592
2970595
2970596
2970598
2970600
2970601
2970602
2970604
2970605
2970606
2970607
2970608
2970611
2970614
2970617
2970618
2970619
2970620
2970621
2970624
2970625
2970626
2970627
2970629
2970630
2970631
2970632
2970633
2970634
2970635
2970636
2970637
2970640
2970641
2970642
2970647
2970649
2970650
2970651
2970694
2970695
2970696
2970700
2970703
2970704
2970705
2970706
2970707
2970709
2970710
2970711
2970712
2970713
2970715
2970717
2970719
2970720
2970721
2970723
2970731
2970732
2970743
2970745
2970907
2970908
2970909
2970965
2971006
2971099
2971100
2971101
2971105
2971106
2971108
2971109
2971260
2971261
2971263
2971300
2971301
2971302
2971326
2971327
2971328
2971329
2971330
2971331
2971625
2971626
2971765
2971767
2971768
2971769
2971770
2971771
2971780
2971781
2971782
2971783
2971784
2971785
2971786
2971787
2971788
2971789
2971790
2971791
2971792
2971793
2971794
2971795
2971901
2971902
2971904
2971951
2971952
2971954
2971955
2971956
2971957
2971958
2971959
2971960
2971961
2971962
2971963
2971964
2971965
2971966
2971967
2971969
2971970
2971973
2971974
2971976
2971977
2971978
2971979
2971980
2971981
2971982
2971983
2971984
2971987
2971988
2971989
2971991
2971992
2971993
2971994
2971995
2971996
2971997
2972000
2972008
2972009
2972010
2972011
2972012
2972013
2972014
2972015
2972016
2972017
2972018
2972019
2972020
2972021
2972022
2972041
2972042
2972043
2972044
2972045
2972046
2972047
2972048
2972049
2972050
2972051
2972052
2972053
2972054
2972055
2972056
2972057
2972058
2972059
2972060
2972061
2972062
2972063
2972064
2972065
2972066
2972067
2972068
2972069
2972070
2972071
2972072
2972073
2972074
2972075
2972076
2972077
2972078
2972079
2972080
2972081
2972082
2972083
2972084
2972085
2972086
2972087
2972088
2972089
2972090
2972091
2972092
2972093
2972094
2972095
2972096
2972097
2972098
2972099
2972100
2972101
2972102
2972103
2972104
2972140
2972141
2972142
2972143
2972144
2972145
2972146
2972182
2972183
2972184
2972185
2972186
2972187
2972188
2972189
2972190
2972192
2972193
2972210
2972211
2972212
2972213
2972214
2972215
2972216
2972217
2972218
2972219
2972220
2972221
2972222
2972223
2972226
2972227
2972228
2972230
2972231
2972232
2972233
2972234
2972235
2972236
2972237
2972238
2972239
2972240
2972241
2972242
2972243
2972244
2972245
2972246
2972247
2972248
2972249
2972250
2972251
2972252
2972253
2972254
2972255
2972256
2972257
2972258
2972259
2972260
2972261
2972262
2972263
2972264
2972265
2972267
2972268
2972269
2972270
2972271
2972272
2972274
2972276
2972278
2972279
2972280
2972281
2972282
2972283
2972284
2972285
2972286
2972287
2972288
2972289
2972290
2972291
2972292
2972293
2972294
2972295
2972296
2972297
2972298
2972299
2972300
2972301
2972302
2972303
2972304
2972305
2972306
2972307
2972308
2972309
2972310
2972311
2972312
2972313
2972314
2972315
2972316
2972317
2972318
2972319
2972320
2972321
2972322
2972323
2972324
2972325
2972326
2972327
2972328
2972329
2972330
2972331
2972332
2972333
2972334
2972335
2972336
2972337
2972338
2972339
2972340
2972341
2972342
2972343
2972344
2972345
2972346
2972347
2972348
2972349
2972350
2972351
2972352
2972353
2972354
2972355
2972356
2972357
2972358
2972359
2972360
2972361
2972362
2972363
2972364
2972365
2972366
2972367
2972385
2972386
2972387
2972435
2972436
2972437
2972438
2972439
2972440
2972441
2972462
2972463
2972467
2972468
2972471
2972476
2972490
2972491
2972492
2972493
2972496
2972500
2972501
2972502
2972503
2972504
2972506
2972507
2972508
2972509
2972510
2972511
2972512
2972514
2972515
2972516
2972517
2972532
2972533
2972691
2972693
2972698
2972701
2972702
2972703
2972706
2972709
2972710
2972711
2972712
2972713
2972720
2972724
2972725
2972728
2972729
2972730
2972740
2972743
2972744
2972745
2972746
2972748
2972749
2972787
2972790
2972791
2972793
2972794
2972796
2972797
2972798
2972799
2972800
2972801
