3131364
3131367
3131369
3131370
3131371
3131373
3131374
3131376
3131378
3131379
3131384
3131385
3131386
3131387
3131388
3131389
3131390
3131391
3131393
3131396
3131398
3131400
3131401
3131403
3131404
3131405
3131407
3131409
3131411
3131412
3131415
3131416
3131417
3131419
3131422
3131425
3131426
3131427
3131428
3131429
3131430
3131431
3131433
3131434
3131435
3131436
3131437
3131438
3131440
3131441
3131442
3131444
3131445
3131447
3131448
3131449
3131450
3131452
3131453
3131454
3131455
3131456
3131457
3131458
3131461
3131462
3131463
3131464
3131465
3131466
3131467
3131468
3131469
3131471
3131472
3131473
3131474
3131476
3131477
3131479
3131480
3131481
3131482
3131484
3131485
3131488
3131489
3131490
3131491
3131492
3131493
3131494
3131495
3131496
3131497
3131499
3131501
3131502
3131503
3131506
3131507
3131509
3131510
3131511
3131515
3131516
3131519
3131522
3131523
3131524
3131525
3131526
3131528
3131530
3131531
3131534
3131535
3131536
3131537
3131538
3131539
3131541
3131542
3131543
3131545
3131546
3131548
3131550
3131554
3131555
3131557
3131558
3131559
3131560
3131561
3131562
3131564
3131568
3131569
3131571
3131573
3131574
3131576
3131577
3131582
3131583
3131585
3131587
3131590
3131592
3131598
3131600
3131601
3131602
3131603
3131605
3131606
3131607
3131608
3131609
3131610
3131614
3131615
3131616
3131617
3131618
3131619
3131620
3131621
3131622
3131625
3131626
3131627
3131628
3131629
3131630
3131631
3131632
3131633
3131634
3131635
3131637
3131638
3131639
3131641
3131642
3131644
3131645
3131646
3131649
3131651
3131652
3131653
3131655
3131657
3131658
3131660
3131662
3131664
3131665
3131666
3131667
3131668
3131669
3131671
3131672
3131673
3131675
3131678
3131679
3131680
3131681
3131682
3131683
3131684
3131685
3131687
3131688
3131689
3131691
3131692
3131697
3131698
3131700
3131701
3131702
3131704
3131707
3131708
3131710
3131711
3131712
3131713
3131714
3131716
3131720
3131721
3131722
3131723
3131724
3131725
3131726
3131727
3131728
3131730
3131731
3131732
3131735
3131739
3131740
3131741
3131743
3131744
3131745
3131746
3131748
3131749
3131750
3131752
3131754
3131755
3131756
3131757
3131758
3131759
3131760
3131761
3131762
3131763
3131764
3131765
3131766
3131767
3131770
3131771
3131772
3131774
3131775
3131777
3131778
3131781
3131783
3131784
3131785
3131787
3131789
3131790
3131791
3131792
3131793
3131795
3131796
3131797
3131799
3131800
3131801
3131802
3131803
3131805
3131806
3131808
3131810
3131811
3131812
3131813
3131814
3131816
3131818
3131819
3131820
3131821
3131822
3131825
3131826
3131827
3131828
3131829
3131830
3131831
3131833
3131836
3131839
3131841
3131842
3131844
3131845
3131846
3131854
3131856
3131859
3131860
3131862
3131863
3131864
3131867
3131869
3131877
3131879
3131881
3131884
3131885
3131888
3131890
3131891
3131893
3131896
3131898
3131902
3131905
3131906
3131989
3131990
3132040
3132042
3132048
3132051
3132052
3132054
3132057
3132058
3132059
3132060
3132061
3132063
3132065
3132067
3132068
3132069
3132070
3132071
3132072
3132073
3132216
3132217
3132218
3132231
3132232
3132233
3132239
3132240
3132242
3132253
3132525
3132528
3132530
3132531
3132532
3132533
3132534
3132535
3132538
3132539
3132540
3132541
3132542
3132543
3132544
3132545
3132546
3132547
3132549
3132550
3132551
3132552
3132555
3132556
3132557
3132558
3132559
3132561
3132562
3132563
3132564
3132565
3132566
3132567
3132568
3132569
3132570
3132571
3132572
3132574
3132575
3132576
3132577
3132579
3132580
3132581
3132582
3132583
3132584
3132591
3132617
3132618
3132619
3132620
3132621
3132622
3132623
3132624
3132625
3132626
3132627
3132628
3132629
3132630
3132631
3132632
3132633
3132634
3132635
3132636
3132637
3132638
3132639
3132640
3132641
3132642
3132643
3132644
3132645
3132647
3132648
3132649
3132650
3132654
3132655
3132656
3132657
3132658
3132659
3132660
3132661
3132662
3132663
3132665
3132666
3132667
3132668
3132669
3132670
3132671
3132672
3132673
3132674
3132675
3132676
3132677
3132678
3132679
3132680
3132681
3132682
3132683
3132708
3132709
3132805
3132806
3132807
3132810
3132811
3133019
3133021
3133107
3133108
3133206
3133445
3133446
3133447
3133448
3133449
3133450
3133452
3133454
3133466
3133470
3133471
3133472
3133477
3133478
3133480
3133491
3133501
3133504
3133505
3133507
3133524
3133531
3133544
3133546
3133547
3133548
3134012
3134018
3134025
3134030
3134032
3134170
3134182
3134214
3134218
3134219
3134257
3134279
3134281
3134282
3134283
3134284
3134285
3134286
3134287
3134288
3134289
3134290
3134291
3134292
3134293
3134295
3134296
3134297
3134301
3134302
3134303
3134304
3134305
3134307
3134308
3134309
3134310
3134312
3134315
3134316
3134317
3134318
3134319
3134321
3134322
3134323
3134324
3134325
3134326
3134327
3134328
3134329
3134330
3134331
3134332
3134333
3134334
3134335
3134336
3134337
3134338
3134339
3134340
3134341
3134342
3134343
3134344
3134345
3134346
3134347
3134348
3134349
3134350
3134351
3134352
3134353
3134354
3134355
3134356
3134357
3134358
3134359
3134360
3134361
3134362
3134363
3134364
3134365
3134366
3134367
3134368
3134369
3134370
3134371
3134373
3134374
3134375
3134376
3134377
3134378
3134392
3134393
3134394
3134395
3134397
3134398
3134399
3134400
3134401
3134402
3134403
3134481
3134524
3134717
3134737
3134876
3134877
3134903
3134911
3134912
3134913
3134914
3134915
3134916
3134917
3134920
3134921
3134922
3134925
3135017
3135018
3135019
3135020
3135021
3135022
3135196
3135197
3135294
3135295
3135302
3135303
3135305
3135311
3135312
3135327
3135446
3135447
3135448
3135552
3135592
3135593
3135597
3135599
3135601
3135602
3135603
3135604
3135605
3135606
3135607
3135608
3135609
3135610
3135651
3135652
3135653
3135654
3135655
3135656
3135657
3135659
3135660
3135661
3135663
3135664
3135666
3135667
3135668
3135669
3135670
3135671
3135672
3135673
3135674
3135675
3135676
3135677
3135678
3135679
3135680
3135681
3135682
3135683
3135684
3135686
3135688
3135689
3135690
3135692
3135693
3135694
3135695
3135696
3135697
3135702
3135703
3135706
3135707
3135709
3135711
3135713
3135715
3135718
3135722
3135729
3135730
3135732
3135737
3135738
3135741
3135742
3135744
3135746
3135750
3135751
3135752
3135753
3135754
3135970
3135974
3135978
3135980
3135989
3136001
3136002
3136005
3136006
3136007
3136008
3136009
3136015
3136093
3136115
3136119
3136120
3136171
3136172
3136187
3136574
3136605
3136606
3136607
3136608
3136609
3136610
3136611
3136612
3136613
3136614
3136615
3136616
3136617
3136618
3136619
3136620
3136621
3136622
3136624
3136625
3136626
3136627
3136628
3136629
3136630
3136631
3136638
3136639
3136656
3136660
3136680
3136766
3136767
3136768
3137162
3137176
3137282
3137283
3137284
3137285
3137286
3137287
3137289
3137290
3137291
3137292
3137293
3137294
3137295
3137296
3137297
3137348
3137497
3137599
3137611
3137615
3137616
3137617
3137618
3137741
3137742
3137743
3137745
3137793
3137794
3137795
3137906
3137907
3137908
3137909
3137910
3137911
3137912
3137913
3137914
3137915
3137917
3137918
3137919
3137920
3137921
3138021
3138025
3138064
3138180
3138182
3138191
3138283
3138284
3138285
3138287
3138288
3138289
3138290
3138294
3138295
3138296
3138297
3138298
3138299
3138300
3138306
3138309
3138310
3138311
3138312
3138313
3138314
3138315
3138323
3138324
3138325
3138326
3138327
3138331
3138417
3138526
3138527
3138528
3138529
3138533
3138534
3138535
3138536
3138537
3138540
3138541
3138542
3138543
3138545
3138546
3138548
3138549
3138550
3138551
3138561
3138562
3138563
3138814
3138815
3138818
3138820
3138838
3138846
3138860
3138874
3138944
3138951
3138956
3138957
3138958
3138959
3138960
3138964
3138972
3138973
3139126
3139127
3139145
3139146
3139147
3139148
3139149
3139150
3139151
3139152
3139155
3139157
3139158
3139159
3139160
3139161
3139397
3139400
3139422
3139431
3139432
3139433
3139435
3139459
3139461
3139462
3139465
3139466
3139470
3139472
3139480
3139487
3139494
3139495
3139499
3139504
3139507
3139513
3139515
3139516
3139519
3139522
3139529
3139531
3139532
3139534
3139535
3139536
3139538
3139543
3139545
3139546
3139551
3139552
3139553
3139554
3139556
3139560
3139561
3139564
3139566
3139575
3139578
3139580
3139590
3139610
3139611
3139613
3139615
3139867
3139872
3139875
3139877
3139881
3139963
3139967
3139969
3139970
3139971
3139974
3139977
3139978
3139979
3139980
3139981
3139982
3139984
3139986
3139988
3139989
3139990
3139991
3139992
3139993
3139995
3139996
3139997
3139998
3139999
3140000
3140001
3140002
3140003
3140004
3140005
3140006
3140007
3140008
3140012
3140013
3140151
3140152
3140156
3140158
3140159
3140160
3140220
3140275
3140876
3141210
3141211
3141252
3141262
3141436
3141444
3141445
3141489
3141518
3141520
3141526
3141527
3141530
3141558
3141559
3141560
3141563
3141564
3141568
3141569
3141575
3141576
3141577
3141578
3141617
3141618
3141619
3141623
3141624
3141625
3141626
3141627
3141628
3141629
3141630
3141632
3141637
3141638
3141799
3141801
3141804
3141805
3141806
3141807
3141808
3141809
3141811
3141812
3141817
3141818
3141819
3141820
3141821
3141823
3141826
3141829
3141830
3141831
3141832
3141833
3141853
3141855
3141860
3141863
3141865
3141868
3141869
3141876
3141877
3141879
3141880
3141882
3141883
3141884
3141885
3141886
3141887
3141889
3141890
3141892
3141893
3141895
3141896
3141897
3141898
3141900
3141901
3141902
3141903
3141905
3141906
3141909
3141913
3141914
3141915
3141917
3141918
3141922
3141923
3141924
3141925
3141926
3141928
3141931
3141932
3141933
3141934
3141935
3141948
3141950
3141971
3141972
3142239
3142240
3142254
3142491
3142492
3142493
3142494
3142498
3142501
3142663
3142664
3142665
3142666
3142667
3142668
3142669
3142670
3142671
3142672
3142688
3142711
3142712
3142713
3142721
3142731
3142779
3142829
3143011
3143013
3143016
3143020
3143022
3143023
3143025
3143026
3143040
3143133
3143134
3143136
3143138
3143147
3143156
3143157
3143164
3143165
3143166
3143388
3143507
3143880
3143896
3143900
3143901
3143902
3143942
3143943
3143944
3143958
3144072
3144081
3144105
3144107
3144108
3144109
3144110
3144111
3144112
3144113
3144114
3144115
3144116
3144120
3144122
3144124
3144125
3144230
3144278
3144279
3144280
3144281
3144282
3144283
3144506
3144827
3144828
3144829
3144833
3144834
3144836
3144838
3144840
3144865
3144867
3144918
3145020
3145021
3145025
3145029
3145031
3145032
3145033
3145065
3145148
3145149
3145150
3145163
3145173
3145174
3145202
3145203
3145204
3145205
3145206
3145577
3145578
3145579
3145580
3145581
3145582
3145583
3145584
3145585
3145586
3145587
3145588
3145589
3145590
3145591
3145592
3145594
3145595
3145596
3145597
3145598
3145599
3145601
3145602
3145603
3145604
3145605
3145606
3145607
3145608
3145609
3145611
3145612
3145613
3145614
3145615
3145616
3145617
3145618
3145619
3145620
3145621
3145622
3145623
3145624
3145625
3145628
3145629
3145630
3145631
3145632
3145633
3145634
3145635
3145636
3145638
3145639
3145640
3145641
3145642
3145643
3145644
3145646
3145647
3145648
3145649
3145650
3145651
3145652
3145653
3145655
3145656
3145657
3145658
3145659
3145660
3145661
3145663
3145664
3145665
3145666
3145667
3145668
3145669
3145670
3145671
3145672
3145673
3145674
3145675
3145677
3145678
3145679
3145680
3145681
3145683
3145684
3145685
3145686
3145687
3145688
3145689
3145691
3145692
3145693
3145694
3145695
3145696
3145697
3145699
3145700
3145701
3145705
3145706
3145707
3145708
3145710
3145711
3145713
3145714
3145715
3145716
3145718
3145719
3145720
3145721
3145722
3145729
3145730
3145731
3145732
3145733
3145734
3145737
3145738
3145739
3145740
3145744
3145747
3145748
3145749
3145750
3145751
3145752
3145753
3145754
3145755
3145756
3145757
3145758
3145759
3145760
3145761
3145762
3145763
3145764
3145765
3145766
3145767
3145768
3145769
3145770
3145772
3145773
3145775
3145776
3145777
3145780
3145782
3145783
3145784
3145785
3145786
3145788
3145790
3145791
3145795
3145796
3145797
3145798
3145800
3145801
3145802
3145803
3145804
3145806
3145807
3145808
3145809
3145810
3146124
3146125
3146126
3146127
3148917
3148928
3148939
3148942
3148949
3148950
3148951
3149017
3149018
3149139
3149140
3151447
3151618
3151619
3151679
3151691
3151692
3151693
3151837
3151838
3151840
3151843
3151844
3151845
3152091
3152096
3152106
3152107
3152109
3152111
3152112
3152116
3152118
3152119
3152120
3152121
3152124
3152126
3152127
3152128
3152130
3152133
3152137
3152138
3152139
3152140
3152141
3152142
3152143
3152144
3152146
3152147
3152150
3152151
3152154
3152156
3152206
3152207
3152208
3152209
3152210
3152211
3152212
3152215
3152217
3152218
3152219
3152220
3152221
3152223
3152224
3152305
3152306
3152307
3152308
3152309
3152310
3152311
3152314
3152315
3152316
3152317
3152318
3152319
3152320
3152321
3152322
3152323
3152325
3152326
3152327
3152328
3152329
3152330
3152331
3152332
3152333
3152334
3152335
3152336
3152338
3152339
3152340
3152343
3152344
3152345
3152346
3152347
3152348
3152349
3152350
3152351
3152352
3152353
3152354
3152355
3152356
3152357
3152358
3152359
3152473
3152474
3152475
3152477
3152484
3152490
3152491
3152493
3152494
3152495
3152496
3152497
3152501
3152503
3152504
3152507
3152508
3152509
3152510
3152511
3152513
3152524
3152542
3152589
3152590
3152591
3152599
3152600
3152601
3152602
3152603
3152604
3152605
3152606
3152607
3152608
3152609
3152610
3152611
3152612
3152613
3152615
3152616
3152618
3152619
3152621
3152623
3152624
3152625
3152626
3152627
3152628
3152629
3152630
3152631
3152632
3152633
3152634
3152636
3152637
3152638
3152639
3152640
3152641
3152642
3152644
3152645
3152648
3152650
3152653
3152654
3152668
3152670
3152673
3152677
3152680
3152686
3152687
3152688
3152691
3152695
3152697
3152698
3152699
3152700
3152701
3152710
3152712
3152719
3152720
3152721
3152722
3152723
3152724
3152725
3152726
3152727
3152728
3152730
3152731
3152732
3152735
3152753
3152754
3152768
3152771
3152772
3152829
3152861
3152867
3152868
3152870
3152873
3152877
3152878
3152879
3152880
3152884
3152888
3152891
3152892
3152895
3152896
3152897
3152898
3152900
3152902
3152903
3152904
3152905
3152907
3152908
3152909
3152910
3152911
3152912
3152913
3152914
3152915
3152916
3152917
3152919
3152920
3152922
3152923
3152926
3152929
3152930
3152931
3152934
3152936
3152938
3152939
3152940
3152946
3152947
3152950
3152957
3152961
3152962
3152963
3152964
3152965
3152966
3152967
3152968
3152969
3152970
3152971
3152972
3152973
3152974
3152975
3152976
3152977
3152979
3152981
3152983
3152985
3152986
3152987
3152992
3152993
3152994
3152995
3152996
3152997
3152998
3152999
3153000
3153001
3153002
3153003
3153009
3153013
3153014
3153015
3153017
3153018
3153019
3153020
3153021
3153022
3153023
3153026
3153032
3153034
3153039
3153041
3153043
3153056
3153062
3153065
3153066
3153067
3153068
3153070
3153071
3153072
3153073
3153074
3153075
3153077
3153078
3153079
3153080
3153082
3153083
3153087
3153088
3153089
3153090
3153105
3153113
3153127
3153128
3153129
3153200
3153265
3153269
3153270
3153272
3153273
3153274
3153275
3153279
3153280
3153283
3153284
3153285
3153286
3153289
3153297
3153334
3153335
3153336
3153338
3153341
3153342
3153349
3153512
3153513
3153514
3153515
3153516
3153535
3153536
3153537
3153538
3153768
3153892
3153893
3153912
3153913
3153914
3153915
3153916
3153917
3153918
3153919
3153920
3153942
3153943
3153944
3153945
3153946
3154017
3154060
3154074
3154075
3154077
3154078
3154079
3154080
3154081
3154082
3154083
3154084
3154085
3154086
3154087
3154088
3154095
3154096
3154098
3154100
3154101
3154102
3154106
3154107
3154108
3154112
3154113
3154116
3154118
3154120
3154122
3154166
3155224
3155564
3155980
3155981
3155982
3156049
3156055
3156056
3156057
3156075
3156507
3156509
3156515
3156527
3156528
3156529
3156530
3156531
3156532
3156533
3156534
3156535
3156536
3156537
3157661
3157662
3157663
3157664
3157665
3157668
3157753
3157754
3157757
3157766
3157773
3157774
3157778
3157779
3157781
3157782
3157788
3157789
3157800
3157802
3157803
3157829
3157830
3157831
3157832
3157833
3157834
3157835
3157836
3157911
3157912
3157915
3158137
3158138
3158139
3158140
3158141
3158191
3158245
3158377
3158378
3158379
3158380
3158381
3158382
3158384
3158385
3158386
3158414
3158833
3158834
3158836
3158837
3158842
3158843
3158844
3158845
3158853
3158855
3158856
3158857
3158858
3158864
3158876
3158877
3158878
3158879
3158882
3158889
3158890
3158891
3158892
3158893
3158894
3158947
3158948
3158950
3158977
3158978
3159438
3159457
3159470
3159471
3159472
3159473
3159476
3159488
3160781
3160782
3160785
3160822
3160823
3160824
3160827
3160828
3160829
3160836
3161050
3161140
3161141
3161143
3161144
3161145
3161149
3161150
3161157
3161158
3161160
3161161
3161163
3161164
3161165
3161166
3161167
3161169
3161173
3161174
3161175
3161178
3161179
3161180
3161181
3161183
3161184
3161185
3161584
3162000
3162001
3162005
3162012
3162015
3162016
3162017
3162537
3162542
3162543
3162544
3162545
3162549
3162552
3162603
3162627
3162628
3162643
3162769
3162770
3162771
3162772
3162773
3162774
3162775
3162778
3162889
3162890
3162891
3162892
3162893
3162895
3162896
3162898
3162899
3162900
3162901
3162902
3163281
3163392
3163396
3163397
3163398
3163399
3163400
3163401
3163402
3163403
3163404
3163405
3163406
3163407
3163408
3163409
3163410
3163411
3163412
3163413
3163414
3163415
3163416
3163417
3163418
3163419
3163420
3163547
3163548
3163549
3163585
3163621
3163622
3229022
3229023
3229024
3229025
3229026
3229027
3229028
3229029
3229030
3229031
3229032
3229034
3229035
3229036
3229037
3229038
3229040
3229041
3229042
3229044
3229045
3229046
3229077
3229312
3229440
3229443
3229444
3229445
3229446
3229448
3229449
3229450
3229451
3229452
3229454
3229455
3229529
3229530
3229724
3229726
3229727
3229728
3229729
3229730
3229731
3229738
3229739
3229740
3229741
3229742
3229743
3229744
3229745
3229746
3229760
3229777
3229860
3230127
3230128
3230129
3230130
3230132
3230267
3230418
3230419
3230497
3230835
3230836
3230838
3230840
3230841
3230842
3230843
3230844
3230846
3230847
3230848
3230849
3230850
3230851
3230852
3230853
3230855
3230856
3231081
3231233
3231236
3231237
3231239
3231242
3231516
3231627
3231628
3231629
3231630
3231632
3231770
3231771
3231772
3231909
3231912
3231913
3231923
3232012
3232014
3232017
3232020
3232021
3232022
3232023
3232037
3232038
3232042
3232045
3232046
3232047
3232048
3232051
3232176
3232177
3232178
3232179
3232180
3232183
3232185
3232187
3232188
3232189
3232190
3232191
3232192
3232193
3232194
3232195
3232196
3232197
3232199
3232200
3232202
3232203
3232204
3232205
3232210
3232211
3232212
3232213
3232214
3232215
3232216
3232217
3232218
3232219
3232220
3232221
3232222
3232223
3232224
3232225
3232226
3232227
3232228
3232229
3232230
3232231
3232232
3232233
3232234
3232235
3232236
3232239
3232240
3232242
3232303
3233090
3233091
3233114
3233121
3233122
3233123
3233124
3233133
3233134
3233135
3233136
3233137
3233138
3233152
3233246
3233247
3233249
3233362
3233363
3233534
3233536
3233541
3233683
3233684
3233687
3233688
3233689
3233690
3233692
3233693
3233694
3233695
3233696
3233698
3233699
3233701
3233702
3233703
3233704
3233705
3233706
3233707
3233708
3233709
3233710
3233712
3233713
3233850
3233851
3233852
3233853
3233854
3233855
3233856
3233858
3233859
3233861
3233863
3233864
3234008
3234009
3234012
3234013
3234038
3234039
3234040
3234041
3234042
3234043
3234044
3234045
3234046
3234047
3234048
3234051
3234052
3234054
3234056
3234058
3234059
3234060
3234061
3234062
3234063
3234064
3234065
3234066
3234067
3234068
3234069
3234070
3234072
3234074
3234075
3234076
3234077
3234079
3234080
3234081
3234083
3234084
3234085
3234086
3234089
3234093
3234094
3234095
3234102
3234103
3234105
3234106
3234110
3234111
3234113
3234116
3234117
3234118
3234123
3234124
3234125
3234126
3234146
3234149
3234150
3234153
3234285
3234755
3234956
3234957
3234966
3235046
3235047
3235054
3236632
3236633
3236635
3236639
3236641
3236643
3236644
3236645
3236646
3236647
3236688
3236691
3236694
3236696
3236697
3236698
3236699
3236700
3236701
3236707
3236709
3236716
3236746
3236747
3236748
3236750
3236831
3236917
3236922
3236926
3236927
3236928
3236930
3236931
3237097
3237190
3237191
3237192
3237253
3237254
3237255
3237256
3237364
3237373
3237693
3237704
3237932
3237947
3237949
3237951
3237952
3237953
3237955
3237959
3237961
3237962
3237964
3237965
3237966
3237967
3237968
3237969
3237970
3237971
3237972
3237973
3237974
3237975
3237976
3237977
3237980
3237981
3237982
3238289
3238290
3238291
3238292
3238293
3238295
3238334
3238692
3238697
3238780
3238781
3238786
3238787
3238819
3238873
3238874
3238875
3238876
3238968
3238970
3238975
3238977
3238978
3239040
3239043
3239045
3239048
3239049
3239050
3239051
3239052
3239059
3239068
3239069
3239070
3239071
3239072
3239316
3239319
3239320
3239324
3239325
3239328
3239329
3239331
3239332
3239333
3239334
3239335
3239336
3239337
3239817
3239852
3239875
3240092
3240105
3240111
3240121
3240124
3240125
3240126
3240129
3240132
3240134
3240138
3240141
3240145
3240149
3240154
3240155
3240157
3240158
3240160
3240161
3240163
3240165
3240166
3240170
3240175
3240177
3240184
3240186
3240187
3240217
3240218
3240332
3240361
3240362
3240385
3240395
3240396
3240397
3240399
3240400
3240401
3240428
3240445
3240446
3240447
3240464
3240465
3240466
3240469
3240470
3240471
3240472
3240473
3240474
3240476
3240478
3240479
3240480
3240481
3240482
3240483
3240485
3240487
3240488
3240489
3240490
3240491
3240492
3240493
3240494
3240495
3240496
3240497
3240498
3240499
3240500
3240501
3240502
3240503
3240504
3240505
3240506
3240507
3240510
3240512
3240513
3240514
3240515
3240517
3240518
3240520
3240523
3240525
3240527
3240528
3240529
3240530
3240531
3240532
3240534
3240535
3240536
3240537
3240538
3240539
3240540
3240541
3240543
3240544
3240545
3240546
3240548
3240549
3240550
3240551
3240552
3240553
3240554
3240555
3240558
3240560
3240562
3240563
3240564
3240565
3240567
3240568
3240569
3240570
3240571
3240573
3240574
3240575
3240576
3240577
3240578
3240579
3240580
3240581
3240582
3240583
3240584
3240585
3240587
3240588
3240589
3240590
3240591
3240593
3240594
3240595
3240596
3240597
3240598
3240600
3240601
3240602
3240605
3240606
3240607
3240608
3240610
3240612
3240613
3240614
3240616
3240617
3240618
3240619
3240621
3240622
3240624
3240625
3240628
3240629
3240631
3240632
3240633
3240634
3240635
3240636
3240637
3240639
3240640
3240642
3240643
3240644
3240645
3240646
3240679
3240680
3240681
3240685
3240686
3240687
3240689
3240695
3240702
3240722
3240744
3240745
3240798
3240800
3240801
3241050
3241051
3241052
3241059
3241060
3241061
3241062
3241064
3241065
3241066
3241068
3241069
3241070
3241072
3241073
3241075
3241076
3241077
3241080
3241081
3241083
3241086
3241087
3241105
3241136
3241176
3241177
3241180
3241185
3241187
3241188
3241189
3241299
3241300
3241302
3241303
3241304
3241436
3241437
3241438
3241439
3241440
3241441
3241442
3241516
3241519
3241537
3241708
3241711
3241712
3241713
3241714
3241715
3241717
3241718
3241719
3241720
3241721
3241722
3241723
3241724
3241725
3241726
3241727
3241728
3241729
3241730
3241731
3241732
3241735
3241736
3241737
3241741
3241745
3241746
3241747
3241750
3241751
3241752
3241754
3241755
3241756
3241758
3241761
3241762
3241765
3241767
3241768
3241770
3241771
3241772
3241773
3241775
3241776
3241777
3241778
3241779
3241780
3241781
3241782
3241783
3241784
3241786
3241787
3241788
3241789
3241790
3241791
3241793
3241794
3241795
3241796
3241797
3241798
3241799
3241800
3241863
3242737
3242747
3242748
3242749
3242750
3242813
3242814
3242815
3242816
3242858
3243097
3243098
3243099
3243415
3243423
3243724
3243725
3243726
3243727
3243728
3243730
3243731
3243732
3243733
3243734
3243735
3243736
3243745
3248842
3248862
3248863
3249627
3250149
3250150
3250169
3250170
3250174
3250302
3250803
3250804
3250805
3250806
3250807
3250808
3250809
3250810
3250811
3250812
3250813
3250814
3251000
3251002
3251003
3251004
3251005
3251006
3251007
3251008
3251009
3251010
3251011
3251012
3251013
3251014
3251015
3251016
3251017
3251025
3251029
3251030
3251031
3251032
3251033
3251034
3251035
3251036
3251037
3251038
3251040
3251041
3256998
3279177
3279178
3279179
3279180
3279181
3279182
3279183
3279184
3289857
3289868
3289871
3289872
3289873
3289874
3289875
3289876
3289877
3289878
3289879
3289880
3289881
3298505
3299002
3299035
3299036
3299037
3309003
3309004
3309005
3315595
3317300
3317301
3317305
3317306
3320152
3320157
3322152
3326590
3326591
3331670
3331671
3331673
3331674
3331675
3331676
3331677
3341774
3342088
3342089
3342615
3342778
3342780
3342782
3342783
3342784
3342898
3342899
3342900
3342901
3342903
3342905
3342907
3342910
3342911
3342912
3342914
3342916
3342919
3342922
3342923
3342925
3342926
3342927
3342928
3342929
3342931
3342933
3342935
3342936
3342937
3342938
3342939
3342941
3342943
3342944
3342946
3342947
3342948
3342949
3342951
3342953
3342955
3342956
3342959
3342960
3342963
3342967
3342968
3342969
3342971
3342973
3342974
3342976
3342990
3342991
3342993
3342994
3342996
3342997
3343001
3343002
3343004
3343005
3343006
3343007
3343009
3343010
3343013
3343014
3343015
3343016
3343018
3343020
3343021
3343024
3343026
3343029
3343030
3343032
3343036
3343043
3343045
3343049
3343053
3343056
3343057
3343058
3343060
3343061
3343062
3343065
3343066
3343069
3343071
3343074
3343075
3343081
3343082
3343084
3343090
3343092
3343093
3343094
3343097
3343099
3343100
3343101
3343102
3343103
3343104
3343107
3343109
3343114
3343115
3343116
3343122
3343123
3343127
3343129
3343132
3343133
3343135
3343137
3343139
3343141
3343143
3343144
3343146
3343148
3343149
3343151
3343152
3343156
3343158
3343159
3343161
3343164
3343166
3343167
3343168
3343170
3343303
3343309
3343311
3343312
3343316
3343318
3343320
3343321
3343322
3343326
3343327
3343328
3343329
3343331
3343332
3343338
3343341
3343342
3343344
3343345
3343347
3343348
3343349
3343351
3343354
3343356
3343357
3343358
3343359
3343361
3343367
3343369
3343370
3343372
3343373
3343374
3343375
3343376
3343377
3343378
3343379
3343381
3343385
3343386
3343391
3343392
3343394
3343397
3343398
3343399
3343400
3343403
3343404
3343407
3343408
3343410
3343411
3343413
3343414
3343416
3343417
3343418
3343420
3343421
3343432
3343433
3343434
3343435
3343436
3343437
3343439
3343440
3343441
3343442
3343443
3343444
3343446
3343448
3343449
3343450
3343452
3343453
3343454
3343456
3343458
3343463
3343464
3343465
3343466
3343469
3343471
3343473
3343475
3343477
3343483
3343484
3343485
3343487
3343488
3343489
3343490
3343491
3343492
3343493
3343494
3343495
3343496
3343497
3343499
3343500
3343504
3343505
3343506
3343507
3343508
3343509
3343510
3343511
3343514
3343515
3343516
3343517
3343519
3343520
3343521
3343524
3343528
3343529
3343533
3343537
3343538
3343540
3343541
3343543
3343546
3343549
3343550
3343552
3343553
3343554
3343555
3343556
3343558
3343559
3343561
3343562
3343563
3343564
3343565
3343566
3343567
3343568
3343569
3343570
3343571
3343572
3343573
3343574
3343575
3343576
3343577
3343578
3343579
3343580
3343581
3343582
3343583
3343584
3343585
3343587
3343588
3343593
3343594
3343596
3343598
3343599
3343603
3343604
3343609
3343610
3343611
3343612
3343613
3343615
3343616
3343617
3343618
3343619
3343620
3343622
3343623
3343624
3343625
3343628
3343630
3343631
3343634
3343636
3343639
3343640
3343644
3343645
3343646
3343647
3343648
3343649
3343650
3343651
3343654
3343655
3343656
3343657
3343660
3343662
3343663
3343664
3343666
3343667
3343668
3343669
3343670
3343672
3343673
3343674
3343675
3343677
3343678
3343681
3343685
3343688
3343689
3343690
3343691
3343692
3343693
3343694
3343695
3343696
3343697
3343698
3343701
3343705
3343706
3343707
3343709
3343710
3343712
3343713
3343714
3343715
3343716
3343717
3343719
3343721
3343730
3343731
3343732
3343733
3343734
3343735
3343736
3343737
3343738
3343739
3343740
3343754
3343755
3343759
3343806
3343807
3343808
3343810
3343811
3343812
3343813
3343814
3343815
3343820
3343821
3343822
3343823
3343824
3343827
3343828
3343830
3343831
3343832
3343834
3343835
3343837
3343839
3343840
3343843
3343844
3343845
3343846
3343847
3343848
3343849
3343851
3343853
3343855
3343856
3343859
3343860
3343862
3343863
3343864
3343865
3343866
3343868
3343869
3343870
3343871
3343872
3343873
3343874
3343875
3343876
3343877
3343878
3343880
3343882
3343884
3343885
3343886
3343887
3343888
3343889
3343890
3343891
3343892
3343894
3343895
3343896
3343899
3343900
3343901
3343903
3343904
3343907
3343910
3343911
3343912
3343915
3343916
3343920
3343922
3343924
3343926
3343928
3343930
3343950
3343951
3343954
3343958
3343959
3343961
3343962
3343963
3343964
3343965
3343969
3343971
3343974
3343980
3343984
3343986
3343987
3343990
3343991
3343992
3343993
3343996
3343998
3343999
3344000
3344001
3344002
3344008
3344009
3344010
3344011
3344012
3344015
3344018
3344019
3344021
3344022
3344024
3344026
3344027
3344028
3344031
3344033
3344036
3344039
3344042
3344045
3344047
3344051
3344052
3344065
3344067
3344072
3344073
3344074
3344077
3344079
3344081
3344082
3344083
3344084
3344085
3344088
3344089
3344090
3344098
3344103
3344104
3344106
3344107
3344108
3344111
3344113
3344114
3344115
3344121
3344122
3344123
3344127
3344131
3344136
3344142
3344143
3344144
3344145
3344146
3344147
3344148
3344149
3344150
3344151
3344152
3344153
3344154
3344155
3344156
3344157
3344161
3344163
3344165
3344171
3344173
3344174
3344175
3344176
3344177
3344178
3344180
3344183
3344184
3344186
3344187
3344188
3344190
3344198
3344199
3344201
3344202
3344203
3344204
3344205
3344206
3344207
3344208
3344209
3344210
3344212
3344213
3344214
3344215
3344218
3344219
3344220
3344224
3344225
3344226
3344228
3344229
3344230
3344231
3344232
3344236
3344239
3344241
3344242
3344244
3344245
3344246
3344247
3344248
3344249
3344250
3344251
3344252
3344253
3344254
3344255
3344256
3344258
3344259
3344260
3344261
3344262
3344263
3344264
3344265
3344267
3344268
3344269
3344270
3344271
3344272
3344273
3344274
3344275
3344276
3344277
3344278
3344279
3344280
3344281
3344282
3344284
3344285
3344286
3344287
3344288
3344290
3344291
3344292
3344303
3344307
3344308
3344310
3344311
3344312
3344314
3344315
3344316
3344317
3344318
3344321
3344326
3344327
3344329
3344330
3344334
3344336
3344340
3344341
3344342
3344343
3344344
3344346
3344347
3344348
3344349
3344351
3344354
3344355
3344362
3344366
3344367
3344368
3344369
3344370
3344372
3344374
3344376
3344378
3344379
3344384
3344387
3344390
3344472
3344473
3344475
3344723
3344724
3344725
3344726
3344729
3344731
3344745
3344889
3344919
3344920
3344921
3344925
3344926
3344927
3344929
3344930
3344932
3344933
3344937
3344943
3345006
3345064
3345068
3345069
3345071
3345073
3345076
3345078
3345198
3345199
3345200
3345201
3345202
3345314
3345353
3345358
3345421
3345422
3345423
3345424
3345425
3345426
3345427
3347181
3347182
3347183
3347184
3347185
3347186
3347187
3347189
3347190
3347192
3347193
3347194
3347195
3347196
3347197
3347198
3347200
3347202
3347204
3347208
3347209
3347210
3347211
3347213
3347214
3347216
3347217
3347218
3347219
3347220
3347221
3347222
3347223
3347224
3347225
3347227
3347228
3347229
3347231
3347232
3347233
3347235
3347236
3347239
3347240
3347241
3347242
3347243
3347244
3347245
3347246
3347247
3347248
3347250
3347251
3347252
3347254
3347255
3347257
3347258
3347259
3347260
3347261
3347262
3347263
3347264
3347265
3347266
3347269
3347270
3347271
3347272
3347273
3347274
3347275
3347276
3347277
3347278
3347279
3347280
3347282
3347283
3347284
3347285
3347286
3347288
3347290
3347291
3347293
3347295
3347296
3347297
3347298
3347299
3347303
3347305
3347308
3347310
3347311
3347312
3347315
3347316
3347317
3347318
3347321
3347324
3347325
3347327
3347328
3347329
3347330
3347331
3347332
3347334
3347335
3347336
3347337
3347338
3347339
3347340
3347341
3347343
3347344
3347350
3347351
3347352
3347353
3347354
3347355
3347356
3347357
3347358
3347360
3347361
3347362
3347363
3347364
3347368
3347369
3347370
3347371
3347372
3347373
3347374
3347375
3347377
3347378
3347379
3347380
3347381
3347382
3347383
3347385
3347386
3347387
3347388
3347391
3347393
3347394
3347395
3347396
3347397
3347398
3347399
3347400
3347403
3347404
3347405
3347406
3347407
3347408
3347409
3347410
3347411
3347412
3347414
3347415
3347420
3347421
3347422
3347423
3347429
3347430
3347431
3347432
3347433
3347434
3347435
3347436
3347437
3347438
3347439
3347440
3347441
3347442
3347443
3347444
3347445
3347446
3347447
3347449
3347450
3347451
3347452
3347453
3347454
3347455
3347457
3347458
3347460
3347461
3347462
3347463
3347464
3347465
3347466
3347467
3347468
3347469
3347470
3347471
3347472
3347473
3347474
3347475
3347476
3347477
3347478
3347479
3347480
3347481
3347482
3347483
3347484
3347485
3347486
3347487
3347488
3347489
3347490
3347491
3347492
3347493
3347494
3347495
3347496
3347497
3347498
3347499
3347500
3347501
3347502
3347503
3347504
3347505
3347506
3347507
3347508
3347509
3347510
3347511
3347512
3347513
3347514
3347515
3347516
3347517
3347518
3347519
3347520
3347521
3347522
3347523
3347524
3347525
3347526
3347527
3347528
3347529
3347530
3347531
3347532
3347533
3347535
3347536
3347537
3347539
3347540
3347541
3347542
3347543
3347544
3347545
3347546
3347547
3347548
3347550
3347551
3347552
3347553
3347554
3347555
3347556
3347557
3347558
3347559
3347561
3347562
3347563
3347564
3347565
3347566
3347567
3347568
3347569
3347570
3347572
3347573
3347574
3347576
3347577
3347580
3347581
3347582
3347583
3347584
3347585
3347586
3347588
3347589
3347590
3347591
3347593
3347594
3347595
3347597
3347598
3347599
3347600
3347601
3347602
3347603
3347604
3347605
3347607
3347608
3347609
3347610
3347611
3347612
3347613
3347614
3347615
3347616
3347617
3347618
3347619
3347621
3347622
3347623
3347624
3347625
3347626
3347627
3347629
3347630
3347631
3347632
3347637
3347639
3347640
3347643
3347646
3347647
3347648
3347649
3347650
3347651
3347652
3347653
3347654
3347655
3347656
3347658
3347659
3347660
3347662
3347664
3347665
3347669
3347670
3347671
3347672
3347673
3347674
3347675
3347676
3347677
3347678
3347679
3347680
3347681
3347682
3347684
3347685
3347686
3347687
3347688
3347689
3347690
3347691
3347692
3347693
3347694
3347695
3347696
3347697
3347698
3347699
3347700
3347701
3347702
3347703
3347704
3347705
3347707
3347708
3347709
3347712
3347713
3347714
3347715
3347716
3347717
3347718
3347719
3347720
3347721
3347722
3347723
3347724
3347725
3347726
3347727
3347728
3347729
3347730
3347731
3347732
3347734
3347735
3347736
3347737
3347738
3347739
3347740
3347741
3347742
3347743
3347744
3347745
3347746
3347747
3347748
3347749
3347750
3347757
3347758
3347759
3347760
3347761
3347762
3347763
3347764
3347765
3347767
3347768
3347769
3347770
3347771
3347772
3347773
3347774
3347776
3347777
3347778
3347779
3347780
3347781
3347782
3347783
3347784
3347785
3347786
3347787
3347788
3347789
3347790
3347791
3347792
3347793
3347794
3347796
3347797
3347798
3347801
3347802
3347803
3347804
3347805
3347806
3347807
3347809
3347810
3347811
3347812
3347813
3347814
3347815
3347816
3347817
3347818
3347819
3347820
3347821
3347822
3347823
3347824
3347825
3347826
3347827
3347828
3347829
3347831
3347834
3347835
3347836
3347837
3347838
3347839
3347841
3347842
3347843
3347844
3347845
3347846
3347847
3347848
3347849
3347850
3347851
3347852
3347853
3347854
3347855
3347856
3347858
3347859
3347860
3347862
3347863
3347864
3347865
3347867
3347868
3347869
3347870
3347871
3347872
3347873
3347874
3347875
3347876
3347877
3347878
3347879
3347880
3347881
3347882
3347883
3347884
3347885
3347886
3347887
3347888
3347889
3347890
3347891
3347893
3347894
3347895
3347896
3347897
3347898
3347900
3347901
3347902
3347903
3347904
3347905
3347906
3347907
3347908
3347909
3347910
3347911
3347912
3347913
3347915
3347916
3347917
3347919
3347920
3347922
3347923
3347924
3347925
3347926
3347927
3347928
3347930
3347932
3347933
3347934
3347935
3347936
3347937
3347939
3347940
3347941
3347942
3347943
3347944
3347946
3347947
3347948
3347950
3347951
3347952
3347953
3347955
3347956
3347957
3347958
3347959
3347960
3347962
3347963
3347964
3347965
3347966
3347967
3347968
3347969
3347970
3347971
3347972
3347973
3347974
3347975
3347976
3347977
3347978
3347979
3347980
3347981
3347982
3347983
3347984
3347985
3347986
3347987
3347988
3347989
3347990
3347991
3347992
3347993
3347994
3347995
3347996
3347997
3347998
3348000
3348002
3348003
3348004
3348005
3348007
3348008
3348009
3348010
3348012
3348014
3348015
3348018
3348019
3348021
3348022
3348023
3348024
3348025
3348028
3348029
3348030
3348031
3348032
3348033
3348034
3348036
3348038
3348039
3348040
3348045
3348046
3348047
3348049
3348050
3348051
3348052
3348053
3348054
3348055
3348057
3348058
3348059
3348060
3348061
3348062
3348066
3348067
3348068
3348070
3348072
3348075
3348076
3348077
3348078
3348080
3348083
3348084
3348087
3348088
3348090
3348091
3348092
3348093
3348095
3348096
3348097
3348099
3348100
3348102
3348103
3348104
3348105
3348106
3348107
3348108
3348109
3348110
3348113
3348114
3348115
3348116
3348117
3348118
3348119
3348120
3348121
3348122
3348123
3348124
3348125
3348126
3348127
3348128
3348129
3348130
3348131
3348133
3348134
3348135
3348136
3348137
3348138
3348139
3348140
3348141
3348142
3348143
3348144
3348146
3348147
3348148
3348149
3348150
3348151
3348152
3348153
3348154
3348155
3348156
3348157
3348158
3348159
3348160
3348161
3348162
3348163
3348164
3348165
3348166
3348167
3348168
3348169
3348170
3348171
3348172
3348174
3348175
3348347
3348348
3348349
3348351
3348352
3348354
3348355
3348357
3348361
3348362
3348364
3348365
3348374
3348375
3348376
3348404
3348405
3348409
3348411
3348412
3348414
3348415
3348416
3348417
3348418
3348419
3348420
3348421
3348422
3348423
3348424
3348425
3348426
3348427
3348428
3348429
3348430
3348431
3348432
3348433
3348434
3348435
3348436
3348437
3348438
3348439
3348440
3348441
3348442
3348443
3348444
3348445
3348446
3348447
3348448
3348449
3348450
3348451
3348452
3348453
3348454
3348455
3348456
3348457
3348458
3348460
3348461
3348462
3348463
3348464
3348465
3348466
3348467
3348468
3348470
3348471
3348472
3348476
3348478
3348480
3348481
3348482
3348483
3348484
3348485
3348486
3348487
3348488
3348489
3348490
3348491
3348493
3348494
3348495
3348496
3348497
3348498
3348499
3348500
3348501
3348502
3348503
3348504
3348505
3348506
3348507
3348508
3348509
3348510
3348512
3348513
3348514
3348515
3348516
3348517
3348518
3348519
3348520
3348522
3348523
3348524
3348525
3348526
3348528
3348529
3348530
3348531
3348532
3348533
3348534
3348535
3348536
3348537
3348538
3348540
3348541
3348542
3348543
3348544
3348545
3348546
3348548
3348549
3348550
3348551
3348552
3348553
3348554
3348555
3348556
3348557
3348559
3348561
3348562
3348565
3348566
3348567
3348568
3348570
3348572
3348573
3348575
3348576
3348577
3348578
3348579
3348580
3348583
3348585
3348586
3348587
3348589
3348590
3348591
3348594
3348595
3348596
3348597
3348598
3348600
3348603
3348604
3348605
3348606
3348608
3348609
3348610
3348613
3348614
3348617
3348619
3348620
3348621
3348623
3348624
3348625
3348627
3348628
3348629
3348630
3348631
3348633
3348634
3348635
3348636
3348637
3348638
3348639
3348640
3348642
3348643
3348644
3348646
3348647
3348648
3348649
3348650
3348651
3348652
3348653
3348655
3348656
3348657
3348658
3348659
3348661
3348662
3348663
3348665
3348666
3348668
3348669
3348675
3348676
3348678
3348679
3348680
3348681
3348682
3348683
3348684
3348685
3348689
3348691
3348692
3348693
3348694
3348695
3348697
3348698
3348699
3348700
3348701
3348702
3348703
3348706
3348707
3348709
3348711
3348712
3348713
3348714
3348717
3348718
3348721
3348723
3348725
3348727
3348728
3348731
3348732
3348734
3348736
3348737
3348738
3348739
3348740
3348741
3348742
3348743
3348744
3348745
3348747
3348748
3348749
3348750
3348752
3348753
3348755
3348756
3348758
3348759
3348760
3348761
3348762
3348763
3348764
3348766
3348767
3348768
3348769
3348770
3348771
3348772
3348774
3348775
3348776
3348777
3348778
3348779
3348780
3348781
3348782
3348783
3348784
3348785
3348786
3348787
3348788
3348789
3348790
3348791
3348793
3348795
3348797
3348798
3348801
3348804
3348805
3348806
3348807
3348808
3348809
3348810
3348811
3348812
3348813
3348815
3348816
3348817
3348818
3348819
3348820
3348822
3348823
3348824
3348826
3348827
3348828
3348831
3348832
3348835
3348837
3348839
3348840
3348844
3348846
3348847
3348848
3348851
3348852
3348853
3348854
3348857
3348859
3348860
3348861
3348863
3348864
3348865
3348866
3348867
3348868
3348869
3348870
3348871
3348873
3348874
3348875
3348876
3348878
3348879
3348880
3348881
3348882
3348883
3348884
3348885
3348886
3348889
3348891
3348892
3348894
3348896
3348897
3348898
3348900
3348901
3348928
3348929
3348931
3348932
3348934
3348935
3348936
3348938
3348940
3348941
3348942
3348943
3348944
3348945
3348946
3348947
3348948
3348949
3348950
3348951
3348952
3348953
3348955
3348956
3348957
3348959
3348960
3348961
3348962
3348963
3348965
3348966
3348967
3348968
3348969
3348970
3348971
3348972
3348973
3348974
3348975
3348976
3348977
3348979
3348981
3348982
3348983
3348984
3348985
3348987
3348988
3348989
3348990
3348991
3348993
3348994
3348997
3348998
3349000
3349001
3349002
3349003
3349004
3349005
3349006
3349007
3349008
3349011
3349012
3349013
3349014
3349015
3349017
3349018
3349021
3349024
3349025
3349026
3349027
3349028
3349029
3349030
3349032
3349033
3349034
3349035
3349036
3349038
3349039
3349040
3349041
3349042
3349043
3349044
3349045
3349048
3349049
3349050
3349052
3349053
3349054
3349055
3349056
3349057
3349058
3349059
3349060
3349063
3349064
3349065
3349067
3349068
3349076
3349077
3349078
3349079
3349081
3349083
3349084
3349085
3349086
3349087
3349089
3349090
3349091
3349099
3349101
3349102
3349103
3349104
3349105
3349106
3349107
3349168
3349185
3349224
3349226
3349228
3349238
3349239
3349240
3349241
3349242
3349243
3349245
3349247
3349248
3349249
3349250
3349251
3349252
3349253
3349254
3349255
3349256
3349257
3349258
3349259
3349260
3349261
3349263
3349264
3349265
3349266
3349267
3349268
3349269
3349271
3349272
3349273
3349274
3349275
3349276
3349277
3349279
3349280
3349281
3349282
3349288
3349300
3349301
3349302
3349304
3349305
3349310
3349311
3349312
3349313
3349314
3349354
3349359
3349362
3349365
3349435
3349436
3349437
3349438
3349440
3349441
3349442
3349443
3349445
3349446
3349447
3349448
3349449
3349450
3349451
3349452
3349453
3349454
3349455
3349456
3349457
3349458
3349459
3349460
3349461
3349462
3349463
3349464
3349465
3349466
3349467
3349468
3349469
3349476
3349640
3349641
3349642
3349643
3349783
3349799
3349802
3349807
3349808
3349809
3349909
3349990
3350102
3350120
3350132
3350133
3350135
3350136
3350138
3350144
3350192
3350200
3350209
3350239
3350240
3350327
3350332
3350539
3350564
3350565
3350566
3350578
3350980
3351098
3351099
3351115
3351434
3351437
3351442
3351445
3351446
3351447
3366332
3366563
3366564
3366565
3366567
3366611
3366613
3366621
3366622
3366623
3366628
3366629
3366630
3366631
3366632
3366634
3366635
3366636
3366637
3366639
3366640
3366656
3366657
3366658
3366659
3366660
3366661
3366662
3366663
3366665
3366668
3366957
3366997
3366998
3367306
3367373
3367395
3367396
3367540
3367547
3367557
3367558
3367560
3367562
3367563
3367565
3367566
3367731
3367764
3367765
3367771
3367772
3367773
3367788
3367789
3367790
3367791
3367792
3367793
3367810
3367811
3367812
3367813
3367814
3367815
3367816
3367818
3367820
3367821
3367822
3367823
3367824
3367826
3367828
3367829
3367830
3367831
3367832
3367835
3367838
3367839
3367840
3367841
3367842
3367843
3367844
3367845
3367846
3367848
3367849
3367850
3367851
3367853
3367854
3367855
3367856
3367860
3367861
3367862
3367863
3367864
3367865
3367867
3367868
3367871
3367872
3367874
3367875
3367876
3367877
3367879
3367880
3367881
3367883
3367884
3367885
3367887
3367888
3367889
3367890
3367892
3367893
3367895
3367896
3367899
3367900
3367901
3367902
3367903
3367906
3367907
3367908
3367909
3367910
3367912
3367913
3367915
3367917
3367920
3367921
3367923
3367924
3367925
3367926
3367927
3367928
3367929
3367930
3367931
3367932
3367933
3367934
3367936
3367937
3367938
3367940
3367941
3367944
3367945
3367947
3367948
3367949
3367950
3367951
3367952
3367953
3367955
3367956
3367957
3367958
3367960
3367964
3367965
3367966
3367967
3367968
3367969
3367970
3367971
3367972
3367973
3367974
3367976
3367978
3367979
3367980
3367981
3367984
3367985
3367987
3367988
3367990
3367991
3367992
3367993
3367994
3367995
3367997
3367998
3367999
3368000
3368001
3368002
3368003
3368004
3368005
3368006
3368007
3368008
3368009
3368011
3368012
3368013
3368014
3368015
3368016
3368017
3368018
3368019
3368021
3368022
3368023
3368025
3368028
3368029
3368030
3368031
3368032
3368035
3368036
3368037
3368038
3368039
3368040
3368046
3368047
3368049
3368050
3368051
3368053
3368054
3368055
3368056
3368057
3368058
3368059
3368060
3368061
3368062
3368063
3368065
3368066
3368067
3368068
3368069
3368070
3368071
3368073
3368075
3368077
3368079
3368081
3368083
3368084
3368085
3368086
3368087
3368088
3368089
3368090
3368091
3368094
3368095
3368096
3368097
3368098
3368099
3368103
3368104
3368105
3368106
3368107
3368108
3368109
3368110
3368111
3368112
3368113
3368114
3368116
3368117
3368118
3368119
3368120
3368121
3368122
3368123
3368124
3368125
3368126
3368127
3368128
3368129
3368130
3368133
3368134
3368135
3368136
3368137
3368138
3368139
3368140
3368141
3368142
3368143
3368144
3368145
3368146
3368147
3368148
3368149
3368150
3368151
3368152
3368153
3368154
3368155
3368156
3368157
3368158
3368159
3368160
3368161
3368162
3368163
3368164
3368165
3368167
3368168
3368169
3368170
3368171
3368172
3368173
3368174
3368175
3368176
3368177
3368178
3368179
3368180
3368181
3368183
3368184
3368185
3368186
3368187
3368188
3368189
3368190
3368191
3368192
3368193
3368194
3368195
3368196
3368197
3368198
3368199
3368201
3368202
3368203
3368204
3368205
3368206
3368207
3368208
3368210
3368211
3368212
3368213
3368214
3368216
3368219
3368220
3368221
3368222
3368223
3368224
3368225
3368226
3368227
3368228
3368229
3368230
3368232
3368233
3368234
3368235
3368236
3368237
3368238
3368240
3368242
3368243
3368244
3368245
3368246
3368247
3368248
3368249
3368250
3368251
3368252
3368253
3368254
3368255
3368256
3368257
3368258
3368259
3368260
3368261
3368262
3368263
3368264
3368265
3368266
3368267
3368268
3368269
3368270
3368271
3368272
3368273
3368274
3368275
3368276
3368277
3368278
3368279
3368280
3368281
3368282
3368283
3368284
3368285
3368286
3368287
3368288
3368289
3368290
3368291
3368292
3368293
3368294
3368295
3368296
3368298
3368299
3368300
3368301
3368302
3368303
3368305
3368306
3368307
3368308
3368309
3368310
3368311
3368312
3368313
3368314
3368315
3368316
3368317
3368320
3368322
3368323
3368325
3368326
3368328
3368329
3368331
3368332
3368333
3368334
3368335
3368336
3368337
3368339
3368340
3368342
3368343
3368344
3368345
3368346
3368349
3368350
3368351
3368352
3368353
3368354
3368355
3368356
3368357
3368358
3368359
3368360
3368361
3368362
3368364
3368365
3368366
3368367
3368368
3368369
3368370
3368372
3368373
3368374
3368375
3368376
3368377
3368378
3368379
3368380
3368381
3368382
3368383
3368384
3368385
3368386
3368387
3368388
3368389
3368390
3368391
3368392
3368393
3368394
3368395
3368396
3368397
3368399
3368400
3368401
3368402
3368403
3368405
3368406
3368407
3368408
3368409
3368410
3368411
3368412
3368413
3368414
3368417
3368418
3368419
3368420
3368421
3368422
3368423
3368425
3368491
3368492
3368493
3368494
3368495
3368496
3368497
3368642
3369136
3369137
3369148
3369150
3369151
3369152
3369203
3369487
3369591
3369593
3369597
3369619
3369620
3369621
3369628
3369629
3371239
3371240
3371242
3371243
3371244
3371245
3371246
3371248
3371249
3371250
3371251
3371252
3371253
3371254
3371255
3371256
3371258
3371261
3371262
3371263
3371265
3371267
3371268
3371269
3371270
3371271
3371273
3371275
3371276
3371277
3371278
3371279
3371280
3371282
3371283
3371284
3371285
3371287
3371288
3371290
3371291
3371292
3371294
3371296
3371297
3371298
3372873
3372914
3372916
3372919
3372921
3372922
3372923
3372924
3372925
3372926
3372927
3372928
3373008
3373393
3373398
3373405
3373480
3373484
3373641
3373666
3373667
3373739
3373936
3373939
3374113
3374114
3374116
3374119
3374123
3374124
3374125
3374126
3374127
3374129
3374130
3374131
3374132
3374133
3374244
3374245
3374284
3374285
3374286
3374373
3374577
3374579
3374687
3374688
3374689
3374725
3374726
3374727
3374738
3374742
3374743
3374749
3374761
3374763
3374901
3374908
3374910
3374911
3374930
3374934
3374937
3374938
3374948
3374949
3374950
3374951
3374952
3374953
3374954
3374955
3374957
3374958
3374959
3374960
3374961
3374962
3374963
3374965
3374968
3374969
3374970
3374971
3374972
3374974
3374976
3374977
3374978
3374979
3374980
3374981
3374982
3374983
3374984
3374985
3374986
3374987
3374988
3374989
3374990
3374992
3374993
3374994
3374995
3374996
3374997
3374998
3374999
3375000
3375001
3375002
3375003
3375004
3375005
3375006
3375007
3375008
3375009
3375010
3375011
3375012
3375013
3375014
3375015
3375016
3375017
3375018
3375019
3375452
3375710
3375711
3375764
3375765
3375766
3375767
3375900
3375901
3375903
3375904
3375905
3375906
3375969
3375970
3375972
3375973
3375974
3375997
3376316
3376325
3376326
3376328
3376329
3376332
3376333
3376334
3376335
3376336
3376337
3376339
3376340
3376341
3376344
3376345
3376346
3376348
3376349
3376350
3376351
3376354
3376355
3376357
3376358
3376359
3376360
3376361
3376364
3376365
3376366
3376367
3376368
3376369
3376370
3376371
3376372
3376373
3376374
3376375
3376376
3376379
3376380
3376381
3376382
3376383
3376384
3376385
3376386
3376387
3376388
3376389
3376390
3376391
3376392
3376394
3376395
3376396
3376397
3376399
3376400
3376402
3376403
3376404
3376407
3376408
3376410
3376411
3376412
3376414
3376415
3376417
3376418
3376420
3376421
3376422
3376423
3376424
3376425
3376426
3376428
3376429
3376431
3376434
3376438
3376439
3376442
3376443
3376444
3376446
3376448
3376449
3376450
3376451
3376453
3376454
3376456
3376458
3376459
3376460
3376462
3376463
3376467
3376469
3376470
3376471
3376472
3376473
3376474
3376476
3376477
3376478
3376479
3376480
3376481
3376482
3376483
3376484
3376485
3376486
3376487
3376488
3376489
3376490
3376491
3376493
3376494
3376495
3376496
3376497
3376498
3376499
3376500
3376501
3376502
3376504
3376505
3376506
3376507
3376508
3376509
3376510
3376511
3376512
3376513
3376514
3376515
3376516
3376517
3376518
3376519
3376520
3376521
3376522
3376523
3376524
3376525
3376526
3376527
3376528
3376529
3376530
3376531
3376532
3376533
3376534
3376535
3376536
3376537
3376538
3376540
3376541
3376542
3376543
3376544
3376545
3376546
3376547
3376548
3376549
3376550
3376551
3376552
3376553
3376554
3376555
3376556
3376557
3376559
3376561
3376562
3376563
3376564
3376565
3376566
3376567
3376568
3376569
3376570
3376571
3376572
3376574
3376577
3376578
3376580
3376581
3376582
3376584
3376586
3376587
3376588
3376589
3376590
3376591
3376592
3376593
3376594
3376595
3376596
3376597
3376598
3376599
3376600
3376601
3376603
3376604
3376606
3376607
3376608
3376612
3376699
3376760
3376761
3376889
3376935
3376961
3377088
3377089
3377109
3377119
3377174
3377234
3377338
3377341
3377346
3377347
3377348
3377349
3377350
3377351
3377353
3377357
3377358
3377360
3377396
3377419
3377420
3377594
3377597
3377601
3377605
3377606
3377755
3377756
3377757
3377758
3377759
3377760
3377761
3377762
3377763
3377764
3377765
3377766
3377767
3377770
3377827
3377828
3377829
3377830
3377867
3377868
3377869
3377935
3377936
3377937
3377941
3377942
3377947
3377951
3377956
3377957
3377958
3377959
3377985
3377990
3377992
3377994
3378022
3378093
3378094
3378197
3378198
3378199
3378200
3378211
3378289
3378290
3378293
3378294
3378295
3378296
3378297
3378324
3378326
3378334
3378335
3378338
3378339
3378340
3378341
3378342
3378350
3378351
3378352
3378353
3378357
3378358
3378359
3378361
3378362
3378363
3378364
3378365
3378366
3378367
3378368
3378369
3378370
3378371
3378372
3378373
3378374
3378375
3378590
3378591
3378592
3378593
3378594
3378595
3378598
3378599
3379141
3379845
3380443
3380462
3380469
3380796
3380797
3380798
3381422
3381423
3381477
3381478
3381479
3381480
3381481
3381482
3381483
3381484
3381485
3381486
3381487
3381488
3381489
3381490
3381491
3381492
3381493
3381494
3381495
3381496
3381499
3381500
3381501
3381537
3381780
3381781
3381782
3381912
3381913
3382113
3382195
3382196
3382523
3382652
3382660
3382815
3382838
3382839
3382841
3382842
3382848
3382850
3382851
3382854
3382855
3382858
3382862
3382866
3382877
3382880
3382881
3382888
3382889
3382893
3382963
3383182
3383184
3383186
3383188
3383190
3383191
3383217
3383484
3383507
3384030
3384031
3384106
3384107
3384108
3384113
3384121
3384127
3384147
3384153
3384155
3384265
3384267
3384488
3384638
3384641
3384655
3384656
3384657
3384658
3384659
3384676
3384732
3384733
3384750
3384769
3384770
3384774
3384775
3384776
3384777
3384820
3384822
3384823
3384824
3384835
3384839
3384840
3384841
3384869
3384870
3384871
3384872
3384873
3384874
3384875
3384876
3384877
3384911
3384912
3384914
3384915
3384917
3384930
3384961
3384962
3384964
3384966
3384969
3384973
3384974
3384977
3384979
3384996
3384998
3385009
3385010
3385012
3385013
3385015
3385019
3385020
3385022
3385023
3385024
3385026
3385039
3385040
3385041
3385042
3385044
3385045
3385047
3385048
3385174
3385175
3385181
3385185
3385186
3385187
3385188
3385190
3385191
3385192
3385193
3385194
3385195
3385196
3385207
3385208
3385210
3385211
3385212
3385213
3385214
3385215
3385216
3385217
3385218
3385219
3385220
3385221
3385222
3385223
3385225
3385226
3385227
3385228
3385229
3385230
3385231
3385232
3385233
3385234
3385235
3385236
3385237
3385238
3385239
3385240
3385241
3385242
3385243
3385244
3385245
3385246
3385247
3385248
3385249
3385250
3385251
3385252
3385253
3385254
3385255
3385256
3385257
3385258
3385264
3385267
3385271
3385290
3385293
3385295
3385299
3385300
3385301
3385304
3385305
3385306
3385307
3385310
3385311
3385312
3385313
3385314
3385315
3385316
3385317
3385318
3385319
3385326
3385327
3385328
3385329
3385330
3385331
3385334
3385336
3385338
3385339
3385346
3385347
3385348
3385349
3385350
3385356
3385362
3385364
3385369
3385370
3385546
3386024
3386026
3386028
3386030
3386032
3386054
3386055
3386056
3386057
3386058
3386072
3386078
3386079
3386081
3386086
3386087
3386088
3386091
3386098
3386099
3386100
3386105
3386108
3386111
3386112
3386113
3386122
3386131
3386133
3386135
3386136
3386139
3386145
3386150
3386152
3386157
3386158
3386169
3386170
3386171
3386172
3386173
3386189
3386190
3386193
3386214
3386300
3386301
3386302
3386304
3386305
3386311
3386312
3386313
3386315
3386316
3386317
3386318
3386332
3386333
3386826
3386846
3386912
3386913
3387281
3387283
3387285
3387389
3387390
3387391
3387392
3387393
3387396
3387409
3387410
3387411
3387413
3387415
3387541
3387542
3387543
3387545
3387546
3387547
3387548
3387549
3387697
3388307
3388309
3388310
3388311
3388329
3388331
3388350
3388351
3388352
3388405
3388480
3388483
3388484
3388565
3388584
3388585
3388586
3388587
3388589
3388590
3388591
3388592
3388594
3388596
3388597
3388598
3388599
3388600
3388601
3388603
3388605
3388606
3388610
3388611
3388612
3388738
3388739
3389739
3389871
3389922
3389923
3389924
3389925
3389927
3389928
3389929
3389930
3389938
3389939
3389942
3389943
3389951
3389962
3389963
3389964
3389966
3389967
3390221
3390247
3390259
3390261
3390365
3390366
3390384
3390387
3390388
3390389
3390390
3390391
3390392
3390394
3390395
3390396
3390397
3390399
3390400
3390401
3390402
3390403
3390404
3390495
3390496
3390731
3390732
3390766
3390820
3390826
3390827
3390828
3390838
3390845
3390846
3390848
3390897
3390903
3390904
3390905
3390906
3390993
3391120
3391148
3391471
3391521
3391565
3391566
3391567
3391616
3391617
3391704
3391707
3391820
3392046
3392083
3392206
3393335
3393336
3393471
3393502
3393503
3393506
3393516
3393517
3393935
3393991
3394183
3394184
3394211
3394247
3394248
3394249
3394250
3394602
3394618
3394619
3394620
3394621
3394622
3394623
3394624
3394625
3394640
3394642
3394651
3394917
3394923
3394933
3395268
3395328
3395329
3395330
3395497
3395519
3395899
3396144
3396145
3396151
3396154
3396453
3396465
3396467
3396470
3396564
3396872
3396873
3396921
3396985
3397031
3397037
3397181
3397182
3397502
3397659
3397771
3397798
3397799
3397823
3398194
3398201
3398202
3398389
3398390
3398396
3398403
3398404
3398405
3398406
3398407
3398408
3398410
3398411
3398412
3398413
3398414
3398415
3398416
3398417
3398418
3398419
3398420
3398421
3398422
3398423
3398424
3398425
3398426
3398427
3398428
3398429
3398430
3398431
3398432
3398433
3398434
3398435
3398436
3398437
3398438
3398439
3398618
3398634
3398638
3398639
3398640
3398641
3398645
3398646
3398647
3398648
3398649
3398650
3398651
3398652
3398653
3398654
3398655
3398656
3398657
3398658
3398659
3398660
3398661
3398663
3398664
3398665
3398666
3398668
3398711
3398731
3398822
3398825
3398827
3398828
3398829
3398830
3398832
3399153
3399154
3399155
3399159
3399165
3399167
3399168
3399170
3399171
3399175
3399484
3399485
3399576
3399594
3399595
3399608
3399616
3399662
3399664
3399667
3399668
3399671
3399672
3399673
3399693
3399694
3399695
3399696
3399697
3399699
3399700
3399701
3399702
3399703
3399704
3399706
3399707
3399708
3399709
3399710
3399711
3399712
3399713
3399715
3399716
3399717
3399718
3399719
3399720
3399721
3399722
3399723
3399724
3399725
3399726
3399727
3399728
3399729
3399730
3399731
3399732
3399733
3399734
3399735
3399736
3399737
3399738
3399739
3399740
3399741
3399780
3399781
3399782
3399783
3399784
3399786
3399789
3399790
3399802
3399803
3399804
3400136
3400137
3400155
3400156
3400157
3400160
3400161
3400168
3400169
3400172
3400173
3400174
3400245
3400247
3400317
3400320
3400321
3400413
3400613
3400614
3400616
3400617
3400661
3400662
3400663
3400667
3400668
3400672
3400811
3400824
3400886
3400887
3400888
3400889
3400891
3400895
3400896
3400897
3400926
3400927
3400932
3400944
3400948
3400951
3400952
3401029
3401035
3401036
3401037
3401039
3401043
3401073
3401079
3401080
3401091
3401100
3401101
3401102
3401103
3401104
3401105
3401106
3401107
3401108
3401109
3401119
3401163
3401169
3401225
3401601
3401637
3401639
3401640
3401910
3401912
3401961
3401996
3402096
3402118
3402121
3402122
3402141
3402185
3402189
3402310
3402313
3402314
3402315
3402316
3402317
3402318
3402319
3402320
3402321
3402322
3402323
3402324
3402325
3402326
3402327
3402328
3402329
3402330
3402331
3402332
3402333
3402334
3402335
3402336
3402337
3402338
3402339
3402340
3402341
3402342
3402343
3402344
3402345
3402346
3402347
3402348
3402349
3402350
3402351
3402352
3402353
3402354
3402356
3402359
3402360
3402361
3402362
3402363
3402364
3402365
3402366
3402367
3402368
3402369
3402370
3402623
3402711
3402737
3402744
3402753
3402982
3402986
3403036
3403037
3403038
3403050
3403051
3403052
3403058
3403059
3403061
3403111
3403122
3403148
3403182
3403316
3403317
3403321
3403323
3403325
3403328
3403337
3403339
3403341
3403344
3403346
3403348
3403352
3403353
3403354
3403355
3403356
3403357
3403358
3403360
3403362
3403365
3403366
3403367
3403368
3403373
3403374
3403376
3403377
3403380
3403381
3403384
3403385
3403386
3403388
3403389
3403391
3403393
3403398
3403399
3403400
3403401
3403402
3403433
3403434
3403435
3403442
3403443
3403444
3403470
3403471
3403484
3403488
3403489
3403493
3403494
3403495
3403498
3403499
3403500
3403501
3403502
3403510
3403511
3403512
3403513
3403514
3403515
3403516
3403517
3403518
3403519
3403520
3403521
3403522
3403523
3403524
3403525
3403526
3403527
3403528
3403529
3403530
3403531
3403532
3403533
3403534
3403535
3403536
3403537
3403538
3403539
3403540
3403542
3403543
3403544
3403545
3403546
3403547
3403548
3403549
3403550
3403551
3403562
3403568
3403572
3403575
3403660
3403661
3403662
3403682
3403683
3403684
3403685
3403686
3403687
3403688
3404140
3404141
3404143
3404144
3404147
3404148
3404513
3404699
3404827
3404828
3404831
3404953
3404966
3404969
3404970
3404971
3404974
3405092
3405093
3405094
3405095
3405096
3405097
3405098
3405099
3405100
3405101
3405102
3405103
3405104
3405105
3405106
3405107
3405109
3405110
3405463
3406417
3406585
3406595
3406631
3406649
3407641
3407642
3408556
3408568
3408571
3409718
3409755
3409855
3409856
3409901
3409902
3410102
3410108
3410110
3410870
3410872
3410910
3410912
3410929
3410944
3410945
3410946
3410948
3410951
3410958
3410959
3410970
3410972
3411021
3411022
3411023
3411026
3411027
3411032
3411149
3411150
3411151
3411232
3411239
3411240
3411243
3411245
3411246
3411247
3411248
3411249
3411250
3411252
3411254
3411255
3411257
3411260
3411264
3411269
3411273
3411275
3411315
3411316
3411317
3411318
3411319
3411548
3411653
3411655
3411656
3411657
3411658
3411688
3411754
3411806
3411807
3411808
3411809
3411810
3411814
3411815
3411828
3411829
3411830
3411838
3411839
3411842
3411843
3411844
3411886
3411927
3411929
3411939
3411940
3411941
3411952
3411979
3411980
3411981
3411982
3412304
3412320
3412427
3412435
3412437
3412444
3412525
3412527
3412528
3412532
3412533
3412536
3412574
3412606
3412607
3412608
3412613
3412679
3412694
3412721
3412726
3412729
3412730
3412731
3412779
3412804
3412806
3412811
3412850
3412862
3412880
3412890
3412904
3412905
3412906
3412909
3412911
3412933
3412934
3412935
3412936
3412942
3412947
3412951
3412952
3412954
3412956
3412959
3412960
3412962
3412963
3412966
3412972
3412973
3412984
3413015
3413138
3413141
3413142
3413145
3413151
3413152
3413206
3413207
3413208
3413209
3413222
3413224
3413225
3413226
3413227
3413228
3413229
3413495
3413496
3413498
3413923
3413927
3413930
3413985
3414160
3414161
3414168
3414225
3414226
3414227
3414232
3414235
3414236
3414262
3414531
3414532
3414533
3414534
3414535
3414536
3414537
3414543
3414544
3414660
3414682
3414721
3414722
3414723
3414724
3414725
3414726
3414848
3414884
3414887
3414921
3414927
3414930
3415261
3415262
3415509
3415512
3415513
3415608
3415609
3415610
3415611
3415612
3415613
3415622
3415625
3415626
3415627
3415628
3415633
3415646
3415712
3415713
3415714
3415719
3415720
3415721
3415727
3415728
3415737
3415738
3415739
3415740
3415745
3415975
3415977
3416015
3416016
3416019
3416020
3416021
3416397
3416398
3416399
3416405
3416465
3416466
3416467
3416468
3416472
3416476
3416483
3416486
3416488
3416494
3416499
3416559
3416566
3416569
3416570
3416601
3416602
3416833
3416834
3416932
3416985
3416988
3417000
3417001
3417002
3417009
3417014
3417015
3417017
3417018
3417019
3417223
3417224
3417225
3417226
3417455
3417563
3417627
3417667
3417668
3417738
3417910
3417972
3418187
3418232
3418254
3418341
3418342
3418343
3418344
3418345
3418380
3418381
3418382
3418383
3418509
3418510
3418604
3418615
3418645
3418646
3418647
3418648
3418649
3418650
3418651
3418652
3418653
3418654
3418805
3418806
3418866
3418999
3419000
3419001
3419042
3419777
3419803
3420096
3420192
3420195
3420196
3420198
3420199
3420447
3420448
3420449
3420450
3420451
3420452
3420529
3420539
3420540
3420541
3420543
3420544
3420634
3420803
3420841
3420843
3420845
3420846
3420848
3420849
3420850
3420851
3420852
3420914
3420915
3420960
3420961
3420962
3420965
3420967
3420974
3421139
3421140
3421141
3421142
3421143
3421144
3421145
3421146
3421147
3421148
3421149
3421150
3421151
3421152
3421154
3421155
3421185
3421322
3421660
3421738
3421739
3421740
3421746
3421863
3422009
3422298
3423285
3423310
3423436
3423633
3423634
3423635
3423636
3423637
3423638
3423639
3423640
3423641
3423642
3423644
3423645
3423646
3423647
3423648
3424005
3424015
3424136
3424137
3424297
3424305
3424587
3424590
3424629
3424630
3424631
3424633
3424634
3424635
3424638
3424639
3424640
3424641
3424643
3424644
3424648
3424650
3424652
3424654
3424656
3424658
3424659
3424662
3424664
3424665
3424666
3424668
3424669
3424673
3424678
3424679
3424680
3424681
3424736
3424737
3424738
3424742
3424745
3424746
3424749
3424752
3424753
3424850
3424855
3424860
3424861
3424862
3424863
3424864
3424865
3424870
3424871
3424888
3424889
3424890
3424891
3424892
3424893
3424894
3424895
3424897
3424898
3424899
3424900
3424901
3424902
3424903
3424904
3424905
3424906
3424907
3424908
3424909
3424910
3424911
3424912
3424913
3424914
3424915
3424916
3424917
3424918
3424919
3424920
3424921
3424922
3424923
3424927
3424928
3424929
3424930
3424931
3424932
3424933
3424934
3424935
3424936
3424937
3424938
3424939
3424940
3424943
3424944
3424945
3424946
3424947
3424949
3424950
3424951
3424952
3424953
3424954
3424955
3424956
3424958
3424959
3424960
3424961
3424963
3424964
3424965
3424966
3424967
3424969
3424970
3424973
3424974
3424975
3424976
3424979
3424983
3424986
3424987
3424989
3424990
3424991
3424992
3424993
3424994
3424995
3424996
3424997
3424998
3424999
3425000
3425001
3425002
3425003
3425004
3425005
3425006
3425007
3425008
3425009
3425010
3425011
3425012
3425013
3425014
3425015
3425016
3425017
3425018
3425019
3425020
3425021
3425029
3425030
3425031
3425033
3425034
3425035
3425036
3425038
3425039
3425042
3425047
3425048
3425051
3425052
3425053
3425054
3425056
3425058
3425059
3425060
3425061
3425062
3425064
3425065
3425068
3425069
3425070
3425071
3425072
3425073
3425074
3425075
3425076
3425077
3425078
3425080
3425081
3425082
3425084
3425086
3425087
3425088
3425092
3425093
3425094
3425095
3425096
3425105
3425106
3425108
3425109
3425110
3425111
3425117
3425169
3425670
3425671
3425673
3425674
3425675
3425676
3425677
3425681
3425682
3425683
3425684
3425697
3425732
3425736
3425737
3425738
3425739
3425740
3425741
3425742
3425743
3425744
3425745
3425746
3425748
3425749
3425750
3425751
3425752
3425753
3425754
3425755
3425756
3425757
3425758
3425759
3425760
3425761
3425762
3425763
3425764
3425765
3425766
3425767
3425768
3425769
3425825
3425826
3425839
3425875
3425907
3425908
3425910
3425911
3425912
3425913
3425914
3425915
3425965
3425966
3425969
3425971
3425972
3425973
3425976
3425977
3425978
3425979
3425982
3425984
3425985
3425986
3425988
3425989
3425990
3425994
3425996
3425997
3425999
3426000
3426001
3426003
3426004
3426005
3426071
3426085
3426086
3426088
3426090
3426091
3426092
3426093
3426094
3426095
3426096
3426097
3426101
3426116
3426117
3426124
3426128
3426136
3426138
3426153
3426155
3426160
3426162
3426166
3426168
3426170
3426171
3426172
3426174
3426175
3426176
3426179
3426182
3426183
3426184
3426192
3426194
3426198
3426199
3426204
3426208
3426211
3426213
3426214
3426215
3426216
3426217
3426218
3426219
3426221
3426225
3426226
3426227
3426228
3426231
3426232
3426233
3426235
3426236
3426237
3426238
3426239
3426240
3426242
3426248
3426254
3426255
3426262
3426265
3426266
3426267
3426268
3426270
3426271
3426272
3426273
3426275
3426280
3426284
3426285
3426286
3426287
3426291
3426292
3426294
3426295
3426298
3426300
3426301
3426304
3426305
3426306
3426307
3426308
3426309
3426310
3426311
3426313
3426314
3426315
3426317
3426319
3426325
3426326
3426330
3426337
3426339
3426340
3426341
3426342
3426343
3426345
3426346
3426347
3426348
3426349
3426350
3426351
3426352
3426359
3426360
3426361
3426362
3426377
3426378
3426379
3426381
3426382
3426383
3426386
3426387
3426388
3426393
3426394
3426396
3426399
3426405
3426406
3426407
3426409
3426410
3426411
3426432
3426433
3426435
3426436
3426437
3426439
3426440
3426441
3426442
3426445
3426447
3426449
3426450
3426451
3426452
3426453
3426454
3426455
3426458
3426459
3426460
3426462
3426466
3426467
3426471
3426474
3426484
3426486
3426489
3426490
3426496
3426500
3426505
3426506
3426507
3426520
3426529
3426536
3426542
3426544
3426546
3426548
3426550
3426551
3426552
3426554
3426571
3426579
3426580
3426581
3426582
3426584
3426587
3426588
3426589
3426590
3426592
3426600
3426611
3426613
3426615
3426621
3426623
3426624
3426636
3426653
3426658
3426660
3426665
3426667
3426669
3426671
3426672
3426673
3426674
3426677
3426678
3426679
3426681
3426689
3426690
3426694
3426695
3426696
3426698
3426699
3426700
3426701
3426702
3426703
3426705
3426706
3426707
3426709
3426710
3426711
3426712
3426713
3426714
3426715
3426716
3426717
3426718
3426719
3426720
3426721
3426722
3426725
3426726
3426727
3426729
3426730
3426732
3426735
3426737
3426738
3426741
3426745
3426746
3426747
3426748
3426749
3426750
3426751
3426754
3426755
3426756
3426758
3426759
3426761
3426764
3426770
3426772
3426773
3426776
3426778
3426779
3426782
3426785
3426788
3426789
3426790
3426792
3426793
3426794
3426795
3426797
3426798
3426799
3426805
3426806
3426807
3426808
3426809
3426810
3426811
3426813
3426814
3426816
3426817
3426818
3426819
3426827
3426828
3426829
3426832
3426833
3426834
3426837
3426838
3426839
3426843
3426844
3426845
3426846
3426847
3426850
3426852
3426853
3426855
3426857
3426859
3426860
3426861
3426862
3426864
3426865
3426871
3426872
3426873
3426877
3426882
3426883
3426884
3426886
3426887
3426888
3426892
3426894
3426897
3426898
3426900
3426905
3426909
3426910
3426912
3426915
3426920
3426922
3426925
3426927
3426928
3426929
3426934
3426935
3426940
3426945
3426946
3426950
3426954
3426960
3426962
3426964
3426966
3426967
3426969
3426970
3426972
3426975
3426976
3426979
3426980
3426984
3426985
3426988
3426989
3426993
3426994
3426995
3426997
3426999
3427002
3427003
3427004
3427008
3427010
3427011
3427012
3427013
3427016
3427018
3427021
3427022
3427023
3427024
3427025
3427027
3427028
3427032
3427033
3427035
3427038
3427039
3427040
3427042
3427045
3427047
3427053
3427055
3427058
3427059
3427060
3427062
3427063
3427066
3427067
3427068
3427071
3427072
3427074
3427075
3427077
3427081
3427082
3427083
3427085
3427086
3427090
3427091
3427095
3427104
3427105
3427108
3427121
3427122
3427124
3427125
3427126
3427127
3427128
3427133
3427138
3427139
3427140
3427141
3427142
3427143
3427145
3427146
3427147
3427148
3427150
3427151
3427152
3427153
3427155
3427159
3427161
3427169
3427174
3427181
3427183
3427184
3427188
3427189
3427192
3427193
3427194
3427196
3427199
3427200
3427206
3427210
3427211
3427213
3427215
3427218
3427219
3427226
3427227
3427228
3427229
3427230
3427231
3427232
3427233
3427234
3427236
3427237
3427238
3427239
3427240
3427242
3427246
3427247
3427248
3427250
3427251
3427252
3427253
3427255
3427256
3427257
3427258
3427259
3427260
3427262
3427266
3427294
3427295
3427296
3427297
3427298
3427300
3427301
3427302
3427303
3427304
3427305
3427306
3427307
3427308
3427312
3427317
3427319
3427321
3427322
3427329
3427331
3427333
3427334
3427335
3427338
3427348
3427354
3427355
3427356
3427358
3427359
3427360
3427364
3427371
3427374
3427375
3427377
3427379
3427380
3427382
3427383
3427384
3427385
3427390
3427391
3427393
3427394
3427400
3427405
3427410
3427415
3427416
3427417
3427418
3427419
3427426
3427427
3427429
3427440
3427473
3427474
3427475
3427476
3427485
3427486
3427487
3427490
3427491
3427496
3427519
3427526
3427527
3427528
3427532
3427536
3427537
3427544
3427545
3427546
3427547
3427548
3427550
3427552
3427553
3427562
3427563
3427564
3427565
3427566
3427567
3427568
3427573
3427579
3427580
3427581
3427582
3427583
3427584
3427585
3427586
3427587
3427594
3427602
3427609
3427621
3427622
3427623
3427624
3427625
3427626
3427629
3427643
3427652
3427658
3427663
3427664
3427665
3427666
3427667
3427668
3427670
3427671
3427672
3427673
3427703
3427704
3427705
3427706
3427710
3427711
3427712
3427714
3427717
3427718
3427719
3427722
3427723
3427724
3427725
3427726
3427733
3427734
3427737
3427738
3427740
3427741
3427744
3427747
3427748
3427749
3427751
3427753
3427754
3427758
3427759
3427761
3427762
3427763
3427764
3427765
3427766
3427767
3427768
3427769
3427770
3427771
3427772
3427773
3427774
3427775
3427776
3427777
3427779
3427780
3427782
3427784
3427785
3427786
3427787
3427788
3427789
3427790
3427792
3427793
3427794
3427796
3427797
3427798
3427799
3427800
3427802
3427803
3427804
3427805
3427806
3427807
3427808
3427809
3427810
3427811
3427812
3427814
3427815
3427818
3427824
3427833
3427835
3427836
3427840
3427841
3427843
3427845
3427846
3427847
3427848
3427852
3427860
3427863
3427866
3427870
3427903
3427907
3427923
3427924
3427926
3427927
3427928
3427929
3427930
3427931
3427933
3427934
3427943
3427953
3427954
3427957
3427963
3427964
3427965
3427966
3427967
3427968
3427970
3427971
3427982
3427985
3427986
3427992
3427993
3427996
3428002
3428003
3428006
3428007
3428008
3428009
3428011
3428013
3428014
3428015
3428016
3428019
3428020
3428023
3428024
3428026
3428032
3428037
3428040
3428043
3428048
3428055
3428060
3428071
3428074
3428075
3428078
3428080
3428081
3428082
3428083
3428084
3428085
3428086
3428087
3428088
3428092
3428093
3428099
3428104
3428106
3428108
3428109
3428110
3428113
3428114
3428115
3428116
3428117
3428118
3428119
3428120
3428121
3428124
3428125
3428126
3428127
3428128
3428129
3428130
3428131
3428132
3428133
3428134
3428136
3428138
3428139
3428140
3428141
3428142
3428146
3428157
3428158
3428160
3428164
3428178
3428182
3428183
3428185
3428189
3428191
3428193
3428194
3428195
3428196
3428203
3428206
3428207
3428208
3428209
3428210
3428211
3428212
3428213
3428214
3428217
3428220
3428224
3428231
3428242
3428245
3428246
3428247
3428248
3428250
3428251
3428252
3428253
3428255
3428256
3428257
3428258
3428259
3428261
3428262
3428263
3428264
3428265
3428266
3428267
3428270
3428271
3428272
3428273
3428274
3428275
3428276
3428277
3428278
3428279
3428280
3428281
3428283
3428284
3428285
3428286
3428287
3428288
3428289
3428290
3428291
3428293
3428297
3428298
3428302
3428303
3428304
3428305
3428306
3428307
3428308
3428309
3428310
3428311
3428312
3428314
3428316
3428325
3428328
3428344
3428345
3428346
3428347
3428348
3428350
3428352
3428353
3428354
3428355
3428356
3428357
3428358
3428359
3428360
3428361
3428362
3428363
3428364
3428365
3428366
3428367
3428368
3428369
3428370
3428371
3428372
3428374
3428375
3428376
3428377
3428378
3428379
3428380
3428381
3428382
3428383
3428384
3428385
3428386
3428387
3428388
3428389
3428391
3428392
3428393
3428394
3428395
3428396
3428397
3428398
3428399
3428400
3428401
3428402
3428403
3428404
3428405
3428406
3428407
3428408
3428409
3428410
3428411
3428412
3428413
3428414
3428415
3428416
3428417
3428418
3428419
3428420
3428421
3428428
3428429
3428430
3428431
3428437
3428440
3428441
3428442
3428448
3428449
3428450
3428454
3428456
3428459
3428460
3428461
3428462
3428463
3428465
3428466
3428471
3428472
3428473
3428480
3428481
3428482
3428484
3428485
3428487
3428496
3428515
3428518
3428520
3428521
3428522
3428523
3428524
3428525
3428527
3428528
3428529
3428530
3428531
3428532
3428533
3428534
3428536
3428537
3428539
3428540
3428543
3428545
3428548
3428549
3428550
3428552
3428553
3428554
3428555
3428556
3428557
3428561
3428565
3428575
3428633
3428634
3428636
3428639
3428641
3428661
3428662
3428669
3428678
3428679
3428680
3428681
3428682
3428684
3428686
3428687
3428689
3428690
3428691
3428692
3428693
3428694
3428695
3428696
3428697
3428698
3428699
3428700
3428701
3428702
3428703
3428704
3428705
3428706
3428707
3428708
3428709
3428710
3428711
3428712
3428713
3428714
3428715
3428716
3428717
3428718
3428719
3428720
3428721
3428722
3428723
3428724
3428725
3428726
3428727
3428728
3428729
3428730
3428731
3428732
3428734
3428735
3428736
3428737
3428738
3428739
3428740
3428741
3428742
3428744
3428745
3428746
3428747
3428748
3428750
3428751
3428752
3428753
3428754
3428755
3428756
3428757
3428764
3428768
3428769
3428770
3428771
3428774
3428775
3428776
3428783
3428784
3428786
3428793
3428794
3428795
3428796
3428797
3428798
3428799
3428800
3428804
3428806
3428809
3428810
3428811
3428812
3428813
3428814
3428815
3428816
3428819
3428820
3428821
3428822
3428823
3428824
3428825
3428826
3428827
3428828
3428829
3428830
3428831
3428832
3428833
3428834
3428836
3428837
3428838
3428839
3428840
3428841
3428842
3428843
3428844
3428845
3428846
3428847
3428848
3428849
3428850
3428851
3428852
3428854
3428855
3428856
3428857
3428858
3428859
3428860
3428861
3428862
3428863
3428867
3428868
3428869
3428870
3428873
3428874
3428875
3428876
3428877
3428878
3428879
3428880
3428881
3428882
3428883
3428885
3428888
3428889
3428893
3428897
3428898
3428899
3428900
3428901
3428902
3428904
3428908
3428909
3428912
3428913
3428915
3428916
3428920
3428927
3428931
3428932
3428933
3428934
3428935
3428936
3428938
3428948
3428950
3428951
3428953
3428954
3428955
3428956
3428957
3428958
3428960
3428962
3428964
3428966
3428967
3428968
3428970
3428971
3428972
3428973
3428974
3428975
3428976
3428977
3428978
3428979
3428980
3428981
3428991
3428992
3429000
3429001
3429002
3429004
3429009
3429029
3429070
3429071
3429075
3429076
3429077
3429078
3429079
3429081
3429082
3429083
3429084
3429085
3429086
3429087
3429088
3429089
3429090
3429092
3429093
3429097
3429100
3429102
3429103
3429104
3429105
3429106
3429107
3429110
3429116
3429117
3429119
3429126
3429128
3429129
3429131
3429134
3429136
3429140
3429141
3429143
3429152
3429153
3429154
3429163
3429171
3429173
3429174
3429175
3429176
3429177
3429178
3429179
3429192
3429193
3429203
3429206
3429207
3429210
3429211
3429212
3429224
3429225
3429228
3429233
3429258
3429259
3429265
3429268
3429270
3429272
3429273
3429277
3429280
3429281
3429282
3429776
3429780
3429781
3429782
3429785
3429786
3429788
3429789
3429790
3429794
3429795
3429796
3429798
3429801
3429802
3429807
3429810
3429889
3429897
3429898
3429905
3429907
3429908
3429912
3429913
3429914
3429915
3429916
3429917
3429918
3429919
3429921
3429922
3429923
3429924
3429926
3429927
3429928
3429929
3429930
3429931
3429932
3429935
3429936
3429937
3429938
3429941
3429942
3429943
3429944
3429947
3429950
3429953
3429957
3429958
3429960
3429961
3429962
3429966
3429968
3429972
3429976
3429977
3429979
3429980
3429982
3429983
3429984
3429985
3429987
3429988
3429990
3429992
3429993
3429994
3429995
3429996
3430003
3430010
3430013
3430019
3430021
3430026
3430029
3430032
3430034
3430036
3430037
3430038
3430039
3430041
3430042
3430043
3430044
3430045
3430046
3430048
3430050
3430051
3430052
3430053
3430054
3430056
3430057
3430058
3430061
3430064
3430065
3430067
3430069
3430070
3430072
3430073
3430074
3430076
3430077
3430078
3430079
3430080
3430082
3430083
3430084
3430085
3430086
3430087
3430090
3430094
3430095
3430096
3430097
3430098
3430099
3430100
3430101
3430107
3430108
3430109
3430110
3430111
3430117
3430118
3430119
3430120
3430122
3430123
3430124
3430125
3430126
3430127
3430128
3430129
3430130
3430131
3430132
3430133
3430134
3430135
3430136
3430137
3430138
3430139
3430140
3430141
3430142
3430143
3430144
3430145
3430146
3430147
3430148
3430149
3430150
3430151
3430153
3430154
3430155
3430156
3430157
3430158
3430159
3430162
3430163
3430165
3430166
3430167
3430168
3430169
3430170
3430181
3430192
3430193
3430194
3430195
3430196
3430197
3430201
3430202
3430204
3430205
3430208
3430211
3430212
3430214
3430215
3430228
3430229
3430241
3430242
3430243
3430252
3430272
3430273
3430274
3430276
3430277
3430278
3430283
3430285
3430286
3430294
3430306
3430307
3430308
3430309
3430310
3430311
3430312
3430313
3430315
3430316
3430318
3430324
3430325
3430327
3430329
3430330
3430331
3430333
3430334
3430341
3430342
3430343
3430354
3430355
3430361
3430366
3430367
3430368
3430370
3430386
3430396
3430397
3430398
3430399
3430400
3430405
3430406
3430408
3430430
3430438
3430439
3430466
3430467
3430470
3430471
3430477
3430487
3430534
3430539
3430543
3430549
3430558
3430559
3430560
3430563
3430564
3430565
3430566
3430567
3430570
3430571
3430572
3430578
3430579
3430580
3430581
3430583
3430584
3430585
3430586
3430587
3430591
3430600
3430601
3430602
3430608
3430611
3430612
3430613
3430618
3430621
3430622
3430623
3430625
3430626
3430627
3430629
3430631
3430633
3430634
3430635
3430637
3430638
3430641
3430642
3430647
3430652
3430653
3430654
3430656
3430657
3430658
3430659
3430660
3430666
3430667
3430668
3430669
3430670
3430674
3430683
3430684
3430686
3430687
3430688
3430695
3430699
3430700
3430701
3430706
3430711
3430713
3430714
3430718
3430720
3430727
3430728
3430730
3430734
3430735
3430736
3430739
3430744
3430745
3430746
3430754
3430757
3430758
3430759
3430760
3430761
3430762
3430766
3430767
3430768
3430771
3430773
3430774
3430775
3430776
3430790
3430791
3430792
3430793
3430794
3430795
3430796
3430797
3430798
3430800
3430803
3430809
3430817
3430819
3430821
3430825
3430844
3430845
3430846
3430847
3430867
3430868
3430877
3430878
3430879
3430880
3430884
3430892
3430905
3430918
3430922
3430930
3430931
3430932
3430933
3430934
3430935
3430936
3430937
3430938
3430939
3430940
3430941
3430945
3430948
3430970
3430975
3430979
3430981
3430989
3431036
3431037
3431038
3431039
3431040
3431042
3431043
3431045
3431046
3431047
3431048
3431049
3431050
3431051
3431052
3431058
3431059
3431060
3431062
3431076
3431077
3431081
3431083
3431086
3431103
3431113
3431114
3431115
3431116
3431117
3431118
3431120
3431122
3431123
3431124
3431135
3431154
3431155
3431156
3431158
3431159
3431160
3431169
3431172
3431195
3431196
3431200
3431201
3431202
3431208
3431210
3431211
3431216
3431218
3431220
3431221
3431222
3431223
3431224
3431225
3431228
3431229
3431232
3431233
3431234
3431235
3431236
3431237
3431239
3431240
3431241
3431242
3431247
3431249
3431251
3431252
3431253
3431255
3431256
3431257
3431268
3431269
3431270
3431272
3431284
3431303
3431307
3431317
3431318
3431319
3431323
3431324
3431326
3431327
3431328
3431329
3431330
3431331
3431332
3431333
3431334
3431335
3431336
3431337
3431339
3431341
3431342
3431343
3431345
3431346
3431347
3431348
3431349
3431350
3431356
3431359
3431360
3431364
3431365
3431369
3431379
3431388
3431389
3431390
3431394
3431401
3431403
3431406
3431407
3431408
3431410
3431411
3431412
3431414
3431418
3431419
3431420
3431421
3431422
3431423
3431424
3431426
3431427
3431454
3431455
3431462
3431463
3431468
3431469
3431475
3431479
3431480
3431481
3431482
3431483
3431484
3431485
3431486
3431487
3431488
3431496
3431498
3431501
3431502
3431506
3431510
3431511
3431514
3431515
3431516
3431519
3431520
3431523
3431528
3431529
3431530
3431532
3431533
3431553
3431557
3431558
3431559
3431560
3431564
3431582
3431583
3431584
3431585
3431586
3431592
3431613
3431614
3431615
3431616
3431617
3431618
3431626
3431627
3431629
3431631
3431632
3431634
3431635
3431637
3431638
3431639
3431641
3431642
3431644
3431647
3431653
3431655
3431656
3431657
3431660
3431662
3431664
3431665
3431666
3431676
3431677
3431696
3431703
3431708
3431712
3431713
3431714
3431715
3431716
3431723
3431724
3431725
3431726
3431727
3431729
3431730
3431731
3431732
3431733
3431734
3431737
3431738
3431739
3431740
3431741
3431742
3431744
3431745
3431746
3431748
3431749
3431750
3431751
3431752
3431754
3431755
3431756
3431758
3431759
3431761
3431762
3431763
3431765
3431768
3431770
3431771
3431772
3431774
3431775
3431776
3431777
3431778
3431779
3431781
3431782
3431783
3431785
3431787
3431788
3431790
3431791
3431792
3431793
3431794
3431795
3431796
3431797
3431801
3431802
3431804
3431805
3431809
3431812
3431814
3431815
3431816
3431821
3431822
3431823
3431824
3431825
3431853
3431854
3431856
3431857
3431858
3431859
3431860
3431862
3431863
3431868
3431869
3431870
3431871
3431872
3431875
3431876
3431877
3431878
3431879
3431880
3431881
3431883
3431884
3431885
3431894
3431896
3431898
3431904
3431905
3431907
3431910
3431912
3431917
3431920
3431921
3431922
3431923
3431924
3431925
3431926
3431927
3431928
3431929
3431930
3431934
3431938
3431939
3431940
3431941
3431942
3431943
3431944
3431945
3431946
3431947
3431948
3431949
3431950
3431951
3431952
3431953
3431954
3431955
3431956
3431957
3431958
3431959
3431960
3431961
3431962
3431963
3431965
3431966
3431967
3431968
3431969
3431970
3431971
3431972
3431973
3431974
3431975
3431976
3431977
3431978
3431979
3431980
3431982
3431983
3431984
3431985
3431986
3431987
3431988
3431989
3431990
3431991
3431993
3431994
3431995
3431996
3431997
3431999
3432000
3432001
3432002
3432006
3432007
3432008
3432009
3432010
3432011
3432012
3432013
3432014
3432015
3432016
3432017
3432018
3432019
3432020
3432027
3432031
3432040
3432043
3432044
3432045
3432046
3432047
3432057
3432059
3432060
3432061
3432062
3432063
3432064
3432065
3432068
3432132
3432134
3432137
3432138
3432139
3432144
3432148
3432149
3432150
3432151
3432152
3432156
3432164
3432165
3432167
3432168
3432169
3432172
3432173
3432174
3432175
3432176
3432177
3432180
3432182
3432183
3432185
3432186
3432188
3432192
3432193
3432194
3432195
3432196
3432197
3432198
3432202
3432203
3432204
3432205
3432206
3432207
3432209
3432217
3432219
3432224
3432226
3432232
3432235
3432242
3432244
3432245
3432248
3432253
3432254
3432255
3432256
3432258
3432263
3432265
3432266
3432267
3432269
3432271
3432275
3432276
3432277
3432278
3432279
3432280
3432283
3432284
3432285
3432286
3432287
3432288
3432289
3432290
3432292
3432293
3432295
3432296
3432297
3432298
3432299
3432300
3432301
3432303
3432304
3432310
3432311
3432328
3432329
3432330
3432348
3432349
3432351
3432353
3432355
3432356
3432357
3432362
3432363
3432364
3432367
3432368
3432370
3432371
3432372
3432373
3432375
3432376
3432377
3432380
3432381
3432382
3432383
3432384
3432385
3432386
3432390
3432391
3432396
3432397
3432400
3432402
3432409
3432412
3432415
3432423
3432424
3432425
3432426
3432438
3432440
3432441
3432443
3432445
3432446
3432447
3432467
3432468
3432471
3432472
3432482
3432484
3432485
3432486
3432487
3432492
3432493
3432494
3432495
3432496
3432498
3432500
3432502
3432503
3432504
3432505
3432506
3432507
3432508
3432509
3432510
3432511
3432512
3432513
3432514
3432515
3432516
3432523
3432524
3432525
3432527
3432530
3432533
3432535
3432536
3432539
3432540
3432541
3432543
3432546
3432547
3432548
3432552
3432553
3432565
3432566
3432567
3432569
3432571
3432573
3432574
3432575
3432576
3432577
3432581
3432582
3432583
3432584
3432599
3432619
3432624
3432625
3432626
3432627
3432628
3432629
3432630
3432631
3432632
3432633
3432634
3432635
3432636
3432637
3432638
3432639
3432640
3432644
3432645
3432646
3432647
3432648
3432651
3432652
3432654
3432657
3432663
3432664
3432665
3432666
3432667
3432669
3432670
3432671
3432672
3432673
3432674
3432675
3432677
3432678
3432679
3432680
3432681
3432682
3432683
3432684
3432685
3432686
3432687
3432688
3432689
3432690
3432691
3432692
3432694
3432695
3432696
3432697
3432698
3432699
3432700
3432719
3432720
3432721
3432726
3432729
3432730
3432731
3432732
3432733
3432734
3432735
3432736
3432737
3432738
3432739
3432740
3432741
3432742
3432743
3432744
3432745
3432746
3432747
3432748
3432749
3432750
3432751
3432752
3432753
3432754
3432755
3432756
3432757
3432758
3432759
3432760
3432761
3432762
3432764
3432765
3432771
3432772
3432773
3432774
3432775
3432776
3432777
3432778
3432779
3432780
3432781
3432782
3432783
3432784
3432788
3432789
3432794
3432800
3432802
3432847
3432850
3432851
3432852
3432854
3432856
3432857
3432858
3432859
3432860
3432861
3432862
3432863
3432864
3432865
3432867
3432868
3432869
3432870
3432871
3432872
3432873
3432875
3432876
3432877
3432878
3432879
3432880
3432881
3432883
3432884
3432885
3432886
3432887
3432888
3432889
3432890
3432891
3432892
3432893
3432895
3432896
3432897
3432898
3432899
3432900
3432906
3432908
3432921
3432922
3432924
3432925
3432926
3432928
3432936
3432937
3432939
3432941
3432942
3432943
3432944
3432947
3432951
3432957
3432958
3432959
3432963
3432964
3432965
3432967
3432969
3432971
3432976
3432979
3432980
3432981
3432982
3432983
3432986
3432988
3432989
3432991
3432993
3432997
3432998
3432999
3433000
3433001
3433002
3433003
3433004
3433005
3433006
3433010
3433023
3433024
3433025
3433026
3433027
3433028
3433029
3433030
3433031
3433032
3433038
3433039
3433040
3433046
3433047
3433054
3433055
3433056
3433057
3433058
3433061
3433065
3433068
3433072
3433076
3433091
3433098
3433107
3433111
3433113
3433117
3433118
3433121
3433122
3433124
3433125
3433128
3433129
3433131
3433133
3433134
3433135
3433136
3433137
3433138
3433139
3433141
3433142
3433143
3433144
3433145
3433152
3433153
3433155
3433156
3433157
3433159
3433160
3433162
3433164
3433165
3433166
3433167
3433168
3433169
3433170
3433172
3433174
3433175
3433177
3433178
3433179
3433183
3433184
3433186
3433187
3433189
3433190
3433191
3433198
3433199
3433200
3433201
3433202
3433204
3433205
3433206
3433209
3433210
3433211
3433214
3433216
3433219
3433222
3433223
3433224
3433229
3433231
3433232
3433235
3433239
3433240
3433242
3433250
3433252
3433254
3433255
3433257
3433258
3433260
3433265
3433273
3433274
3433293
3433295
3433333
3433334
3433335
3433340
3433341
3433342
3433343
3433347
3433348
3433349
3433353
3433354
3433355
3433356
3433357
3433358
3433359
3433360
3433361
3433362
3433363
3433365
3433369
3433370
3433371
3433372
3433373
3433374
3433375
3433376
3433377
3433378
3433379
3433381
3433382
3433383
3433384
3433385
3433386
3433389
3433390
3433392
3433393
3433394
3433395
3433396
3433397
3433399
3433400
3433401
3433402
3433403
3433404
3433405
3433407
3433408
3433410
3433411
3433412
3433413
3433414
3433416
3433417
3433418
3433419
3433420
3433421
3433422
3433423
3433424
3433426
3433431
3433433
3433434
3433436
3433453
3433454
3433470
3433471
3433472
3433473
3433474
3433481
3433484
3433488
3433490
3433506
3433523
3433524
3433525
3433531
3433532
3433533
3433534
3433535
3433536
3433537
3433538
3433539
3433540
3433570
3433572
3433577
3433589
3433608
3433609
3433610
3433611
3433612
3433613
3433614
3433615
3433616
3433617
3433618
3433619
3433620
3433621
3433628
3433633
3433635
3433641
3433668
3433670
3433674
3433676
3433679
3433708
3433709
3433710
3433711
3433712
3433713
3433714
3433715
3433718
3433719
3433721
3433722
3433724
3433725
3433726
3433727
3433728
3433729
3433730
3433732
3433736
3433739
3433740
3433741
3433743
3433746
3433747
3433749
3433756
3433758
3433763
3433770
3433771
3433772
3433773
3433774
3433776
3433778
3433779
3433780
3433789
3433792
3433793
3433794
3433798
3433799
3433800
3433804
3433809
3433812
3433819
3433820
3433821
3433822
3433823
3433824
3433825
3433826
3433827
3433829
3433830
3433831
3433832
3433833
3433834
3433835
3433836
3433837
3433838
3433839
3433841
3433842
3433843
3433845
3433846
3433847
3433849
3433850
3433851
3433852
3433853
3433854
3433855
3433856
3433857
3433858
3433859
3433930
3433932
3433933
3433934
3433935
3433938
3433940
3433941
3433942
3433943
3433944
3433955
3434033
3434034
3434334
3434335
3434336
3434656
3434749
3434750
3434751
3434752
3434753
3434754
3434755
3434941
3434949
3434951
3434952
3434954
3434955
3434957
3434958
3434959
3434962
3435198
3435398
3435401
3435627
3435784
3435820
3435821
3435822
3435823
3435824
3436054
3436057
3436063
3436190
3436191
3436192
3436193
3436195
3436546
3436547
3436859
3438238
3438422
3439019
3439020
3439021
3439836
3439837
3439838
