1469037
1469039
1469042
1469043
1469045
1469051
1469053
1469054
1469058
1469059
1469062
1469064
1469065
1469066
1469068
1469071
1469072
1469077
1469088
1469093
1469094
1469095
1469096
1469097
1469098
1469102
1469104
1469105
1469112
1469113
1469117
1469119
1469120
1469128
1469129
1469135
1469143
1469588
1469596
1469597
1469598
1469599
1469641
1469642
1469643
1469644
1469848
1469850
1469851
1469854
1469856
1469857
1469861
1469870
1469876
1469877
1469879
1469882
1469883
1469893
1469902
1469905
1469906
1469907
1469908
1469956
1470129
1470207
1470219
1470227
1470229
1470230
1470231
1470235
1470236
1470244
1470245
1470247
1470248
1470249
1470250
1470458
1470459
1470460
1470462
1470464
1470472
1470473
1470474
1470483
1470486
1470493
1470496
1470503
1470513
1470514
1470517
1470521
1470534
1470535
1470582
1470594
1470597
1470598
1470604
1470605
1470606
1470610
1470613
1470615
1470617
1470813
1470814
1470824
1470827
1470831
1470833
1470838
1470843
1470852
1470853
1470859
1470860
1470861
1471047
1471048
1471086
1471091
1471102
1471105
1471106
1471108
1471112
1471204
1471299
1471407
1471435
1471542
1471543
1471544
1471657
1471658
1471659
1471660
1471661
1471662
1471663
1471664
1471665
1471666
1471668
1471669
1471670
1471671
1471672
1471673
1471674
1471675
1471676
1471677
1471678
1471679
1471680
1471681
1471682
1471683
1471684
1471685
1471686
1471687
1471688
1471690
1471691
1471692
1471694
1471695
1471696
1471698
1471699
1471700
1471701
1471702
1471707
1471708
1471710
1471714
1471715
1471716
1471717
1471718
1471719
1471721
1471723
1471724
1471725
1471726
1471727
1471728
1471730
1471732
1471733
1471734
1471735
1471736
1471737
1471739
1471740
1471741
1471742
1471743
1471744
1471746
1471747
1471748
1471749
1471750
1472012
1472013
1472277
1472280
1472282
1472283
1472284
1472286
1472295
1472296
1472342
1472343
1472424
1472425
1472491
1472493
1472712
1472713
1472714
1472717
1472721
1472911
1472912
1472913
1472914
1472918
1472919
1472967
1472968
1472970
1472973
1472984
1472985
1472988
1472993
1473008
1473025
1473042
1473057
1473062
1473066
1473067
1473068
1473073
1473075
1473076
1473077
1473081
1473085
1473088
1473091
1473093
1473094
1473405
1473408
1473418
1473419
1473420
1473421
1473422
1473423
1473426
1473427
1473431
1473439
1473440
1473441
1473442
1473443
1473444
1473446
1473448
1473449
1473450
1473451
1473460
1473464
1473466
1473468
1473471
1473474
1473478
1473479
1473480
1473481
1474804
1474807
1474867
1475062
1475063
1475143
1476032
1476034
1476158
1476159
1476160
1476162
1476163
1476202
1476220
1476226
1476233
1476234
1476242
1476243
1476245
1476246
1476251
1476252
1476253
1476254
1476255
1476257
1476258
1476259
1476261
1476264
1476275
1476280
1476282
1476284
1476285
1476288
1476290
1476291
1476292
1476294
1476295
1476298
1476299
1476301
1476302
1476304
1476306
1476307
1476310
1476311
1476312
1476314
1476315
1476316
1476317
1476319
1476322
1476326
1476327
1476343
1476347
1476348
1476351
1476352
1476354
1476355
1476356
1476357
1476358
1476359
1476360
1476361
1476364
1476365
1476366
1476367
1476369
1476370
1476372
1476373
1476374
1476375
1476378
1476379
1476381
1476384
1476386
1476387
1476390
1476391
1476429
1476433
1476434
1476435
1476485
1476487
1476502
1476551
1476554
1476584
1476716
1476886
1476887
1476888
1476889
1476902
1476909
1476950
1476951
1476978
1476980
1477404
1477405
1477406
1477453
1477461
1477465
1477469
1477470
1477471
1477476
1477478
1477479
1477480
1477483
1477515
1477516
1477915
1478132
1478160
1478234
1478235
1478236
1478237
1478240
1478243
1478245
1478246
1478248
1478253
1478254
1478255
1478256
1478257
1478258
1478259
1478261
1478262
1478263
1478265
1478267
1478268
1478270
1478271
1478272
1478972
1479037
1479605
1479610
1479613
1480065
1480113
1480698
1480699
1480700
1480731
1481112
1481123
1481139
1481186
1481187
1481224
1481393
1481396
1481451
1481452
1481453
1481460
1481463
1481465
1481709
1481710
1481711
1481785
1481794
1481797
1481808
1481809
1481821
1481831
1481853
1481855
1481858
1481863
1481865
1481871
1481872
1481966
1481985
1481995
1481996
1481997
1482000
1482001
1482002
1482003
1482004
1482005
1482006
1482007
1482008
1482010
1482011
1482012
1482015
1482016
1482017
1482019
1482020
1482023
1482027
1482028
1482030
1482031
1482034
1482035
1482036
1482319
1482355
1482362
1482366
1482413
1482476
1482543
1482642
1482643
1482644
1482652
1482734
1482735
1483485
1483497
1483499
1483500
1483503
1483512
1483681
1483700
1483724
1484554
1484570
1484571
1484573
1484574
1484958
1485012
1485136
1485186
1485922
1486056
1486299
1486301
1486303
1486308
1486309
1486312
1486327
1486328
1486332
1486339
1486397
1486403
1486404
1486413
1486414
1486419
1486421
1486422
1486423
1486424
1486425
1486426
1486427
1486428
1486430
1486469
1486470
1486471
1486472
1486473
1486474
1486640
1486641
1486642
1486643
1486657
1486658
1486659
1486660
1486661
1486662
1486684
1486685
1486686
1486687
1486690
1486692
1486693
1486694
1486695
1486697
1486698
1487156
1487157
1487159
1487162
1487164
1487165
1487166
1487168
1487172
1487173
1487182
1487183
1487185
1487700
1487701
1487702
1487703
1487704
1487796
1488216
1488222
1488508
1488509
1488510
1488518
1488520
1488557
1488574
1489102
1489311
1489312
1489627
1489714
1489729
1489731
1489733
1489736
1489836
1490024
1490227
1490471
1490472
1490473
1490488
1490489
1490491
1490492
1490493
1490501
1491385
1491386
1491387
1491389
1491390
1491491
1491780
1491810
1492111
1492117
1492120
1492169
1492173
1492181
1492296
1492784
1492794
1492804
1492805
1492806
1492808
1493507
1493508
1493509
1493510
1493511
1493512
1493513
1493514
1493829
1493844
1493847
1493852
1493858
1494073
1494074
1494663
1494668
1494672
1494673
1494681
1494691
1494693
1494696
1494702
1494705
1494713
1494876
1494884
1494887
1494919
1494920
1494922
1494923
1494935
1494936
1494939
1494941
1494943
1494944
1494948
1494952
1494953
1495051
1495181
1495182
1495183
1495184
1495185
1495186
1495187
1495188
1495190
1495191
1495253
1495285
1495286
1495311
1495312
1495316
1495828
1495830
1495832
1495833
1495839
1495842
1495844
1495846
1495866
1496075
1496281
1496283
1496683
1496941
1496942
1496943
1496947
1496948
1496953
1496954
1497019
1497031
1497083
1497095
1497096
1497203
1497391
1497434
1497435
1497515
1497518
1497519
1497522
1497566
1497568
1497848
1497850
1497851
1497852
1497857
1498011
1498168
1498169
1498170
1498171
1498172
1498188
1498190
1498204
1498212
1498213
1498220
1498227
1498228
1498296
1498504
1498640
1498641
1498645
1498647
1498648
1498649
1498650
1498654
1498655
1498656
1498657
1498658
1498659
1498660
1498661
1498662
1498663
1498664
1498665
1498666
1498670
1498671
1498672
1498673
1498674
1498675
1498676
1498677
1498678
1498680
1498687
1498688
1498690
1498692
1498696
1498697
1498698
1498703
1498704
1498708
1498710
1498711
1498712
1498713
1498715
1498716
1498717
1498718
1498720
1498721
1498722
1498723
1498724
1498725
1498726
1498727
1498728
1498731
1498732
1498736
1498737
1498738
1498739
1498740
1498741
1498742
1498744
1498745
1498748
1498749
1498750
1498751
1498752
1498753
1498754
1498755
1498756
1498757
1498758
1498759
1498761
1498762
1498763
1498764
1498765
1499389
1499393
1499398
1499399
1499400
1499401
1499402
1499985
1499986
1499987
1500234
1500235
1500243
1500245
1500248
1500316
1500317
1500318
1500321
1500326
1500327
1500386
1500510
1500561
1500563
1500564
1500586
1500680
1500681
1500682
1500712
1500713
1500733
1500734
1500735
1500756
1500757
1500798
1500799
1500800
1500801
1500802
1500804
1500806
1500807
1500808
1500810
1500812
1500813
1500814
1500815
1500816
1500817
1500819
1500820
1500821
1500822
1500823
1500825
1500827
1500828
1500830
1500831
1500832
1500865
1500866
1501085
1501086
1501087
1501088
1501092
1501093
1501096
1501101
1501105
1501107
1501108
1501110
1501111
1501113
1501115
1501116
1501117
1501118
1501124
1501126
1501396
1501435
1501683
1501684
1501686
1501716
1501718
1501719
1501720
1501722
1501724
1501725
1501726
1501729
1501730
1501732
1501735
1501736
1501738
1501739
1501740
1501741
1501743
1501744
1501746
1501748
1501750
1501751
1501752
1501757
1501758
1501759
1501761
1501763
1501764
1501766
1501767
1501768
1501769
1501772
1502000
1502006
1502101
1502849
1503077
1503083
1503086
1503087
1503098
1503102
1503103
1503104
1503105
1503278
1503279
1503280
1503281
1503282
1503283
1503284
1503285
1503286
1503287
1503288
1503289
1503290
1503291
1503292
1503293
1503294
1503295
1503296
1503297
1503298
1503299
1503300
1503301
1503302
1503303
1503304
1503421
1503423
1503426
1503427
1503428
1503429
1503430
1503431
1503432
1503433
1503435
1503436
1503437
1503438
1503439
1503683
1503686
1503687
1503688
1503689
1503690
1503691
1503692
1503693
1503695
1503696
1503697
1503698
1503699
1503700
1503701
1503702
1503704
1503705
1503706
1503709
1503711
1503713
1503714
1503864
1503929
1503931
1503998
1503999
1504278
1504279
1504280
1504281
1504282
1504283
1504284
1504286
1504287
1504288
1504545
1504546
1504556
1504565
1504566
1504567
1504569
1504732
1504733
1504801
1504984
1505026
1505027
1505219
1505226
1505227
1505528
1505530
1505738
1505739
1505881
1505890
1505901
1506157
1506184
1506453
1506546
1506566
1506567
1506568
1506569
1506570
1506571
1506572
1506573
1506574
1506575
1506578
1506579
1506580
1506581
1506703
1506710
1506716
1506997
1507006
1507008
1507009
1507019
1507020
1507021
1507188
1507191
1507193
1507195
1507196
1507197
1507200
1507207
1507210
1507211
1507214
1507215
1507218
1507219
1507222
1507223
1507224
1507226
1507228
1507233
1507234
1507240
1507241
1507242
1507258
1507304
1507379
1507385
1507386
1507387
1507388
1507389
1507392
1507393
1507400
1507401
1507402
1507403
1507724
1507725
1507726
1507809
1507812
1507813
1507899
1507920
1507927
1507928
1507929
1507932
1507937
1507938
1507939
1507940
1507944
1507948
1507949
1507953
1507954
1507955
1507956
1507957
1507959
1508163
1508215
1508216
1508217
1508219
1508220
1508221
1508222
1508223
1508224
1508225
1508226
1508227
1508228
1508658
1508671
1508673
1508675
1508676
1508677
1508678
1508679
1508680
1508681
1508692
1508693
1508694
1508695
1508696
1508700
1508701
1508709
1508710
1508711
1508712
1508812
1509400
1510097
1510134
1510155
1510440
1510481
1510482
1510483
1510515
1510621
1510625
1510630
1510941
1510942
1510943
1511083
1511084
1511623
1511629
1511630
1511634
1511636
1511638
1511639
1511732
1511733
1511762
1511763
1511771
1511772
1511773
1511774
1511775
1511776
1511778
1511779
1511780
1511781
1511782
1511783
1511784
1511785
1511802
1511803
1511804
1511805
1511806
1511807
1511808
1511809
1511810
1511811
1511840
1511847
1511852
1511853
1511854
1511855
1511856
1511857
1511858
1511859
1511860
1511861
1511864
1511879
1511880
1511881
1511882
1511883
1511884
1511885
1511886
1511887
1511888
1511891
1511892
1511893
1511894
1511895
1511911
1511919
1511920
1511921
1511922
1511923
1511945
1511947
1511949
1511951
1511962
1511963
1511967
1511968
1511969
1511972
1511975
1511976
1511977
1511983
1511984
1511986
1511988
1511989
1511991
1511992
1511997
1512006
1512007
1512009
1512010
1512013
1512016
1512017
1512021
1512022
1512023
1512026
1512029
1512034
1512036
1512045
1512061
1512065
1512067
1512070
1512079
1512090
1512094
1512096
1512098
1512099
1512105
1512108
1512109
1512110
1512111
1512112
1512117
1512126
1512130
1512131
1512134
1512137
1512143
1512157
1512158
1512159
1512160
1512166
1512173
1512181
1512182
1512186
1512189
1512190
1512191
1512192
1512197
1512199
1512202
1512204
1512205
1512207
1512208
1512211
1512212
1512213
1512214
1512220
1512222
1512227
1512232
1512233
1512237
1512238
1512241
1512243
1512245
1512246
1512250
1512252
1512278
1513184
1513185
1513186
1513187
1513188
1513195
1513196
1513198
1513199
1513200
1513201
1513202
1513204
1513205
1513206
1513207
1513208
1513209
1513223
1513224
1513225
1513226
1513227
1513228
1513230
1513231
1513233
1513235
1513236
1513238
1513239
1513240
1513241
1513242
1513243
1513244
1513245
1513246
1513247
1513248
1513249
1513250
1513251
1513252
1513253
1513254
1513255
1513256
1513257
1513258
1513259
1513260
1513261
1513262
1513263
1513264
1513265
1513268
1513269
1513272
1513273
1513274
1513275
1513276
1513277
1513278
1513294
1513295
1513298
1513299
1513300
1513308
1513314
1513315
1513448
1513456
1513458
1513461
1513489
1513516
1513519
1513520
1513521
1513525
1513527
1513528
1513529
1513530
1513531
1513605
1513608
1513610
1513642
1513646
1513654
1513668
1514102
1514114
1514115
1514664
1514665
1514704
1514705
1514708
1514709
1514895
1514896
1514960
1514961
1514962
1514988
1514999
1515154
1515155
1515337
1515338
1515366
1515372
1515373
1515374
1515378
1515401
1515640
1515641
1515684
1515685
1515752
1515761
1515766
1515775
1515785
1515806
1515817
1515819
1515831
1515832
1515834
1515852
1515863
1515872
1515894
1515905
1515927
1515929
1515936
1515940
1515943
1515944
1515946
1515947
1515950
1515954
1515961
1515962
1515987
1516011
1516018
1516025
1516027
1516034
1516078
1516080
1516081
1516115
1516127
1516128
1517254
1517256
1517258
1517267
1517270
1517277
1517285
1517286
1517287
1517313
1517314
1517318
1517321
1517325
1517326
1517335
1517337
1517342
1517344
1517356
1517359
1517360
1517371
1517382
1517385
1517390
1517405
1517407
1517411
1517536
1517537
1517538
1517540
1517541
1517542
1517543
1517544
1517545
1517546
1517606
1517609
1517633
1517643
1517644
1517684
1517744
1517750
1517751
1517752
1517753
1517754
1517755
1517756
1518022
1518282
1518320
1518333
1518334
1518335
1518337
1518338
1518339
1518340
1518341
1518345
1518346
1518347
1518348
1518349
1518350
1518351
1518354
1518355
1518356
1518357
1518358
1518359
1518360
1518361
1518362
1518364
1518365
1518366
1518367
1518370
1518371
1518372
1518375
1518376
1518377
1518378
1518379
1518384
1518391
1518398
1518399
1518400
1518402
1518574
1518575
1518579
1518603
1518697
1519097
1519350
1519385
1519386
1519387
1519389
1519390
1519391
1519392
1519394
1519395
1519396
1519397
1519398
1519399
1519400
1519401
1519402
1519403
1519404
1519405
1519406
1519407
1519409
1519410
1519532
1519538
1519539
1519540
1519541
1519542
1519543
1519544
1519545
1519546
1519547
1519548
1519552
1519553
1519554
1519555
1519556
1519788
1519999
1520002
1520004
1520006
1520124
1520125
1520332
1520779
1520880
1520921
1520932
1520935
1520992
1520993
1521028
1521072
1521073
1521074
1521075
1521076
1521077
1521078
1521079
1521080
1521081
1521082
1521083
1521084
1521085
1521086
1521087
1521088
1521089
1521090
1521091
1521092
1521093
1521094
1521095
1521096
1521097
1521098
1521099
1521100
1521101
1521102
1521103
1521104
1521105
1521107
1521108
1521109
1521172
1521173
1521188
1521264
1521265
1521280
1521297
1521306
1521308
1521315
1521316
1521321
1521385
1521386
1521387
1521388
1521390
1521391
1521392
1521498
1521766
1522059
1522091
1522092
1522177
1522178
1522179
1522538
1522544
1522546
1522549
1522550
1522555
1522560
1522561
1522571
1522578
1522580
1522581
1522588
1522607
1522612
1522617
1522624
1522629
1522634
1522637
1522641
1522644
1522647
1522651
1522656
1522773
1523024
1523053
1523064
1523067
1523073
1523076
1523077
1523080
1523081
1523087
1523088
1523089
1523096
1523097
1523098
1523105
1523113
1523116
1523117
1523118
1523119
1523120
1523121
1523127
1523136
1523140
1523174
1523185
1523193
1523198
1523214
1523217
1523263
1523267
1523268
1523269
1523277
1523284
1523285
1523457
1523458
1523460
1523489
1523495
1523858
1523935
1523936
1523960
1523965
1523966
1523971
1523974
1523975
1523976
1523987
1523988
1523989
1523993
1524003
1524010
1524016
1524844
1524848
1524860
1524863
1524866
1524872
1524875
1524876
1524879
1524880
1524881
1524882
1524910
1524961
1525173
1525174
1525176
1525177
1525178
1525179
1525180
1525366
1525369
1525370
1526224
1526408
1526487
1526514
1526521
1526522
1526523
1526525
1526526
1526550
1526585
1526652
1526941
1526950
1526961
1526967
1526976
1526985
1526986
1526987
1526988
1526989
1526991
1526992
1526996
1526998
1527000
1527001
1527002
1527003
1527004
1527005
1527006
1527007
1527008
1527009
1527011
1527012
1527014
1527015
1527016
1527017
1527018
1527019
1527022
1527025
1527441
1527463
1527469
1527471
1527472
1527473
1527475
1527476
1527482
1527488
1527489
1527491
1527493
1527494
1527495
1527497
1527498
1527499
1527500
1527501
1527503
1527504
1527506
1527510
1527511
1527512
1527513
1527514
1527515
1527516
1527517
1527519
1527520
1527522
1527523
1527524
1527525
1527531
1527533
1527534
1527535
1527536
1527580
1527615
1527616
1527617
1527618
1527619
1527661
1527662
1527666
1527674
1527675
1527676
1527692
1527693
1527694
1527770
1527771
1529023
1529027
1529029
1529030
1529033
1529035
1529036
1529056
1529057
1529058
1529392
1529450
1529589
1529592
1529595
1529598
1529600
1529601
1529605
1529611
1529909
1529910
1529911
1529912
1529914
1529915
1529916
1529917
1529918
1529919
1529920
1529921
1529922
1529923
1529924
1529925
1530084
1530085
1530093
1530246
1530247
1530248
1530249
1530250
1530251
1530274
1530276
1530278
1530281
1530282
1530285
1530286
1530287
1530289
1530290
1530291
1530292
1530298
1530299
1530300
1530302
1530303
1530308
1530400
1530450
1530451
1530452
1530453
1530454
1531283
1531284
1531287
1531305
1531316
1531317
1531319
1531320
1531321
1531322
1531324
1531325
1531326
1531327
1531328
1531329
1531334
1531337
1531340
1531345
1531348
1531489
1531490
1531794
1531795
1531796
1531797
1531799
1531800
1531801
1531802
1531805
1531806
1531807
1531809
1531811
1531812
1531813
1531814
1531815
1531818
1531824
1531825
1531826
1531828
1531829
1531834
1531835
1531837
1531838
1531839
1531841
1532031
1532172
1532174
1532180
1532696
1532704
1532708
1532710
1532714
1532716
1532717
1532718
1532725
1532726
1532847
1532849
1532882
1534302
1534304
1534305
1534306
1534467
1534468
1534501
1534536
1534544
1534545
1534546
1534547
1534548
1534549
1534550
1534553
1534817
1534818
1534820
1534821
1534822
1534823
1534824
1534825
1534980
1535247
1535249
1535266
1535267
1535289
1535290
1535291
1535670
1535671
1535699
1535707
1535711
1535712
1535714
1535719
1535725
1535728
1535733
1535736
1535737
1535738
1535744
1535745
1535746
1535749
1536430
1536431
1536592
1536594
1536595
1536596
1536597
1536598
1536599
1536603
1536604
1536605
1536611
1536673
1536674
1536678
1536680
1536723
1536728
1537090
1537091
1537100
1537101
1537146
1537148
1537150
1537164
1537166
1537167
1537168
1537413
1537529
1537531
1537534
1537535
1537536
1537537
1537543
1537547
1537550
1537556
1537557
1537559
1537561
1537563
1537604
1537611
1537613
1537614
1537616
1537617
1537619
1537620
1537622
1537623
1537624
1537625
1537626
1537631
1537632
1537633
1537647
1537648
1537654
1537655
1537656
1537658
1537975
1538037
1538043
1538044
1538045
1538046
1538050
1538063
1538101
1538364
1538452
1538453
1538454
1538455
1538456
1538465
1538549
1538550
1538609
1538610
1538612
1538624
1538804
1539144
1539147
1539148
1539150
1539152
1539153
1539321
1539322
1539323
1539324
1539325
1539326
1539386
1539747
1539759
1539761
1539764
1539767
1539782
1539783
1539788
1539793
1539802
1539813
1539817
1539822
1540083
1540086
1540087
1540088
1540090
1540091
1540092
1540093
1540094
1540095
1540096
1540097
1540098
1540099
1540100
1540106
1540109
1540110
1540117
1540125
1540567
1540572
1540575
1540581
1540584
1540588
1540612
1540616
1540623
1540659
1540665
1540671
1540673
1540679
1540685
1540693
1540706
1540708
1540710
1540717
1540718
1540722
1540725
1540726
1540759
1540760
1540763
1540766
1540785
1540823
1540824
1540825
1540826
1540827
1540828
1540829
1540830
1540831
1540861
1541084
1541086
1541087
1541088
1541089
1541090
1541094
1541119
1541152
1541154
1541155
1541205
1541206
1541209
1541211
1541671
1541673
1541676
1541678
1541679
1541680
1541681
1541682
1541683
1541686
1541690
1541819
1541820
1541821
1541823
1541824
1541825
1541872
1541883
1541886
1541887
1541890
1541891
1542090
1542091
1542092
1542103
1542116
1542131
1542132
1542133
1542134
1542447
1542477
1542498
1542660
1542661
1542662
1542663
1542665
1542742
1542743
1542744
1542745
1542912
1542921
1542922
1542973
1543199
1543201
1543203
1543205
1543206
1543207
1543219
1543220
1543221
1543232
1543245
1543288
1543289
1543290
1543318
1543320
1543419
1543924
1543925
1543931
1543933
1543937
1543949
1544324
1544364
1544378
1544382
1544393
1544395
1544397
1544398
1544507
1544508
1544509
1544511
1544513
1544514
1544515
1544539
1544540
1544752
1544756
1544872
1544875
1544901
1545391
1545490
1545491
1545496
1545700
1545703
1545833
1545834
1545858
1546177
1546178
1546257
1547022
1547024
1547218
1547219
1547495
1547550
1547577
1547580
1547850
1548043
1548163
1548178
1548182
1548189
1548190
1548191
1548192
1548414
1548415
1548416
1548417
1548419
1548421
1548711
1548712
1548713
1548714
1548715
1548717
1548718
1548719
1548720
1548721
1548722
1548900
1548901
1548902
1548903
1548904
1548905
1548906
1548907
1548908
1548909
1548910
1548911
1548912
1548913
1548914
1548915
1548916
1548917
1548918
1548920
1549295
1549296
1549298
1549299
1549300
1549302
1549304
1549305
1549306
1549307
1549308
1549309
1549310
1549311
1549313
1549314
1549315
1549316
1549317
1549318
1549320
1549321
1549322
1549326
1549327
1549330
1549331
1549608
1549813
1549864
1549968
1549969
1549971
1549978
1549981
1549985
1549986
1549996
1549998
1550003
1550008
1550011
1550013
1550016
1550017
1550018
1550019
1550369
1550370
1550509
1550518
1551466
1551493
1551550
1551555
1551556
1551557
1551560
1551589
1551641
1551710
1551711
1552185
1552200
1552211
1552409
1552661
1552662
1552713
1552717
1552725
1552732
1552733
1552735
1552772
1552774
1552775
1552776
1552778
1552779
1552780
1552784
1552786
1552787
1552788
1552798
1552800
1552814
1552815
1552817
1552818
1552819
1552820
1552821
1552823
1552845
1552846
1552894
1552895
1552911
1552913
1552916
1552917
1552924
1552932
1552933
1552935
1552938
1552940
1552986
1552987
1553951
1553952
1554499
1554500
1554501
1554502
1555195
1555196
1555201
1555202
1555207
1555208
1555233
1555235
1555238
1556289
1556290
1557033
1557034
1557035
1558463
1558466
1558467
1558468
1558469
1559370
1559371
1559519
1559735
1560282
1560283
1560284
1560285
1560286
1560291
1560296
1560298
1560299
1560301
1560302
1560307
1560312
1560313
1560340
1560341
1560342
1560346
1560351
1560378
1560502
1560512
1560514
1560531
1560541
1560543
1560692
1561006
1561011
1561066
1561067
1561090
1561150
1561160
1561171
1561172
1561225
1561395
1561396
1561440
1561702
1561703
1561704
1561705
1561945
1561946
1561961
1562038
1562048
1562049
1562051
1562054
1562062
1562063
1562064
1562065
1562066
1562067
1562068
1562069
1562070
1562071
1562073
1562074
1562076
1562346
1562348
1562349
1562350
1562357
1562358
1562361
1562376
1562379
1562380
1562381
1562508
1562509
1562510
1562563
1562599
1562608
1562611
1562612
1562613
1562621
1562622
1562623
1562624
1562633
1562642
1562764
1562765
1562766
1562767
1562768
1562769
1563316
1563660
1563661
1563704
1563709
1563712
1563717
1563868
1563875
1563876
1563886
1563887
1563897
1563919
1563920
1563922
1563926
1563928
1563941
1563946
1563950
1563962
1563963
1564031
1564096
1564099
1564115
1564119
1564120
1564122
1564182
1564188
1564189
1564190
1564191
1564193
1564251
1564508
1564510
1564512
1564513
1564903
1564916
1564919
1565088
1565431
1565432
1565433
1565589
1565590
1565591
1565735
1565990
1566005
1566009
1566010
1566011
1566012
1566021
1566056
1566061
1566069
1566298
1566307
1566308
1566309
1566334
1566335
1566336
1566337
1566355
1566356
1566365
1566448
1566454
1566455
1566458
1566459
1566460
1566462
1566470
1566471
1566475
1566478
1566482
1566485
1566493
1566494
1566495
1566505
1566513
1566530
1566531
1566546
1566552
1566555
1566558
1566564
1566566
1566567
1566583
1566828
1566868
1566869
1566990
1566993
1566994
1566995
1567004
1567005
1567006
1567007
1567011
1567012
1567013
1567014
1567015
1567022
1567025
1567026
1567027
1567028
1567029
1567136
1567403
1567404
1567420
1567452
1567453
1567465
1567466
1567467
1567468
1567470
1567471
1567472
1567473
1567474
1567475
1567478
1567479
1567483
1567484
1567485
1567486
1567487
1567495
1568973
1568974
1569052
1569053
1569054
1569055
1569056
1569060
1569237
1569252
1569253
1569258
1569259
1569367
1569588
1569589
1569804
1569806
1569808
1569812
1569817
1569818
1569824
1569864
1569880
1569881
1569882
1569885
1569886
1569887
1569892
1569893
1569894
1569895
1569896
1569897
1569898
1569899
1569900
1569902
1569903
1569905
1569906
1569907
1569910
1569912
1569915
1569916
1569917
1569918
1569920
1569921
1569922
1569923
1569929
1570108
1570109
1570110
1570146
1570147
1570154
1570158
1570161
1570183
1570191
1570194
1570196
1570197
1570199
1570231
1570234
1570240
1570291
1570297
1570298
1570299
1570300
1570321
1571455
1571513
1571518
1571533
1571534
1572187
1572188
1572193
1572196
1572199
1572200
1572202
1572205
1572206
1572207
1572208
1572209
1572215
1572216
1572218
1572219
1572236
1572238
1572239
1572247
1572270
1572272
1572279
1572285
1572341
1572598
1572601
1572602
1572603
1572604
1572605
1572610
1572611
1572612
1572613
1572627
1572630
1572634
1572667
1572702
1572703
1572704
1572712
1572715
1572716
1572743
1572744
1572745
1572746
1572747
1572748
1572749
1572750
1572753
1572754
1572755
1573455
1573456
1573458
1573459
1573583
1573584
1573760
1573761
1573838
1574181
1574182
1574183
1574184
1574185
1574210
1574211
1574221
1574234
1574287
1574360
1574361
1574362
1574421
1574422
1574501
1574502
1574503
1574504
1574505
1574506
1574507
1574508
1574509
1574510
1574511
1574513
1574515
1574516
1574517
1574518
1574519
1574520
1574521
1574522
1574524
1574525
1574526
1574530
1574532
1574533
1574534
1574536
1574537
1574538
1574539
1574540
1574543
1574544
1574545
1574547
1574548
1574549
1574550
1574552
1574554
1574555
1574556
1574557
1574558
1574559
1574560
1574561
1574562
1574563
1574565
1574566
1574569
1574570
1574571
1574572
1574573
1574574
1574575
1574581
1574583
1574584
1574585
1574587
1574589
1574607
1574610
1574613
1574627
1574628
1574629
1575011
1575016
1575030
1575033
1575036
1575048
1575054
1575082
1575093
1575094
1575095
1575098
1575112
1575114
1575117
1575120
1575125
1575126
1575127
1575128
1575130
1575132
1575138
1575139
1575146
1575148
1575160
1575164
1575167
1575168
1575169
1575171
1575172
1575173
1575174
1575175
1575227
1575251
1575296
1575311
1575316
1575319
1575325
1575334
1575339
1575341
1575349
1575351
1575372
1575376
1575426
1575450
1575455
1575468
1575469
1575471
1575475
1575528
1575602
1575610
1575614
1575618
1575620
1575621
1575625
1575638
1575653
1575660
1575661
1575662
1575663
1575664
1575674
1575678
1575679
1575680
1575691
1575693
1575695
1575696
1575697
1575699
1575701
1575707
1575710
1575785
1575806
1575810
1575811
1575812
1575813
1575814
1575819
1575822
1575823
1575826
1575827
1575828
1575829
1575830
1575831
1575832
1575834
1575835
1575836
1575839
1575841
1575858
1575869
1575876
1575909
1575914
1575915
1575919
1575933
1575968
1575972
1575973
1575977
1576019
1576020
1576027
1576028
1576030
1576031
1576036
1576043
1576045
1576047
1576052
1576055
1576057
1576061
1576083
1576098
1576101
1576102
1576104
1576112
1576115
1576121
1576122
1576129
1576132
1576141
1576150
1576152
1576154
1576161
1576165
1576171
1576177
1576180
1576183
1576185
1576187
1576190
1576191
1576192
1576218
1576229
1576230
1576241
1576248
1576253
1576254
1576256
1576263
1576284
1576291
1576309
1576310
1576317
1576318
1576320
1576321
1576322
1576597
1576598
1576788
1576789
1576792
1577072
1577124
1577126
1577137
1577498
1577602
1577603
1577604
1577651
1577652
1577653
1577657
1577676
1577682
1577715
1577776
1577802
1577805
1577811
1577813
1577817
1577819
1577822
1577993
1577994
1577995
1577997
1578041
1578134
1578770
1578825
1578826
1578827
1578833
1578989
1579001
1579460
1579498
1579532
1579533
1579545
1579551
1579557
1579558
1579564
1579571
1579572
1579585
1579593
1579600
1579601
1579608
1579611
1579612
1579614
1579616
1579620
1579623
1579625
1579635
1579639
1579644
1579647
1579650
1579661
1579663
1580058
1580059
1580060
1580061
1580068
1580073
1580076
1580472
1580497
1580580
1580591
1580605
1580607
1581151
1581534
1581536
1581537
1581540
1581541
1581542
1581543
1581544
1581545
1581547
1582094
1582149
1582150
1582151
1582152
1582153
1582154
1582155
1582156
1582157
1582257
1582354
1582477
1582907
1585246
1585654
1585655
1585656
1585658
1585659
1585660
1585661
1585840
1585845
1585848
1585924
1585999
1586000
1586002
1586324
1586712
1586713
1586714
1586715
1587502
1587503
1587509
1587515
1587516
1587517
1587520
1587534
1587565
1587566
1587567
1587568
1587569
1587570
1587573
1587575
1587576
1587577
1587578
1587582
1587584
1587587
1587589
1587590
1587593
1587595
1587597
1587598
1587600
1587603
1587604
1587605
1587608
1587611
1587617
1587619
1587620
1587624
1587625
1587630
1587635
1587644
1587648
1587661
1587664
1587665
1587668
1587670
1587673
1587674
1587679
1587682
1587690
1587691
1587692
1587696
1587697
1587700
1587704
1587706
1587710
1587712
1587713
1587715
1587721
1587723
1587724
1587727
1587728
1587729
1587731
1587733
1587735
1587738
1587742
1587749
1587750
1587752
1587754
1587759
1587760
1587761
1587763
1587764
1587765
1587768
1587773
1587776
1587780
1587781
1587783
1587785
1587787
1587788
1587789
1587791
1587795
1587797
1587798
1587799
1587801
1587803
1587804
1587805
1587807
1587813
1587815
1587818
1587835
1587836
1587837
1587839
1587840
1587842
1587847
1587848
1587849
1587851
1587852
1587857
1587860
1587868
1587873
1587875
1587876
1587880
1587881
1587885
1587886
1587887
1587888
1587895
1587902
1587903
1587904
1587905
1587907
1587917
1587919
1587920
1587926
1587935
1587945
1587947
1588024
1588025
1588048
1588049
1588660
1588706
1588711
1588717
1588720
1588721
1588761
1588762
1588763
1588764
1588766
1588791
1588798
1588878
1589243
1589246
1589253
1589254
1589265
1589270
1589273
1589274
1589297
1589298
1589326
1589662
1589663
1589727
1589733
1589746
1589747
1589748
1589749
1589751
1589752
1589755
1589848
1590154
1590155
1590156
1590172
1590173
1590365
1590368
1590370
1590550
1590650
1590834
1590835
1590836
1590847
1590850
1590851
1590852
1590854
1590858
1590861
1590865
1590867
1590873
1590888
1590891
1590892
1590893
1590895
1590896
1590897
1590898
1590900
1590901
1590908
1590911
1590917
1590918
1590919
1590920
1590921
1590924
1590925
1590926
1590928
1590932
1590934
1590941
1590945
1590946
1590950
1590953
1590961
1590962
1590963
1590964
1590971
1590973
1590974
1590975
1590976
1590980
1590983
1590988
1590989
1590990
1590991
1591072
1591073
1591444
1591445
1591450
1591451
1591452
1591455
1591461
1591463
1591464
1591465
1591471
1591472
1591473
1592081
1592082
1592083
1592084
1592085
1592086
1592087
1592088
1592089
1592090
1592091
1592092
1592093
1592094
1592095
1592096
1592097
1592098
1592099
1592100
1592101
1592102
1592103
1592104
1592109
1592110
1592111
1592112
1592114
1592115
1592116
1592117
1592118
1592119
1592120
1592121
1592122
1592123
1592125
1592126
1592127
1592128
1592129
1592207
1592211
1592212
1592335
1592572
1592573
1592576
1592730
1592731
1592733
1592735
1592737
1592738
1592739
1592742
1592743
1592744
1592745
1592747
1592749
1592750
1592751
1592752
1592758
1592764
1592777
1592808
1592809
1592811
1592820
1592930
1592931
1593240
1593423
1593424
1593502
1593505
1593508
1593519
1593524
1593526
1593527
1593528
1593533
1593534
1593536
1593537
1593538
1593540
1593543
1593544
1593546
1593548
1593550
1593553
1593554
1593557
1593560
1593562
1593570
1593574
1593575
1593580
1593583
1593586
1593589
1593590
1593591
1593594
1593595
1593596
1593602
1593610
1593611
1593614
1593615
1593616
1593618
1593620
1593622
1593626
1593628
1593629
1593631
1593633
1593634
1593636
1593637
1593642
1593645
1593646
1593649
1593652
1593653
1593654
1593656
1593664
1593672
1593685
1593689
1593695
1593697
1593704
1593714
1593715
1593718
1593721
1593723
1593729
1593732
1593736
1593740
1593757
1593758
1593763
1593766
1593770
1593775
1593778
1593780
1593783
1593784
1593788
1593791
1593796
1593799
1593801
1593802
1593807
1593808
1593809
1593810
1593811
1593819
1593823
1593826
1593828
1593829
1593831
1593832
1593838
1593846
1593847
1593848
1593849
1593850
1593852
1593853
1593855
1593856
1593858
1593865
1593870
1593873
1593874
1593879
1593882
1593883
1593884
1593888
1593892
1593898
1593912
1593917
1593921
1593923
1593926
1593927
1593929
1593934
1593935
1593939
1593950
1593952
1593954
1593956
1593957
1593959
1593960
1593961
1593963
1593964
1593965
1593970
1593971
1593973
1593977
1593978
1593980
1593983
1593988
1593989
1593990
1593994
1593998
1593999
1594000
1594001
1594002
1594003
1594004
1594006
1594010
1594011
1594013
1594014
1594015
1594018
1594019
1594021
1594024
1594025
1594026
1594027
1594028
1594029
1594030
1594032
1594035
1594036
1594037
1594038
1594040
1594043
1594044
1594046
1594047
1594049
1594050
1594051
1594052
1594053
1594056
1594058
1594059
1594060
1594062
1594063
1594064
1594067
1594068
1594069
1594070
1594071
1594072
1594074
1594077
1594078
1594080
1594082
1594083
1594084
1594086
1594091
1594092
1594093
1594099
1594100
1594104
1594108
1594112
1594115
1594118
1594119
1594121
1594123
1594125
1594126
1594130
1594140
1594141
1594142
1594143
1594145
1594147
1594148
1594149
1594151
1594153
1594154
1594155
1594156
1594158
1594159
1594160
1594161
1594162
1594163
1594164
1594456
1594457
1594461
1594706
1594713
1594718
1594788
1595961
1595988
1595998
1595999
1597920
1597923
1597924
1597925
1597931
1597937
1597939
1597942
1597943
1597944
1597945
1597946
1597948
1597962
1597966
1597967
1597971
1597972
1597976
1598146
1598163
1598178
1598198
1598201
1598214
1598216
1598219
1598250
1598266
1598291
1598310
1598311
1598321
1598336
1598365
1598367
1598377
1598379
1598383
1598386
1598387
1598412
1598418
1598512
1598549
1598556
1598571
1598572
1598648
1598657
1598670
1598675
1598688
1598690
1598697
1598699
1598740
1598745
1598751
1598756
1598771
1598796
1598804
1598811
1598843
1598858
1598867
1598872
1598885
1598900
1598916
1598923
1598936
1598969
1598975
1598993
1599005
1599012
1599014
1599018
1599032
1599040
1599045
1599053
1599066
1599068
1599085
1599136
1599147
1599161
1599164
1599184
1599189
1599198
1599210
1599223
1599227
1599251
1599310
1599317
1599328
1599338
1599340
1599374
1599466
1599485
1599488
1599492
1599507
1599510
1599538
1599550
1599558
1599566
1599568
1599570
1599575
1599576
1599580
1599613
1599616
1599627
1599628
1599630
1599638
1599640
1599649
1599667
1599672
1599673
1599680
1599688
1599705
1599721
1599754
1599755
1599762
1599763
1599787
1599805
1599810
1599812
1599823
1599844
1599876
1599877
1599884
1599894
1599896
1599916
1599923
1599930
1599944
1599949
1599952
1599961
1599977
1599986
1600040
1600041
1600049
1600055
1600058
1600071
1600088
1600091
1600093
1600104
1600110
1600157
1600160
1600168
1600173
1600185
1600192
1600201
1600247
1600252
1600260
1600271
1600281
1600297
1600371
1600396
1600403
1600408
1600419
1600426
1600446
1600447
1600464
1600488
1600519
1600528
1600539
1600541
1600550
1600558
1600562
1600566
1600588
1600618
1600624
1600681
1600686
1600756
1600768
1600814
1600841
1600888
1600954
1600958
1600963
1600998
1601007
1601015
1601024
1601032
1601036
1601041
1601042
1601045
1601051
1601064
1601078
1601081
1601094
1601110
1601122
1601142
1601146
1601157
1601164
1601181
1601211
1601212
1601213
1601234
1601235
1601246
1601282
1601329
1601336
1601337
1601349
1601379
1601383
1601483
1601487
1601499
1601500
1601514
1601517
1601548
1601551
1601563
1601587
1601602
1601605
1601607
1601630
1601635
1601653
1601658
1601674
1601692
1601695
1601696
1601708
1601715
1601722
1601737
1601785
1601800
1601801
1601802
1601835
1602110
1602113
1602115
1602116
1602117
1602118
1602119
1602124
1602199
1602211
1602709
1602710
1602711
1602712
1602713
1602714
1602715
1602716
1602717
1602718
1602719
1602720
1602721
1602722
1602723
1602752
1602755
1602756
1602757
1602761
1602764
1602767
1602771
1602772
1602775
1602776
1602777
1602778
1602782
1602785
1602787
1602791
1602794
1602796
1602798
1602799
1602802
1602806
1602809
1602810
1602812
1602814
1602815
1602816
1602821
1602822
1602823
1602827
1602829
1602833
1602837
1602838
1602841
1602844
1602846
1602850
1602855
1602857
1602861
1602862
1602863
1602867
1602921
1602925
1602946
1602947
1603039
1603067
1603068
1603322
1603323
1603328
1603331
1603332
1603334
1603367
1603368
1603414
1603436
1603564
1603849
1603962
1603963
1603964
1604019
1604355
1604356
1604434
1604435
1604437
1604438
1604439
1604510
1604718
1604767
1604768
1604773
1604833
1604848
1604859
1604868
1604871
1604872
1604873
1604874
1604875
1604876
1604920
1604924
1605072
1605261
1605378
1605379
1605403
1605432
1605721
1605790
1605934
1605935
1605936
1605943
1605947
1605951
1605953
1605964
1605968
1605969
1605972
1605995
1606497
1606498
1606499
1606500
1606501
1606502
1606503
1606504
1606763
1606764
1606765
1606860
1607696
1607700
1607701
1607705
1607706
1607710
1607711
1607713
1607714
1607715
1607716
1607717
1607721
1607723
1607724
1607726
1607727
1607730
1607735
1607736
1607978
1607979
1608040
1608041
1608042
1608043
1608044
1608045
1608046
1608047
1608048
1608049
1608050
1608051
1608053
1608054
1608055
1608056
1608057
1608058
1608059
1608060
1608061
1608062
1608063
1608064
1608065
1608066
1608067
1608068
1608069
1608070
1608071
1608072
1608073
1608074
1608075
1608076
1608077
1608078
1608079
1608080
1608081
1608082
1608083
1608084
1608085
1608086
1608087
1608088
1608089
1608090
1608091
1608092
1608093
1608094
1608095
1608096
1608097
1608098
1608099
1608100
1608101
1608102
1608103
1608104
1608105
1608106
1608107
1608108
1608109
1608110
1608111
1608112
1608113
1608114
1608115
1608117
1608118
1608119
1608120
1608121
1608122
1608123
1608124
1608125
1608126
1608127
1608128
1608129
1608130
1608131
1608132
1608133
1608134
1608135
1608136
1608137
1608138
1608139
1608141
1608142
1608143
1608144
1608145
1608146
1608147
1608255
1608257
1608310
1608311
1608323
1608440
1608451
1608532
1608533
1608649
1608669
1608670
1608673
1608674
1608675
1608677
1608678
1608679
1608680
1608681
1608682
1608683
1608684
1608685
1608686
1608687
1608688
1608851
1608960
1608963
1608964
1608965
1608966
1608969
1608974
1608980
1609053
1609130
1609131
1609138
1609290
1609594
1609604
1609606
1609607
1609608
1609609
1609611
1609612
1609613
1609634
1609642
1609644
1609647
1609649
1609651
1609657
1609661
1609662
1609664
1609665
1609670
1609673
1609678
1609681
1609684
1609686
1609690
1609696
1609702
1609703
1609705
1609706
1609707
1609708
1609710
1609711
1609713
1609714
1609715
1609717
1609718
1609719
1609721
1609722
1609725
1609726
1609727
1609728
1609729
1609731
1609733
1609734
1609738
1609739
1610494
1610508
1610509
1610817
1610818
1610819
1610820
1610828
1610829
1610830
1610831
1610832
1610833
1610834
1610835
1610836
1610837
1610838
1610845
1610846
1610855
1610872
1611039
1611419
1611421
1611435
1611545
1611837
1611865
1611866
1611867
1611868
1611869
1611875
1611877
1612310
1612311
1612312
1612636
1612637
1612661
1612662
1612664
1612665
1612672
1612677
1612686
1612696
1612702
1612705
1612722
1612737
1612825
1612885
1612886
1612899
1612901
1612913
1612915
1612946
1612948
1612990
1612994
1613002
1613015
1613043
1613052
1613128
1613133
1613139
1613155
1613166
1613182
1613183
1613186
1613192
1613193
1613209
1613218
1613238
1613247
1613249
1613257
1613275
1613286
1613295
1613336
1613342
1613357
1613359
1613378
1613385
1613470
1613473
1613477
1613479
1613484
1613490
1613492
1613515
1613524
1613540
1613568
1613573
1613575
1613579
1613604
1613608
1613615
1613616
1613621
1613650
1613655
1613691
1613799
1613801
1613807
1613809
1613815
1613819
1613829
1613833
1613835
1613840
1613841
1613881
1613883
1613886
1613908
1613931
1613932
1613937
1613945
1613948
1613949
1613951
1613953
1613958
1613959
1613960
1613969
1613991
1613993
1614012
1614039
1614091
1614111
1614115
1614116
1614117
1614133
1614146
1614148
1614158
1614161
1614184
1614185
1614186
1614187
1614188
1614189
1614211
1614213
1614243
1614253
1614264
1614267
1614284
1614290
1614296
1614298
1614305
1614309
1614323
1614330
1614333
1614335
1614338
1614340
1614343
1614347
1614371
1614372
1614382
1614399
1614428
1614434
1614435
1614437
1614438
1614442
1614452
1614504
1614507
1614530
1614534
1614537
1614567
1614569
1614571
1614572
1614585
1614594
1614601
1614604
1614605
1614612
1614614
1614621
1614622
1614642
1615583
1615611
1615758
1615760
1615765
1615797
1615798
1615968
1615970
1615971
1615972
1615973
1615975
1615976
1615977
1615978
1615979
1615980
1615983
1615985
1615993
1615994
1615995
1615996
1616182
1616665
1616796
1616797
1617234
1617812
1617814
1617816
1617819
1617820
1617821
1617994
1618062
1618063
1618189
1618232
1618233
1618234
1618235
1618236
1618237
1618238
1618239
1618240
1618241
1618242
1618243
1618244
1618245
1618246
1618247
1618248
1618249
1618250
1618251
1618252
1618253
1618254
1618255
1618256
1618257
1618258
1618259
1618260
1618318
1618321
1618323
1618324
1618325
1619156
1619215
1619217
1619218
1619219
1619220
1619253
1619662
1619678
1619899
1620432
1620434
1620452
1620456
1620457
1620458
1620507
1620508
1620509
1620511
1620512
1620516
1620521
1620522
1620525
1620526
1620527
1620528
1620529
1620530
1620532
1620533
1620534
1620535
1620536
1620537
1620541
1620542
1620547
1620555
1620556
1620557
1620558
1620564
1620565
1620568
1620573
1620575
1620578
1620581
1620584
1620591
1620592
1620594
1620595
1620597
1620606
1620608
1620611
1620615
1620617
1620628
1620638
1620640
1620644
1620646
1620652
1620653
1620659
1620660
1620661
1620662
1620663
1620665
1620666
1620669
1620672
1620678
1620682
1620683
1620702
1620891
1620892
1620893
1620895
1620896
1620897
1620966
1620968
1620969
1620970
1620971
1620972
1620973
1620974
1620975
1620976
1620977
1620979
1620980
1620981
1620983
1620984
1620985
1620986
1620988
1620989
1620990
1620991
1620992
1620993
1620994
1620995
1620996
1620997
1620999
1621000
1621001
1621002
1621003
1621004
1621005
1621006
1621007
1621008
1621009
1621012
1621013
1621015
1621097
1621098
1621099
1621101
1621102
1621103
1621104
1621317
1621723
1621732
1621736
1621741
1621743
1621749
1621760
1621794
1621796
1621798
1621831
1621889
1621935
1621937
1621983
1622024
1622085
1622114
1622115
1622116
1622190
1622191
1622192
1622193
1622234
1622279
1622295
1622296
1623193
1623195
1623202
1623273
1623274
1623275
1623276
1623277
1623278
1623280
1623281
1623282
1623283
1623284
1623285
1623286
1623287
1623288
1623289
1623290
1623292
1623293
1623295
1623297
1623298
1623299
1623300
1623301
1623302
1623303
1623304
1623305
1623306
1623307
1623308
1623309
1623310
1623311
1623678
1623681
1623682
1623684
1623685
1623686
1623687
1623688
1623689
1627834
1627945
1627946
1627954
1627961
1627962
1627963
1627967
1627973
1627974
1627975
1627976
1627982
1627983
1627986
1627989
1627990
1627992
1627994
1627995
1628003
1628004
1628145
1628146
1628184
1628185
1628186
1628187
1628188
1628264
1628266
1628267
1628721
1628725
1628808
1628809
1628834
1628896
1628899
1629132
1629337
1629344
1629345
1629348
1629350
1629352
1629551
1629646
1629647
1629649
1629654
1629656
1629657
1629665
1629666
1629667
1629669
1629671
1629953
1629954
1630047
1630054
1630056
1630077
1630078
1630083
1630098
1630099
1630103
1630110
1631194
1631195
1631258
1631259
1631261
1631303
1631304
1631306
1631307
1631308
1631309
1631312
1631316
1631317
1631320
1631325
1631330
1631331
1631332
1631333
1631334
1631335
1631338
1631550
1631551
1631552
1631554
1631643
1631645
1631661
1631816
1632184
1632843
1632851
1632853
1633139
1633149
1633150
1633151
1633187
1633336
1633359
1633360
1633367
1633374
1633385
1633569
1633570
1633620
1633709
1633715
1633717
1633719
1633723
1633725
1633731
1633736
1633752
1633782
1633878
1634191
1634192
1634193
1634194
1634195
1634196
1634200
1634206
1634207
1634208
1634212
1634219
1634221
1634224
1634226
1634228
1634229
1634231
1634232
1634233
1634235
1634237
1634239
1634240
1634241
1634243
1634244
1634245
1634247
1634249
1634251
1634252
1634253
1634254
1634262
1634263
1634264
1634267
1634269
1634272
1634275
1634276
1634277
1634278
1634279
1634282
1634287
1634295
1634299
1634300
1634301
1634317
1634320
1634323
1634327
1634329
1634330
1634336
1634337
1634341
1634354
1634355
1634381
1634476
1634484
1634485
1634486
1634487
1634488
1634490
1634883
1634887
1634906
1634914
1635141
1636179
1636180
1636182
1636183
1636184
1636189
1636200
1636201
1636202
1636203
1636204
1636205
1636249
1636250
1636254
1636255
1636257
1636259
1636261
1636262
1636263
1636270
1636271
1636313
1636314
1636315
1636449
1636504
1636535
1636544
1636545
1636546
1636554
1636555
1636556
1636557
1636558
1636559
1636560
1636561
1636562
1636563
1636565
1636566
1636567
1636568
1636569
1636570
1636571
1636572
1636573
1636574
1636575
1636576
1636577
1636578
1636579
1636580
1636581
1636582
1636583
1636584
1636585
1636586
1636587
1636616
1636617
1636618
1636724
1636729
1636741
1636761
1636786
1636790
1636793
1636808
1636828
1637208
1637211
1637215
1637216
1637492
1637496
1637527
1638137
1638618
1638619
1638769
1638770
1638771
1638772
1638797
1638803
1638809
1638823
1638838
1638839
1638840
1638847
1638849
1638875
1638882
1638884
1638890
1638891
1638892
1638895
1638896
1638923
1638953
1638954
1638956
1638957
1638958
1639043
1639048
1639049
1639050
1639052
1639056
1639065
1639067
1639068
1639125
1639184
1639187
1639190
1639191
1639303
1639304
1639313
1639316
1639324
1639328
1639332
1639814
1639815
1639822
1639823
1639824
1640260
1640263
1640266
1640275
1640277
1640278
1640280
1640281
1640282
1640283
1640284
1640285
1640286
1640287
1640288
1640289
1640291
1640292
1640293
1640294
1640296
1640297
1640298
1640299
1640300
1640301
1640302
1640303
1640305
1640306
1640307
1640308
1640309
1640311
1640312
1640313
1640314
1640315
1640316
1640317
1640318
1640320
1640321
1640323
1640324
1640325
1640326
1640327
1640328
1640329
1640330
1640331
1640332
1640333
1640334
1640335
1640336
1640337
1640338
1640339
1640379
1640445
1640678
1640679
1640681
1640691
1640702
1640705
1640713
1640757
1640773
1640774
1640776
1640790
1640791
1640808
1640821
1640832
1640840
1640842
1640847
1640853
1640856
1640882
1640883
1640885
1640888
1640920
1640925
1640930
1640935
1640969
1640970
1640972
1640973
1640974
1640975
1640977
1640978
1641314
1641319
1641322
1641325
1641328
1641329
1641333
1641334
1641336
1641341
1641347
1641351
1641353
1641642
1641733
1641734
1641736
1641744
1641746
1641748
1641749
1641750
1641751
1641754
1641758
1641769
1641771
1641807
1641896
1642012
1642013
1642018
1642042
1642313
1642315
1642316
1642317
1642318
1642323
1642325
1642333
1642339
1642351
1642364
1642414
1642515
1642588
1642663
1642687
1642693
1642852
1642929
1643275
1643276
1643277
1643278
1643279
1643281
1643282
1643298
1643300
1643304
1643324
1643325
1643326
1643327
1643330
1643460
1643461
1643467
1643649
1643691
1643696
1643699
1643760
1643761
1643762
1643781
1643816
1643817
1644046
1644047
1644048
1644049
1644050
1644051
1644052
1644065
1644142
1645748
1645776
1645777
1645782
1645785
1645790
1645799
1645803
1645806
1645808
1645818
1645823
1645827
1645832
1645833
1645840
1645841
1645842
1645844
1645849
1645852
1645860
1645863
1645872
1645885
1646350
1646351
1646355
1646357
1646358
1646364
1646370
1646371
1646372
1646384
1646408
1646412
1646443
1646445
1646448
1646450
1646452
1646454
1646458
1646464
1646473
1646491
1646494
1647106
1647211
1647212
1647213
1647215
1647216
1647217
1647218
1647219
1647220
1647221
1647224
1647225
1647226
1647227
1647228
1647229
1647230
1647231
1647232
1647233
1647235
1647236
1647237
1647238
1647239
1647240
1647241
1647242
1647244
1647246
1647247
1647248
1647249
1647250
1647251
1647252
1647253
1647254
1647255
1647256
1647257
1647258
1647259
1647260
1647261
1647262
1647263
1647264
1647265
1647266
1647267
1647268
1647269
1647270
1647271
1647272
1647275
1647281
1647282
1647283
1647284
1647285
1647286
1647300
1647301
1647302
1647303
1647304
1647305
1647306
1647307
1647308
1647309
1647311
1647312
1647313
1647373
1647374
1647385
1647386
1647387
1647391
1647400
1647402
1647403
1647404
1647405
1647408
1647411
1647412
1647417
1647418
1647419
1647420
1647421
1647424
1647425
1647426
1647427
1647428
1647430
1647432
1647433
1647434
1647436
1647438
1647439
1647441
1647442
1647454
1647455
1647457
1647458
1647459
1647463
1647464
1647468
1647469
1647470
1647471
1647472
1647473
1647474
1647475
1647476
1647486
1647494
1647499
1647500
1647524
1647525
1647527
1647528
1647529
1647530
1647531
1647532
1647533
1647534
1647535
1647536
1647537
1647538
1647539
1647540
1647541
1647542
1647543
1647544
1647546
1647549
1647550
1647551
1647552
1647553
1647554
1647555
1647585
1647587
1647591
1647592
1647594
1647595
1647596
1647785
1647789
1647794
1647796
1647798
1647805
1647807
1647922
1647924
1648067
1648068
1648069
1648071
1648074
1648075
1648077
1648079
1648082
1648083
1648084
1648481
1648482
1648483
1648484
1648602
1648624
1648627
1648670
1648733
1648761
1648768
1648813
1648839
1649141
1649142
1649144
1649145
1649193
1649197
1649199
1649200
1649239
1649240
1649336
1649337
1649829
1649830
1649831
1650736
1650957
1650963
1651168
1651169
1651178
1651181
1651182
1651183
1651185
1651186
1651190
1651191
1651192
1651193
1651194
1651195
1651198
1651199
1651200
1651201
1651202
1651203
1651204
1651816
1651880
1652026
1652048
1652468
1652816
1652818
1652820
1652873
1652906
1652920
1652964
1652965
1652969
1652971
1652973
1652978
1652980
1653058
1653086
1653087
1653304
1653394
1653395
1653397
1653398
1653399
1653485
1653487
1653491
1653495
1653497
1653498
1653502
1653503
1653505
1653507
1653508
1653509
1653510
1653511
1653512
1653513
1653515
1653734
1653877
1653878
1653879
1654029
1654030
1654031
1654032
1654033
1654034
1654069
1654070
1654071
1654072
1654073
1654074
1654075
1654076
1654077
1654078
1654079
1654080
1654081
1654083
1654084
1654085
1654086
1654087
1654088
1654089
1654090
1654091
1654092
1654093
1654094
1654095
1654096
1654097
1654098
1654099
1654100
1654101
1654102
1654103
1654104
1654105
1654106
1654107
1654108
1654109
1654111
1654112
1654113
1654114
1654115
1654116
1654117
1654118
1654119
1654120
1654121
1654122
1654125
1654126
1654127
1654128
1654129
1654130
1654131
1654132
1654133
1654134
1654136
1654137
1654138
1654139
1654140
1654141
1654142
1654143
1654144
1654146
1654147
1654148
1654149
1654150
1654151
1654152
1654153
1654154
1654155
1654156
1654158
1654159
1654160
1654161
1654162
1654163
1654164
1654165
1654166
1654167
1654168
1654169
1654170
1654171
1654172
1654174
1654175
1654176
1654177
1654179
1654180
1654181
1654182
1654184
1654185
1654186
1654187
1654188
1654189
1654190
1654191
1654192
1654193
1654194
1654195
1654197
1654198
1654199
1654200
1654201
1654202
1654203
1654204
1654206
1654207
1654208
1654209
1654210
1654211
1654212
1654213
1654214
1654215
1654216
1654217
1654218
1654220
1654221
1654222
1654223
1654224
1654225
1654226
1654227
1654229
1654230
1654231
1654232
1654233
1654234
1654236
1654238
1654239
1654241
1654242
1654243
1654244
1654245
1654246
1654248
1654249
1654250
1654251
1654252
1654253
1654254
1654255
1654256
1654258
1654259
1654260
1654261
1654262
1654263
1654264
1654265
1654267
1654268
1654269
1654271
1654272
1654273
1654274
1654275
1654276
1654278
1654279
1654280
1654281
1654282
1654283
1654284
1654286
1654287
1654288
1654289
1654290
1654291
1654293
1654295
1654296
1654297
1654298
1654299
1654300
1654301
1654302
1654303
1654304
1654305
1654306
1654307
1654308
1654309
1654310
1654311
1654312
1654313
1654314
1654339
1654354
1654355
1654356
1654357
1654358
1654359
1654361
1654362
1654363
1654364
1654577
1654579
1654582
1654601
1654602
1654603
1654717
1654740
1654780
1654781
1654782
1654805
1654822
1654823
1654883
1654884
1654885
1654886
1654887
1654888
1654889
1654890
1654891
1654893
1654919
1654926
1654927
1654928
1654930
1655012
1655013
1655014
1655015
1655016
1655017
1655018
1655019
1655020
1655021
1655022
1655023
1655199
1655209
1655212
1655217
1655219
1655220
1655226
1655305
1655307
1655314
1655495
1655497
1655498
1655499
1655644
1655645
1655646
1655647
1655648
1655649
1655650
1655651
1655652
1655653
1655654
1655656
1655657
1655658
1655659
1655660
1655661
1655662
1656195
1656198
1656201
1656202
1656227
1657861
1657863
1657869
1657879
1657882
1657890
1657900
1657904
1658134
1658135
1658137
1658138
1658139
1658140
1658141
1658142
1658143
1658144
1658145
1658146
1658147
1658148
1658149
1658150
1658151
1658152
1658153
1658155
1658156
1658158
1658163
1658269
1658270
1658521
1658522
1658615
1658669
1658681
1658682
1658683
1658686
1658691
1658692
1658694
1658695
1658696
1658700
1658703
1658704
1658705
1658707
1658708
1658709
1658710
1658714
1658716
1658717
1658800
1658805
1658806
1658807
1658810
1658813
1658817
1658822
1658827
1658828
1658833
1658834
1658851
1658860
1658864
1658870
1658875
1658877
1658895
1658897
1658898
1658899
1658900
1658902
1658903
1658905
1658909
1658910
1658911
1658912
1658913
1658914
1658918
1658919
1658922
1658923
1658924
1658925
1658926
1658927
1658928
1658929
1658932
1658933
1658934
1658935
1658936
1658939
1658940
1658941
1658943
1658946
1658951
1658954
1658957
1658958
1658959
1658961
1658972
1658984
1658987
1658996
1659003
1659014
1659024
1659027
1659028
1659030
1659040
1659052
1659060
1659068
1659069
1659084
1659085
1659105
1659118
1659128
1659129
1659131
1659132
1659133
1659136
1659137
1659149
1659155
1659158
1659164
1659219
1659220
1659230
1659476
1659478
1659483
1659485
1659486
1659488
1659547
1659575
1659580
1659581
1659650
1659770
1659771
1659782
1659783
1659784
1659785
1659790
1659791
1659794
1659798
1659800
1659801
1659802
1659803
1659804
1659805
1659806
1659808
1659810
1659811
1659812
1659816
1659818
1659821
1659822
1659823
1660208
1660209
1660212
1660220
1660221
1660363
1660365
1660367
1660368
1660377
1660381
1660382
1660940
1661062
1661063
1661257
1661258
1661392
1661395
1661396
1661621
1661630
1661631
1661635
1661636
1661637
1661641
1661652
1661660
1661669
1661715
1661747
1662014
1662016
1662018
1662020
1662272
1662284
1662286
1662314
1662316
1662322
1662330
1662331
1662332
1662333
1662424
1662463
1662464
1663022
1663127
1663208
1663209
1663210
1663356
1663667
1663843
1663875
1663905
1663959
1664191
1664194
1664196
1664199
1664200
1664204
1664207
1664213
1664216
1664218
1664219
1664220
1664223
1664226
1664233
1664244
1664246
1664247
1664809
1664810
1665345
1665361
1665420
1665475
1665644
1665645
1665646
1665647
1665648
1665649
1665650
1665651
1665652
1666987
1666988
1667230
1667232
1667233
1667234
1667235
1667322
1667369
1667373
1667378
1667384
1667587
1670601
1670602
1670662
1670663
1670664
1670669
1670671
1670675
1670677
1670678
1670679
1670944
1670965
1670973
1670975
1671380
1671382
1671396
1671405
1671407
1671411
1671413
1671415
1671417
1671418
1671422
1671423
1671426
1671427
1671600
1671798
1672380
1672381
1672382
1672383
1672384
1672385
1672394
1672395
1672404
1672407
1672411
1672418
1672420
1672424
1672434
1672435
1672441
1672445
1672447
1672450
1672460
1672464
1672471
1672472
1672476
1672478
1672482
1672486
1672487
1672500
1672511
1672522
1672529
1672544
1672546
1672549
1672555
1672556
1672559
1672572
1672581
1672594
1672596
1673065
1673633
1673637
1673638
1673640
1673642
1673643
1673645
1673646
1673681
1673871
1673872
1673873
1673874
1673875
1673876
1673877
1673878
1673884
1673885
1673886
1673887
1673889
1673892
1674926
1674927
1674928
1674930
1674945
1674967
1674968
1674969
1674970
1674971
1674972
1674973
1674974
1674975
1674976
1674977
1674991
1675000
1675001
1675008
1675010
1675011
1675012
1675014
1675027
1675028
1675029
1675030
1675309
1675317
1675529
1675531
1675543
1675544
1675548
1675549
1675550
1675551
1675552
1675553
1675554
1675555
1675556
1675557
1675570
1675571
1675584
1675588
1675590
1675593
1675595
1675598
1675599
1675600
1675601
1675602
1675603
1675606
1675607
1675608
1675609
1675862
1675863
1675864
1675865
1675866
1676029
1676033
1676097
1676122
1676181
1676182
1676183
1676184
1676185
1676254
1676255
1676256
1676267
1676469
1676471
1676472
1676473
1676474
1676475
1676476
1676477
1676478
1676480
1676481
1676482
1676483
1676844
1676845
1676848
1676851
1676855
1676859
1676958
1676988
1677763
1677770
1677771
1677772
1677809
1677897
1677898
1677899
1677943
1677947
1677949
1677950
1678003
1678004
1678078
1678082
1678141
1678142
1678143
1678144
1678145
1678146
1678147
1678159
1678160
1678161
1678162
1678163
1678164
1678165
1678166
1678167
1678168
1678169
1678170
1678171
1678172
1678173
1678174
1678175
1678176
1678178
1678179
1678180
1678181
1678182
1678183
1678184
1678185
1678186
1678187
1678208
1678224
1678225
1678227
1678228
1678229
1678230
1678231
1678234
1678251
1678345
1678599
1678772
1678781
1678786
1678905
1678906
1678934
1678947
1679172
1679238
1679239
1679241
1679445
1679502
1679524
1679527
1679530
1679696
1679697
1679698
1679849
1679850
1679881
1679882
1679884
1679885
1679889
1679890
1679895
1679896
1679904
1679907
1679908
1679909
1679910
1679911
1679912
1679915
1679916
1679917
1679918
1679920
1679921
1679933
1680129
1680130
1680643
1680644
1680650
1680651
1680652
1680653
1680654
1680655
1680656
1680657
1680658
1680659
1680660
1680661
1680662
1680663
1680664
1680665
1680666
1680894
1680908
1681861
1681878
1681886
1681894
1681908
1681924
1681942
1681968
1681975
1681982
1681983
1681996
1682009
1682185
1682186
1682187
1682339
1682340
1682341
1682363
1682370
1682371
1682380
1682394
1683433
1683434
1683460
1683461
1683462
1683464
1683467
1684115
1684171
1684228
1684244
1684251
1684512
1684513
1684514
1684515
1684750
1684751
1684825
1685090
1685109
1685110
1685500
1685501
1685502
1685697
1685724
1685725
1685726
1685727
1685729
1685730
1685731
1685732
1685733
1685734
1685735
1685736
1685737
1685738
1685739
1685740
1685741
1685742
1685743
1685744
1685745
1685746
1685747
1685748
1685749
1685750
1685751
1685752
1685753
1685754
1685755
1685756
1685757
1685758
1685759
1685760
1685761
1685762
1685763
1685764
1685765
1685767
1685768
1685769
1685770
1685771
1685772
1685773
1685774
1685775
1685776
1685777
1685778
1685779
1685780
1685781
1685783
1685784
1685785
1685786
1685953
1686327
1686407
1686408
1686431
1686464
1686465
1686594
1686595
1686597
1686819
1686827
1686842
1686849
1688516
1688620
1688624
1688625
1688627
1688637
1689660
1689679
1689785
1690001
1690006
1690031
1690032
1690034
1690035
1690255
1690262
1690263
1690425
1690426
1690427
1690428
1690431
1690456
1690666
1690672
1690684
1690685
1690686
1690687
1690688
1690689
1690690
1690691
1690692
1690693
1690694
1690695
1690696
1690697
1690699
1690700
1690701
1690702
1690703
1690704
1690705
1690706
1690707
1690708
1690709
1690710
1690711
1690712
1690713
1690714
1690715
1690716
1690717
1690718
1690719
1690720
1690721
1690722
1690723
1690724
1690725
1690726
1690727
1690728
1690729
1690730
1690731
1690732
1690733
1690734
1690735
1690736
1690737
1690738
1690739
1690740
1690741
1690742
1690743
1690744
1690745
1690746
1690747
1690748
1690749
1690750
1690751
1690752
1690753
1690754
1690755
1690756
1690757
1690758
1690759
1690760
1690761
1690762
1690763
1690764
1690765
1690766
1690767
1690768
1690769
1690770
1690771
1690772
1690773
1690774
1690775
1690776
1690777
1690778
1690779
1690780
1690781
1690783
1690784
1690785
1690786
1690787
1690788
1690790
1690791
1690792
1690793
1690794
1690795
1690796
1690797
1690798
1690799
1690800
1690801
1690802
1690803
1690804
1690805
1690806
1690809
1690813
1690814
1690816
1690817
1690818
1691462
1691464
1691465
1691468
1691469
1691471
1691472
1691475
1691477
1691478
1691481
1691485
1691488
1691491
1691492
1691494
1691496
1691498
1691499
1691889
1691954
1691955
1691956
1691958
1691962
1692023
1692027
1692045
1692107
1692151
1692152
1692153
1692155
1692156
1692171
1692191
1692242
1692243
1692244
1692245
1692246
1692247
1692248
1692249
1692250
1692251
1692252
1692253
1692254
1692255
1692256
1692257
1692258
1692259
1692260
1692261
1692262
1692263
1695189
1695193
1695221
1696542
1696543
1697322
1697325
1697328
1697329
1697330
1697331
1697332
1697333
1697334
1697335
1697336
1697338
1697341
1697349
1697440
1697442
1697443
1697444
1697445
1697802
1697811
1697813
1697814
1697816
1697819
1697821
1697831
1697836
1697842
1697843
1697847
1697850
1697851
1697867
1697918
1697976
1697977
1698018
1698019
1698020
1698021
1698022
1698023
1698027
1698028
1698033
1698034
1698252
1698253
1698330
1698331
1698332
1698333
1698334
1698336
1698337
1698338
1698340
1698341
1698343
1698344
1698346
1698347
1698348
1698349
1698350
1698351
1698352
1698356
1698357
1698358
1698359
1698360
1698361
1698362
1698363
1698366
1698367
1698369
1698417
1698419
1698420
1698421
1698423
1698439
1698440
1698441
1698451
1698522
1698523
1698708
1698709
1698710
1698711
1698712
1698713
1698714
1698715
1698716
1698796
1699092
1699094
1699095
1699096
1699255
1699258
1699259
1699264
1699265
1699266
1699268
1699269
1699270
1699271
1699316
1699322
1699324
1699329
1699339
1699342
1699344
1699352
1699360
1699361
1699588
1699600
1699633
1699652
1699888
1700833
1701257
1701259
1701260
1701401
1701404
1701405
1701431
1701432
1701435
1701437
1701440
1701450
1701466
1701503
1701507
1701515
1701549
1701671
1701764
1701793
1701798
1701799
1701800
1701802
1701803
1701804
1701805
1701806
1701807
1701808
1701809
1701810
1701811
1701812
1701813
1701814
1701816
1701817
1701819
1701820
1701821
1701824
1701825
1701826
1701827
1701828
1701830
1701831
1701832
1701834
1701835
1701837
1701841
1701842
1701844
1701845
1701846
1701847
1701848
1701849
1701850
1701851
1701853
1701854
1701863
1701866
1701888
1701890
1701891
1701892
1701893
1701894
1701927
1701939
1701940
1701941
1701957
1702121
1702122
1702259
1702318
1702589
1702590
1702593
1702594
1702596
1702599
1702600
1703222
1703562
1703664
1703716
1703994
1703996
1703998
1704000
1704001
1704003
1704004
1704090
1704097
1704099
1704100
1704101
1704102
1704103
1704104
1704105
1704107
1704108
1704109
1704110
1704111
1704112
1704114
1704115
1704117
1704519
1704520
1704521
1705090
1705092
1705093
1705128
1705133
1705138
1705259
1705297
1705352
1705427
1705590
1705591
1705594
1705618
1706310
1706312
1706316
1706318
1706319
1706323
1706325
1706327
1706328
1706341
1706343
1706361
1706830
1706831
1706852
1706853
1707317
1707318
1707319
1707321
1707323
1707324
1707325
1707330
1707363
1707377
1707998
1708016
1708034
1708035
1708326
1708327
1708328
1708330
1708331
1708332
1708333
1708334
1708335
1708336
1708337
1708338
1708339
1708340
1708341
1708342
1708343
1708344
1708346
1708348
1708367
1708368
1708380
1708381
1708382
1708385
1708386
1708387
1708389
1708390
1708391
1708392
1708393
1708394
1708395
1708404
1708482
1708483
1708484
1708485
1708486
1708487
1708488
1708572
1708574
1708653
1708654
1708711
1708788
1710500
1710501
1710503
1710861
1710863
1710879
1711625
1711684
1711685
1711929
1712387
1712389
1712394
1712517
1712519
1712520
1712521
1712523
1712524
1712525
1712526
1712527
1712528
1712529
1712530
1712531
1712532
1712533
1712534
1712535
1712537
1712539
1712570
1712572
1712669
1713550
1713555
1713565
1713566
1713567
1713575
1713580
1713588
1713590
1713592
1713600
1713604
1713606
1713612
1713622
1713624
1714267
1714268
1714269
1714272
1714273
1714296
1714297
1714298
1714362
1714363
1714364
1714365
1714366
1714367
1714368
1714369
1714370
1714376
1714377
1714570
1714618
1714619
1714621
1714622
1714780
1714781
1714785
1714788
1714790
1714794
1715288
1715290
1715291
1715292
1715293
1715295
1715653
1715657
1715659
1715664
1715665
1715670
1715671
1715675
1715695
1715778
1715779
1715780
1715781
1715782
1716041
1716042
1716631
1716704
1716714
1716742
1716786
1716789
1716795
1716832
1716884
1716903
1716992
1717043
1717090
1717098
1717132
1717143
1717144
1717146
1717147
1717148
1717149
1717150
1717151
1717152
1717153
1717154
1717189
1717190
1717191
1717192
1717193
1717195
1717196
1717197
1717198
1717199
1717200
1717201
1717202
1717203
1717204
1717206
1717207
1717879
1717880
1718158
1718159
1718160
1718161
1718166
1718171
1718172
1718174
1718175
1718177
1718179
1718180
1718181
1718185
1718187
1718190
1718273
1718278
1718279
1718280
1718281
1718592
1718594
1718595
1718599
1718600
1718601
1718606
1718669
1718840
1718841
1718842
1719002
1719003
1719004
1719006
1719007
1719008
1719009
1719010
1719011
1719012
1719013
1719014
1719015
1719016
1719017
1719019
1719020
1719021
1719022
1719023
1719038
1719039
1719040
1719041
1719042
1719043
1719044
1719045
1719047
1719048
1719049
1719050
1719051
1719140
1719191
1719192
1719197
1719263
1719264
1719265
1719266
1719267
1719268
1719269
1719273
1719300
1719302
1719314
1719320
1719323
1719337
1719691
1719695
1719698
1719699
1719704
1719709
1719711
1719724
1720085
1720095
1720323
1720324
1720493
1720494
1720495
1720498
1720499
1720500
1720501
1720503
1720504
1720526
1720595
1720829
1720836
1720838
1720839
1720843
1720845
1720852
1721090
1721103
1721105
1723362
1723446
1723728
1725127
1725329
1725367
1727160
1728943
1728946
1728950
1728956
1728958
1728964
1728987
1728988
1728992
1729003
1729007
1729141
1729374
1729381
1729383
1729385
1729387
1729390
1729391
1729392
1729393
1729399
1729402
1729403
1729406
1729407
1729410
1729411
1729424
1729428
1729432
1729434
1729654
1729655
1729670
1729906
1729907
1729934
1729936
1729937
1730924
1730926
1730927
1730928
1730929
1730930
1730931
1730940
1730942
1730949
1730950
1730954
1730980
1730988
1730990
1731022
1731028
1731031
1731036
1731039
1731044
1731047
1731050
1731056
1731072
1731074
1731079
1731080
1731081
1731082
1731087
1731094
1731100
1731102
1731111
1731112
1731114
1731115
1731116
1731119
1731128
1731130
1731133
1731136
1731139
1731147
1731148
1731150
1731159
1731163
1731167
1731170
1731171
1731173
1731174
1731175
1731179
1731184
1731185
1731188
1731199
1731201
1731207
1731209
1731210
1731213
1731216
1731217
1731218
1731219
1731220
1731223
1731236
1731238
1731248
1731260
1731267
1731268
1731269
1731270
1731273
1731278
1731281
1731298
1731303
1731306
1731308
1731314
1731316
1731332
1731350
1731351
1731353
1731354
1731357
1731372
1731374
1731379
1731389
1731394
1731395
1731402
1731413
1731417
1731419
1731423
1731429
1731433
1731434
1731445
1731467
1731472
1731482
1731485
1731486
1731488
1731505
1731513
1731514
1731515
1731517
1731524
1731526
1731527
1731529
1731539
1731542
1731550
1731553
1731557
1731560
1731577
1731578
1731583
1731584
1731585
1731589
1731593
1731596
1731598
1731599
1731603
1731604
1731612
1731614
1731618
1731621
1731626
1731629
1731630
1731634
1731636
1731639
1731642
1731647
1731650
1731653
1731659
1731664
1731667
1731674
1731677
1731679
1731692
1731694
1731741
1731745
1731753
1731754
1731756
1731757
1731761
1731783
1731794
1731804
1731819
1731822
1731829
1731832
1731834
1731841
1731843
1731844
1731847
1731857
1731860
1731861
1731872
1731878
1731885
1731898
1731906
1731914
1731915
1731918
1731920
1731921
1731924
1731925
1731938
1731939
1731940
1731950
1731951
1731957
1731971
1731984
1731985
1732025
1732063
1732064
1732172
1732173
1732174
1732175
1732176
1732177
1732178
1732179
1732180
1732297
1733586
1733605
1733606
1733609
1733610
1733616
1733618
1733619
1733621
1733627
1733628
1733629
1733639
1733640
1733642
1733644
1733646
1733647
1733654
1733657
1733676
1733677
1733678
1733683
1733690
1733694
1733697
1733699
1733702
1733703
1733706
1733712
1733713
1733715
1733726
1733736
1733739
1733753
1733759
1733762
1733765
1733777
1733782
1733784
1733792
1733795
1733801
1733810
1733820
1733822
1733827
1733828
1733830
1733834
1733840
1733842
1733843
1733845
1733846
1733853
1733857
1733862
1733868
1733870
1733873
1733874
1733876
1733882
1733883
1734220
1734227
1734230
1734231
1734235
1734242
1734243
1734245
1734249
1734252
1734254
1734255
1734259
1734262
1734265
1734266
1734267
1734270
1734273
1734274
1734276
1734282
1734283
1734287
1734292
1734294
1734295
1734296
1734298
1734303
1734305
1734308
1734310
1734315
1734318
1734324
1734327
1734328
1734329
1734332
1734333
1734336
1734337
1734341
1734344
1734357
1734360
1734362
1734363
1734364
1734366
1734374
1734375
1734377
1734379
1734382
1734439
1734440
1734441
1734442
1734443
1734480
1735029
1735033
1735037
1735281
1735462
1735464
1735465
1735466
1735561
1735562
1735565
1735574
1735582
1735586
1735587
1735591
1735645
1735646
1735650
1735698
1735699
1735700
1735701
1735702
1735721
1735722
1736109
1736634
1736705
1736709
1736713
1736720
1736759
1736767
1736783
1736786
1736787
1736790
1736793
1736795
1736796
1736798
1736799
1736800
1736802
1736803
1736804
1736805
1737090
1737093
1737150
1737151
1737152
1737156
1737157
1737160
1737168
1737170
1737175
1737179
1737181
1737182
1737189
1737191
1737198
1737199
1737200
1737202
1737204
1737208
1737216
1737220
1737223
1737229
1737240
1737248
1737250
1737258
1737262
1737263
1737266
1737267
1737275
1737278
1737279
1737281
1737282
1737285
1737289
1737294
1737296
1737299
1737344
1737345
1737346
1737463
1737465
1737467
1737522
1737523
1737565
1737583
1737586
1737587
1737588
1738045
1738445
1738604
1738772
1739607
1739608
1739609
1739610
1739611
1739614
1739625
1739631
1739952
1739954
1739957
1739960
1739963
1739966
1739967
1739968
1739971
1739985
1740018
1740036
1740050
1740055
1740060
1740071
1740165
1740343
1740348
1740360
1740361
1740362
1740644
1740645
1740646
1740647
1740648
1740824
1740830
1740835
1740836
1740837
1740838
1740841
1740843
1740847
1740848
1740849
1740851
1740852
1740853
1740854
1740855
1740857
1742422
1742594
1742595
1742596
1742752
1743003
1743006
1743007
1743015
1743016
1743021
1743053
1743398
1743410
1743411
1744851
1744859
1744860
1744862
1744867
1744961
1745247
1745248
1745249
1745250
1746030
1746057
1746058
1746059
1746060
1746061
1746062
1746063
1746064
1746065
1746066
1746067
1746068
1746069
1746070
1746071
1746072
1746073
1746074
1746079
1746080
1746081
1746082
1746087
1747098
1747099
1747100
1747271
1747282
1747286
1747287
1747288
1747289
1747326
1747351
1747352
1747359
1747360
1747451
1747452
1747453
1747454
1747458
1747460
1747461
1747465
1747466
1747478
1747480
1747488
1747489
1747491
1747492
1747493
1747494
1747500
1747622
1747627
1747629
1747630
1747631
1747633
1747637
1747648
1747667
1747713
1747714
1748291
1748293
1748294
1748295
1748773
1749251
1750545
1750546
1750549
1750551
1750553
1750559
1750576
1750702
1750703
1750712
1751288
1751292
1751293
1751318
1751319
1751322
1751323
1751324
1751327
1751328
1751331
1751332
1751333
1751334
1751335
1751336
1751337
1751338
1751339
1751341
1751342
1751343
1751345
1751347
1751349
1751350
1751352
1751362
1751363
1751366
1751368
1751370
1751373
1751374
1751375
1751376
1751377
1751378
1751379
1751380
1751381
1751382
1751383
1751384
1751386
1751387
1751390
1751391
1751392
1751394
1751395
1751396
1751398
1751400
1751402
1751403
1751413
1751434
1751439
1751447
1751458
1751470
1751472
1751481
1752000
1752001
1752003
1752008
1752009
1752010
1752011
1752027
1752028
1752057
1752536
1752544
1752583
1752648
1752655
1752874
1752928
1752929
1752930
1754052
1754053
1754054
1754055
1754056
1754209
1754210
1754216
1754217
1755197
1755198
1755290
1755307
1755308
1755310
1755328
1755358
1755361
1755363
1755401
1755409
1755415
1755467
1755587
1755588
1755589
1755590
1755679
1755681
1755682
1755689
1755690
1755692
1755694
1755695
1755696
1755697
1755734
1755752
1755753
1755754
1755781
1755782
1755785
1755787
1755791
1755792
1755794
1755795
1755796
1755917
1755962
1755966
1755967
1755974
1755976
1755977
1755985
1755986
1755987
1756028
1756034
1756035
1756037
1756045
1756046
1756048
1756049
1756050
1756053
1756054
1756056
1756060
1756063
1756065
1756066
1756068
1756069
1756070
1756071
1756074
1756079
1756081
1756088
1756090
1756157
1756184
1756186
1756189
1756190
1756191
1756285
1756286
1756420
1756422
1756436
1756437
1756438
1756439
1756440
1756441
1756442
1756444
1756445
1756615
1756832
1757096
1757099
1757100
1757102
1757103
1757104
1757105
1757106
1757107
1757108
1757109
1757110
1757112
1757113
1757114
1757115
1757116
1757117
1757118
1757119
1757121
1757122
1757125
1757126
1757127
1757128
1757129
1757130
1757131
1757133
1757134
1757138
1757139
1757143
1757144
1757149
1757150
1757169
1757171
1757173
1757174
1757177
1757191
1757193
1757198
1757202
1757219
1757221
1757233
1757234
1757235
1757237
1757241
1757242
1757247
1757255
1757257
1757264
1757269
1757270
1757271
1757272
1757279
1757283
1757284
1757288
1757300
1757301
1757306
1757313
1757314
1757315
1757316
1757318
1757324
1757334
1757341
1757345
1757347
1757348
1757353
1757354
1757356
1757359
1757361
1757363
1757365
1757366
1757370
1757371
1757373
1757374
1757375
1757377
1757378
1757384
1757385
1757389
1757396
1757397
1757398
1757401
1757402
1757406
1757409
1757411
1757415
1757421
1757428
1757432
1757434
1757436
1757440
1757443
1757450
1757459
1757462
1757463
1757465
1757466
1757480
1757483
1757486
1757488
1757490
1757493
1757496
1757497
1757498
1757499
1757504
1757507
1757509
1757510
1757514
1757516
1757517
1757520
1757524
1757529
1757532
1757534
1757537
1757540
1757541
1757542
1757543
1757546
1757550
1757552
1757553
1757554
1757561
1757569
1757570
1757571
1757572
1757574
1757575
1757577
1757578
1757581
1757582
1757584
1757585
1757588
1757590
1757593
1757594
1757598
1757599
1757600
1757607
1757608
1757609
1757611
1757613
1757617
1757628
1757631
1757636
1757641
1757642
1757651
1757652
1757654
1757656
1757657
1757661
1757664
1757673
1757675
1757677
1757678
1757679
1757680
1757684
1757687
1757688
1757689
1757691
1757694
1757698
1757699
1757700
1757701
1757703
1757706
1757707
1757708
1757709
1757711
1757717
1757720
1757730
1757731
1757733
1757734
1757735
1757736
1757737
1757741
1757742
1757743
1757745
1757746
1757747
1757749
1757754
1757755
1757758
1757759
1757760
1757761
1757762
1757765
1757771
1757774
1757775
1757777
1757780
1757788
1757789
1757792
1757793
1757797
1757808
1757810
1757820
1757821
1757822
1757824
1757830
1757831
1757832
1757842
1757846
1757848
1757850
1757861
1757863
1757866
1757873
1757878
1757880
1757881
1757882
1758118
1758139
1758150
1758210
1758214
1758225
1758690
1758729
1758832
1758833
1758878
1758881
1758882
1758883
1759507
1759510
1759523
1759525
1759531
1759532
1760860
1760866
1760871
1760873
1760874
1760877
1760879
1760880
1760881
1760882
1760883
1760895
1760901
1760902
1760904
1760911
1760914
1760915
1760916
1760918
1760919
1760921
1760923
1760924
1760925
1760926
1760929
1760930
1760931
1760952
1760960
1760963
1761477
1761479
1761480
1761481
1761482
1761483
1761484
1761485
1761486
1761487
1761488
1761489
1761490
1761491
1761492
1761493
1761495
1761499
1761501
1761502
1761503
1761506
1761507
1761509
1761510
1761514
1761515
1761520
1761522
1761523
1761525
1761526
1761527
1761529
1761530
1761533
1761534
1761536
1761538
1761540
1761541
1761542
1761544
1761545
1761548
1761551
1761552
1761554
1761556
1761557
1761558
1761559
1761562
1761563
1761565
1761566
1761568
1761569
1761570
1761573
1761574
1761575
1761578
1761580
1761581
1761583
1761585
1761587
1761591
1761600
1761601
1761603
1761604
1761607
1761608
1761612
1761613
1761614
1761615
1761618
1761621
1761624
1761626
1761627
1761630
1761631
1761632
1761635
1761636
1761638
1761639
1761640
1761641
1761642
1761644
1761645
1761646
1761647
1761650
1761651
1761663
1761932
1761935
1762012
1762013
1762015
1762023
1762895
1763410
1763507
1763577
1763584
1763596
1763623
1763697
1763698
1763701
1763702
1763703
1763706
1763707
1763708
1763710
1763711
1763712
1763713
1763717
1763718
1763719
1763720
1763723
1763724
1763726
1763727
1763728
1763730
1763732
1763733
1764076
1764080
1764085
1764086
1764087
1765002
1765003
1765647
1765671
1765736
1765754
1766174
1766176
1766177
1766179
1766181
1766182
1766183
1766184
1766189
1766192
1766193
1766194
1766195
1766196
1766198
1766394
1766395
1766397
1766399
1766400
1766401
1766402
1766404
1766408
1766417
1766439
1766442
1766445
1766449
1766451
1766457
1766459
1766461
1766465
1766468
1766469
1766470
1766471
1766479
1766480
1766481
1766483
1766484
1766485
1766486
1766492
1766503
1766504
1766505
1766508
1766510
1766515
1766519
1766520
1766521
1766523
1766531
1766532
1766534
1766536
1766538
1766539
1766554
1766555
1766556
1766557
1766558
1766559
1766560
1766561
1766562
1766563
1766564
1766565
1766566
1766567
1766765
1766767
1766806
1766808
1766809
1766812
1766815
1766818
1766820
1766824
1766827
1766828
1766829
1768028
1768064
1768211
1768871
1768874
1768875
1769248
1769580
1769581
1769582
1769583
1769584
1769586
1769590
1769591
1769592
1769599
1769614
1769631
1769632
1769633
1769634
1769635
1769636
1769638
1769640
1769642
1769643
1769645
1769646
1769649
1769650
1769651
1769652
1769656
1769657
1769658
1769659
1769660
1769663
1769664
1769665
1769666
1769667
1769668
1769669
1769670
1769671
1769672
1769673
1769674
1769675
1769677
1769678
1769679
1769680
1769683
1769684
1769688
1769691
1769693
1769695
1769698
1769699
1769700
1769701
1769703
1769704
1769705
1769706
1769707
1769778
1769780
1769781
1769946
1769947
1769948
1769949
1770043
1770044
1770084
1770086
1770087
1770088
1770168
1770232
1770233
1770265
1770613
1770615
1770617
1770618
1771154
1771170
1771172
1771178
1771179
1771182
1771183
1771184
1771185
1771186
1771189
1771190
1771191
1771195
1771198
1771958
1772055
1772058
1772059
1772060
1772106
1772110
1772218
1772219
1772226
1772227
1772228
1772229
1772230
1772231
1772233
1772235
1772236
1772237
1772238
1772239
1772240
1772242
1772243
1772244
1772245
1772246
1772247
1772249
1772258
1772259
1772260
1772261
1772262
1772263
1772264
1772291
1772292
1772293
1772294
1772295
1772296
1772297
1772298
1772301
1772302
1772303
1772304
1772305
1772306
1772307
1772308
1772309
1772310
1772311
1772312
1772313
1772314
1772315
1772317
1772318
1772319
1772320
1772322
1772323
1772326
1772327
1772328
1772332
1774144
1774148
1774150
1774200
1774276
1774282
1774462
1774475
1774508
1774517
1774525
1774527
1774532
1774533
1774537
1774542
1774544
1774545
1774549
1774551
1774554
1774555
1774556
1774557
1774561
1774564
1774565
1774566
1774568
1774572
1774573
1774578
1774707
1774756
1774757
1774758
1774761
1774762
1774763
1774765
1774768
1774771
1774772
1774775
1774777
1774778
1774779
1774783
1774784
1774785
1774786
1774787
1774788
1774789
1774790
1774791
1774792
1774793
1774795
1774796
1774799
1774800
1774802
1774803
1774804
1774805
1774806
1774807
1774808
1774809
1774810
1774811
1774812
1774813
1774814
1774815
1774816
1774817
1774818
1774819
1774820
1774821
1774822
1774824
1774835
1774840
1774846
1774847
1774848
1774849
1774852
1774856
1774859
1774861
1774862
1774863
1774864
1774865
1774867
1774868
1774869
1774870
1774871
1774872
1774874
1774875
1774876
1774877
1774878
1774881
1774882
1774883
1774884
1774885
1774887
1774888
1774889
1774890
1774891
1774892
1774893
1774894
1774895
1774896
1774897
1774898
1774899
1774900
1774901
1774902
1774903
1774904
1774905
1774906
1774907
1774908
1774909
1774911
1774912
1774913
1774914
1774916
1774917
1774918
1774919
1774920
1774921
1774922
1774924
1774925
1774926
1774927
1775140
1775141
1775142
1775248
1775249
1775250
1775255
1775256
1775283
1775428
1775456
1775479
1775481
1775482
1775483
1775485
1775486
1775489
1775490
1775726
1775729
1775730
1775735
1775946
1775957
1775963
1776109
1776119
1776121
1776125
1776130
1776132
1776133
1776137
1776139
1776140
1776143
1776144
1776152
1776153
1776154
1776177
1776293
1776356
1776359
1776360
1776362
1776363
1776364
1776679
1776684
1776703
1776704
1776711
1776715
1776717
1776719
1776720
1776721
1776763
1777013
1777015
1777016
1777047
1777052
1777053
1777054
1777059
1777060
1777061
1777062
1777063
1777064
1777065
1777066
1777069
1777070
1777122
1777766
1777773
1777774
1777779
1777780
1777781
1777782
1777788
1777789
1777790
1777796
1777882
1777883
1777884
1777885
1777886
1777887
1777888
1777889
1777985
1777986
1778194
1778196
1778340
1778342
1778344
1778347
1778348
1778351
1778352
1778353
1778354
1778357
1778362
1778377
1778378
1778550
1778558
1778559
1778560
1778561
1778570
1778572
1778573
1778580
1778679
1778681
1778683
1778686
1778687
1778696
1778718
1778734
1778737
1778738
1779339
1779340
1779714
1779830
1779831
1779833
1779837
1779843
1779865
1779868
1779880
1779918
1779924
1779933
1779946
1779955
1779965
1779969
1779998
1780010
1780011
1780025
1780058
1780314
1780315
1780317
1780322
1780325
1780507
1781241
1781329
1783372
1783377
1783379
1783383
1783388
1783393
1783407
1783420
1783421
1783422
1783423
1783426
1783427
1783428
1783429
1783431
1783432
1783433
1783547
1784783
1784827
1784834
1784843
1784939
1784947
1784948
1784956
1784959
1784973
1784974
1784975
1784979
1784980
1784981
1784982
1785076
1785102
1785103
1785104
1785176
1785753
1785958
1785959
1785960
1785984
1788294
1788309
1788315
1788413
1788415
1788416
1788418
1788419
1788420
1788421
1788425
1788427
1788428
1788429
1788430
1788431
1788432
1788433
1788434
1788435
1788436
1788437
1788438
1788439
1788440
1788441
1788442
1788443
1788444
1788445
1788446
1788447
1788448
1788449
1788450
1788451
1788452
1788453
1788454
1788455
1788458
1788459
1788461
1788462
1788465
1788480
1788483
1788540
1788567
1788618
1788631
1788632
1788637
1788652
1788662
1788675
1788682
1788691
1788696
1788706
1788708
1788710
1788718
1788726
1788728
1788738
1788745
1788749
1788757
1788763
1788775
1788779
1788799
1788808
1788813
1788814
1788827
1788834
1788836
1788844
1788845
1788853
1788857
1788858
1788859
1788862
1788863
1788870
1788877
1788881
1788882
1788884
1789071
1789073
1789082
1789083
1789085
1789086
1789087
1789090
1789106
1789113
1789114
1789115
1789116
1789118
1789121
1789122
1789123
1789131
1789137
1789139
1789145
1789147
1789148
1789166
1789168
1789171
1789176
1789177
1789179
1789184
1789202
1789204
1789208
1789209
1789441
1789450
1789454
1789455
1789460
1789464
1789466
1789467
1789468
1789470
1789471
1789472
1789473
1789474
1789475
1789480
1789481
1789482
1789484
1789488
1789489
1789493
1789494
1789495
1789499
1789500
1789505
1789506
1789508
1789509
1789510
1789514
1789522
1789524
1789526
1789531
1789532
1789535
1789536
1789537
1789539
1789540
1789544
1789545
1789546
1789651
1789653
1789698
1789699
1789701
1789706
1789707
1789708
1789710
1789711
1789714
1789715
1789717
1789719
1789720
1789722
1789727
1789799
1789802
1789807
1789815
1789837
1789838
1789839
1789840
1789843
1789845
1789847
1789848
1789851
1789856
1789857
1789858
1789863
1789867
1789868
1789869
1789870
1789871
1789873
1789876
1789877
1789882
1789884
1789885
1789886
1789894
1789895
1789896
1789897
1789899
1789902
1789905
1789907
1789908
1789913
1789916
1789925
1789931
1789933
1789934
1789939
1789941
1789942
1789943
1789944
1789950
1789951
1789952
1789953
1789954
1790067
1790069
1790070
1790071
1792032
1792149
1792222
1792245
1792253
1792264
1792269
1792272
1792273
1792274
1792287
1792288
1792289
1792497
1792571
1792583
1792584
1792587
1792588
1792724
1792725
1792726
1792727
1792728
1792806
1792807
1792808
1792809
1792810
1792811
1792812
1792813
1792814
1792815
1792832
1792983
1793001
1793006
1793009
1793087
1793875
1793895
1793898
1793904
1793905
1793906
1793909
1793911
1793912
1793913
1793915
1793916
1793917
1793918
1794765
1794766
1794767
1794771
1794772
1794773
1794774
1794775
1794778
1794779
1794780
1794781
1794782
1794784
1794786
1794788
1794790
1794792
1794793
1794796
1794797
1794798
1794799
1794800
1794801
1794802
1794886
1794889
1794892
1794893
1794894
1794896
1795037
1795042
1795311
1795312
1795313
1795315
1795316
1795360
1795361
1795362
1795436
1795437
1795438
1795439
1795442
1795443
1795643
1795644
1795645
1795648
1795649
1795650
1795651
1795652
1795983
1795984
1795985
1795988
1795989
1795990
1795991
1795994
1795996
1795998
1795999
1796000
1796003
1796005
1796007
1796008
1796009
1796010
1796011
1796012
1796016
1796017
1796018
1796069
1796070
1796071
1796072
1796097
1796992
1796993
1796994
1796995
1796996
1796997
1796998
1797099
1797140
1798085
1798161
1798731
1798732
1798736
1798738
1798740
1798742
1798747
1802812
1802815
1802827
1802836
1802839
1802845
1802935
1802936
1802937
1802938
1802944
1802945
1802946
1802947
1802948
1802949
1802951
1802987
1802988
1802989
1802993
1802995
1803001
1803003
1803006
1803015
1803016
1803018
1803022
1803023
1803024
1803025
1803026
1803027
1803029
1803034
1803263
1803388
1803389
1803390
1803391
1803392
1803393
1803394
1803531
1803533
1803535
1803536
1803537
1803540
1803543
1803544
1803545
1803562
1803570
1803571
1803572
1803898
1803956
1803957
1803958
1803959
1803960
1804153
1804154
1804155
1804156
1804157
1804237
1804248
1804257
1804263
1804284
1804297
1804320
1804335
1804367
1804388
1804397
1804458
1804467
1804512
1804525
1804528
1804530
1804534
1804554
1804589
1805456
1805457
1805458
1805459
1805460
1805463
1805464
1805465
1805466
1805467
1805468
1805492
1805494
1805601
1805626
1805628
1805948
1805949
1805950
1805951
1805952
1805953
1805954
1805955
1805956
1805958
1805959
1806468
1806540
1806541
1806543
1806545
1806546
1806567
1806636
1806637
1807183
1807189
1807204
1807206
1807511
1807525
1807526
1807527
1807528
1807529
1807530
1807531
1807532
1807534
1807535
1807536
1807537
1807538
1807540
1807541
1807542
1807543
1807544
1807545
1807546
1807548
1807551
1807553
1807554
1807555
1807556
1807557
1807558
1807560
1807561
1807562
1807563
1807565
1807568
1807569
1807572
1807573
1807574
1807575
1807576
1807578
1807579
1807580
1807582
1807583
1807584
1807585
1807586
1807588
1807590
1807592
1807593
1807594
1807595
1807596
1807597
1807598
1807599
1807600
1807601
1807603
1807606
1807607
1807609
1807610
1807611
1807612
1807613
1807615
1807616
1807618
1807622
1807625
1807630
1807631
1807634
1807638
1807639
1807641
1807645
1807646
1807647
1807648
1807649
1807650
1807652
1807653
1807654
1807655
1807656
1807657
1807658
1807659
1807662
1807666
1807667
1807668
1807669
1807670
1807671
1807672
1807673
1807674
1807675
1807676
1807677
1807678
1807693
1807695
1807702
1807709
1807712
1807713
1807715
1807719
1807762
1807764
1807787
1807788
1807789
1807792
1807793
1807794
1807795
1807796
1807797
1807798
1807799
1807800
1807801
1807802
1807803
1807804
1807805
1807806
1807807
1807808
1807809
1807810
1807811
1807812
1807813
1807814
1807815
1807816
1807933
1808960
1808970
1808974
1809107
1809108
1809112
1809222
1809223
1809224
1809242
1809243
1809451
1809460
1809651
1809652
1809653
1809654
1809655
1809660
1809663
1809664
1809677
1809680
1809682
1809767
1810396
1810705
1810936
1810938
1810940
1810944
1810945
1810946
1810947
1810950
1810951
1810952
1811230
1811408
1811503
1811839
1811840
1811843
1811848
1811850
1811852
1811854
1811856
1811929
1811930
1811931
1811932
1812173
1812174
1812175
1812176
1812179
1812264
1812265
1812266
1812267
1812268
1812269
1812270
1812308
1812914
1813598
1813599
1813613
1813614
1813615
1813651
1813655
1813658
1813659
1813664
1813769
1813771
1813773
1813774
1813777
1813779
1813781
1813782
1813783
1813867
1813868
1813869
1813870
1813887
1813888
1814004
1814015
1814226
1814233
1814234
1814235
1814271
1814273
1814274
1814279
1814283
1814284
1814957
1814958
1814959
1814960
1815499
1815507
1815508
1815509
1815510
1815511
1815521
1815522
1815523
1815525
1815527
1815528
1815529
1815530
1815541
1815548
1815550
1815554
1815581
1815582
1815590
1815608
1815609
1815630
1815631
1815955
1815956
1815957
1815968
1815969
1815972
1815973
1815975
1815976
1815977
1815983
1815984
1815985
1815986
1815987
1815988
1815989
1816137
1816145
1816155
1816157
1816163
1816170
1816172
1816174
1816242
1816289
1816290
1816293
1816294
1816296
1816484
1816485
1816486
1816487
1816488
1816787
1816792
1817368
1817369
1817370
1817373
1817375
1817376
1817526
1817930
1817932
1817935
1817938
1817939
1817947
1817948
1817949
1818010
1818011
1818107
1819185
1819187
1819192
1819194
1819195
1819199
1819200
1819209
1819246
1819301
1819302
1819303
1819304
1819305
1819306
1819307
1819364
1819365
1819366
1819367
1819678
1819751
1819752
1819945
1819947
1819953
1819955
1819956
1819957
1819959
1819970
1819971
1819983
1819984
1819995
1820046
1820157
1820158
1820159
1820160
1820326
1820537
1820538
1820539
1820544
1820548
1820549
1820551
1820552
1820553
1820555
1820556
1820557
1820558
1820559
1820560
1820562
1820563
1820566
1820567
1820568
1820570
1820573
1820574
1820576
1820579
1820580
1820581
1820584
1820587
1820588
1820589
1820590
1820591
1821058
1821060
1821094
1821095
1821096
1821099
1821101
1821106
1821109
1821110
1821113
1821115
1821119
1821121
1821122
1821123
1821124
1821125
1821131
1821133
1821134
1821135
1821137
1821222
1821227
1821228
1821537
1821538
1821539
1821541
1821545
1821549
1821551
1821552
1821553
1821554
1821556
1821557
1821558
1821559
1821560
1821561
1821562
1821563
1821564
1821565
1821566
1821720
1821721
1821722
1821723
1821724
1821725
1821726
1821727
1821728
1821743
1821745
1821746
1821748
1821749
1821750
1821751
1821752
1821753
1821754
1821755
1822035
1822276
1822293
1822303
1822304
1822305
1822307
1822309
1822311
1822324
1822325
1822326
1822327
1822329
1822330
1822365
1823757
1823772
1823779
1823782
1823808
1823824
1823828
1823829
1823840
1823850
1823856
1823873
1823875
1823879
1823884
1823892
1823898
1823900
1823907
1823910
1823912
1823918
1823920
1823922
1823926
1823933
1823938
1823951
1823955
1823957
1823967
1823971
1823990
1824004
1824007
1824010
1824012
1824013
1824029
1824034
1824041
1824043
1824066
1824080
1824108
1824110
1824124
1824126
1824132
1824133
1824151
1824161
1824163
1824169
1824174
1824175
1824177
1824180
1824181
1824186
1824188
1824193
1824194
1824195
1824199
1824204
1824208
1824215
1824224
1824226
1824228
1824232
1824240
1824247
1824249
1824250
1824251
1824253
1824256
1824257
1824258
1824262
1824270
1824275
1824276
1824277
1824278
1824279
1824288
1824299
1824300
1824302
1824303
1824304
1824307
1824308
1824309
1824326
1824353
1824354
1824357
1824358
1824359
1824360
1824362
1824384
1824389
1824392
1824394
1824396
1824399
1824402
1824404
1824411
1824416
1824418
1824421
1824424
1824428
1824431
1824444
1824501
1824505
1824507
1824837
1824957
1825108
1825110
1825114
1825115
1825116
1825500
1825555
1825558
1825560
1825562
1825563
1825564
1825565
1825681
1825688
1825900
1825924
1825931
1825950
1826059
1826170
1826661
1826662
1826822
1826876
1827005
1828346
1828347
1828353
1828531
1828539
1828540
1828541
1828542
1828543
1828544
1828546
1828547
1828549
1828550
1828551
1830242
1830252
1830253
1830255
1830271
1830272
1830273
1830274
1830275
1830276
1830278
1830279
1830281
1830288
1830290
1830291
1830293
1830295
1830299
1830303
1830304
1830306
1833783
1833784
1833785
1833786
1833787
1833788
1833824
1833825
1833897
