506254
506258
506264
506268
506269
506271
506274
506276
506277
506282
506287
506291
506298
506300
506301
506302
506303
506306
506308
506310
506318
506323
506326
506328
506330
506331
506343
506347
506348
506350
506361
506374
506375
506377
506378
506380
506381
506382
506383
506384
506385
506386
506387
506389
506392
506393
506395
506401
506402
506403
506404
506408
506409
506412
506415
506417
506420
506423
507128
507167
507168
507180
507250
507277
507284
507322
507327
507474
507475
507476
507486
507488
507713
507715
507716
507717
507719
507722
507728
507730
507757
508362
508408
508410
508414
508418
508419
508441
508442
508669
508670
508671
508672
508674
508675
508681
508748
508750
508759
508775
508791
508800
508810
508850
508855
508861
508863
509154
509531
509532
509628
509923
510218
510221
510224
510229
510232
510235
510244
510517
510519
510522
510588
510627
510631
510636
510638
510644
510647
510650
510654
510659
510660
510661
510662
510663
510664
510665
510666
510667
510668
510669
510670
510671
510672
510673
510674
510675
510676
510677
510678
510679
510680
510682
510834
510835
510836
510841
510850
510853
510854
510863
510868
510882
510884
510885
510886
510887
510888
510889
510890
510891
510892
510893
510894
510895
510896
510897
510898
510899
510900
510901
510902
510903
510948
510950
511296
511419
511420
511421
511429
511430
511431
511443
511614
511617
511620
511631
511632
511633
511646
511755
511826
511827
511828
511832
511833
511836
511838
511839
511840
511969
512009
512064
512162
512163
512169
512414
512493
512761
512780
512782
512783
512784
512786
512792
512822
512827
512896
512948
512949
512958
512961
512964
512966
512968
512969
512970
512971
512973
512976
512979
512981
512982
512983
512985
512991
512992
512993
513139
513550
513654
513992
514018
514094
514118
514122
514152
514177
514197
514205
514283
514289
514327
514372
514412
514477
514515
514618
514641
514653
514660
514676
514683
514716
514730
514740
514741
514745
514769
514844
514847
514873
514957
514958
514962
514963
514998
515030
515038
515046
515080
515103
515111
515112
515176
515177
515178
515179
515180
515303
515319
515320
515444
515446
515575
515583
515660
515670
516541
516542
516543
516956
516995
517033
517044
517046
517058
517059
517069
517070
517083
517090
517100
517114
517173
517179
517180
517184
517194
517205
517290
517316
517319
517326
517340
517360
517361
518628
518629
518630
518829
518830
518922
518923
518926
518931
518935
518938
518946
518951
518962
518966
518967
518970
518974
518976
518981
518986
518987
518989
518995
518996
519014
519015
519082
519100
519104
519106
519108
519350
519359
519363
519367
519376
519496
519497
519498
519788
519810
519812
519822
519830
519831
519832
519833
519836
519837
519838
519839
519840
519841
519877
520123
520848
520962
520963
520964
520969
520970
520972
520973
520974
520975
520976
520977
521047
521195
521197
521249
521257
521391
521433
521436
521437
521443
521445
521446
521523
522268
522272
522277
522724
522725
522727
522735
522737
522740
522743
522750
522751
522754
522756
522759
522764
522770
522901
523741
523743
523766
523797
523798
523799
523909
524011
524023
524221
524222
524380
524649
524650
524651
524652
524653
524654
524655
524656
524658
524659
524660
524661
524662
524864
524865
524890
525784
525891
526118
526119
526120
526394
526413
526476
526519
526522
526548
526549
526553
526554
526555
526560
526561
526562
526591
526791
526792
526795
526797
526798
526800
526803
526805
526806
526808
526809
526892
526893
526899
526905
526907
526913
526915
527168
527205
527213
527220
527221
527227
527230
527232
527238
527240
527245
527246
527247
527251
527253
527254
527259
527687
527804
528163
528321
528322
528461
528568
528570
528572
529020
529028
529036
529037
529056
529060
529074
529077
529100
529380
529419
529624
529640
529641
529644
529646
529647
529648
529649
529652
529676
529680
529786
529788
529796
529798
529800
529803
529806
529809
529811
529834
529840
529929
529930
529932
529933
530042
530126
530127
530128
530130
530131
530132
530141
530146
530158
530231
530236
530253
530458
530466
530536
531704
531707
531710
531713
531759
531760
531768
531772
531773
531774
531778
531779
531783
531785
531927
531928
532074
532075
532076
532077
532078
532080
532090
532092
532093
533020
533021
533022
533023
533024
533026
533037
533100
533104
533135
533164
533185
533259
533297
534452
534453
534462
534483
534518
534527
534540
534542
534553
534564
534590
535207
535209
535210
535215
535217
535220
535221
535500
535505
535506
535511
535526
535529
535543
535549
535553
535556
535559
535563
535578
535579
535583
535599
535600
535602
535631
535663
535680
535828
535839
535846
535853
535858
535868
535869
535870
535876
535877
535882
535892
535898
536079
536081
536082
536083
536084
536085
536086
536170
536171
536173
536174
536175
536179
536180
536182
536184
536185
536186
536187
536188
536189
536192
536194
536195
536196
536197
536198
536200
536201
536202
536203
536204
536205
536207
536208
536209
536444
536445
536446
536448
536449
536450
536453
536454
536455
536457
536458
536459
536464
536466
536472
536473
536474
537009
537019
537023
537333
537362
537508
537513
537516
537521
537529
537532
537536
537549
537556
537560
537578
537591
537874
537881
537882
537906
537911
537918
537922
537923
537924
537925
537934
537940
537941
537944
537948
537950
537951
537957
537958
537959
537960
537994
538004
538120
538121
538122
538123
538398
538404
538408
538412
538413
538414
538417
538426
538507
538508
538510
538511
538512
538515
538542
538544
538545
538546
538547
538548
538550
538551
538552
538553
538554
538556
538563
538970
538979
538986
538987
538988
538989
538990
538991
538992
538995
539221
539227
539352
539353
539354
539355
539356
539357
539358
539359
539360
539361
539362
539363
539364
539366
539367
539368
539369
539370
539372
539373
539375
539377
539378
539379
539381
539382
539383
539384
539385
539386
539387
539388
539390
539392
539396
539397
539398
539399
539400
539401
539893
539933
539935
539939
539941
539942
539944
539945
539946
539952
539953
539955
539956
539959
539963
539972
539977
539984
539985
539989
539990
539991
539993
539994
540004
540029
540030
540064
540065
540066
540067
540068
540069
540070
540172
540178
540568
540610
540620
540623
540630
540632
540641
540720
540992
540993
540994
540995
541211
541213
541865
542343
542562
542563
542596
542608
542609
542611
542613
542615
542616
542617
542620
542626
542654
542769
542771
542815
542817
542818
542830
542836
542837
542846
542849
542851
542852
542855
542856
542859
542860
542862
542863
542864
542866
542869
542880
542881
542882
542883
542884
542885
542886
542888
542890
542891
542892
542894
542895
542898
542904
542911
542912
542913
542917
542925
542926
542927
542931
542932
542933
542934
542942
542943
542944
542946
542947
542948
542949
542950
542953
542954
542955
542956
542957
542959
542960
543151
543152
543153
543159
543171
543176
543202
543210
543212
543213
543216
543217
543218
543219
543301
543388
543442
543447
543471
543473
543492
543497
543502
543503
543528
543529
543530
543532
543534
543640
543721
543837
543838
543840
543841
543842
543843
543844
543846
543876
543900
543937
543939
544528
544530
544534
544537
544554
544555
544571
544572
544573
544639
544640
544686
544696
544743
544789
544801
544802
544810
544811
544812
545092
545094
545122
545134
545148
545150
545244
545259
545408
545409
545411
545412
545414
545416
545676
545932
545959
545967
545968
546025
546168
546169
546170
546172
546182
546183
546184
546185
546287
546327
546337
546423
546427
546432
546437
546439
546440
546442
546552
546673
546677
546679
546683
546684
546685
546692
546695
546706
546708
546714
546718
546725
546726
546791
546792
546793
546794
546795
546797
546800
546801
546802
546803
546805
546806
546807
546808
546951
546952
546953
546954
546955
546960
546961
546962
546966
546967
546972
546973
546974
546977
546978
546979
546980
546981
546982
546985
547067
547068
547069
547070
547071
547073
547074
547076
547078
547079
547080
547085
547086
547087
547088
547124
547127
547128
547200
547212
547222
547228
547350
547351
547368
547378
547379
547380
547382
547385
547389
547390
547391
547393
547395
547396
547397
547408
547409
547467
547774
547898
547899
547900
547901
547902
547905
547907
547908
547911
547932
547934
547939
548468
548555
548681
548682
548684
548685
548686
548687
548688
548689
548807
548809
548810
548823
548908
548912
548913
548914
548915
549198
549200
549201
549202
549205
549341
549369
549445
549446
549779
550803
550971
550972
550976
550977
550989
550991
550992
550996
550999
551003
551086
551087
551108
551187
551189
551210
551213
551224
551226
551230
551231
551232
551234
551235
551236
551237
551245
551246
551247
551250
551251
551252
551256
551259
551266
551281
551454
551495
551523
551531
551560
551583
551603
551790
551793
551801
551805
551809
551818
551821
551822
551827
551828
551829
551895
552054
552364
552405
552439
552450
552451
552468
552509
552512
552517
552525
552527
552528
552529
552554
552592
552629
552634
552635
552789
552790
552791
552795
552803
552804
552805
552806
552807
552873
552874
552875
552876
553338
553621
553624
553904
553910
553911
553921
553929
553942
553958
553959
553967
553968
553970
553971
554020
554021
554168
554667
554692
554711
554712
554713
554723
554727
554740
554749
554756
554767
555249
555281
555285
555288
555291
555292
555293
555294
555297
555298
555308
555387
555397
555599
555603
555638
555698
555864
555980
556021
556138
556181
556277
556278
556381
556410
556415
556426
556524
556751
556755
556756
556757
556761
556926
557218
557232
557241
557242
557243
557245
557247
557289
557393
557401
557419
557593
557594
557595
557596
557597
557889
557989
558016
558017
558018
558019
558385
558386
558387
558388
558389
558391
558392
558674
558690
559170
559180
559182
559188
559498
559878
559881
559883
559966
560178
560197
560227
560353
560362
560366
560372
560374
560375
560376
560380
560381
560382
560387
560460
560478
560485
560559
560567
560568
560569
560574
560575
560577
560581
560587
560591
560592
560791
560792
560796
560798
560800
560801
560998
561309
561576
561888
561996
561997
561998
561999
562742
562746
562747
562944
562947
562984
562989
562990
563006
563013
563020
563023
563029
563119
563121
563122
563123
563124
563180
563190
563769
563775
563812
563820
563823
563829
563831
563925
563928
563941
564217
564220
564222
564224
564227
564231
564232
564244
564246
564247
564248
564251
564252
564253
564254
564256
564262
564263
564268
564269
564270
564273
564276
564277
564280
564283
564336
564640
564643
564644
564645
564646
564749
564798
564800
564807
564809
564813
564817
564818
564821
564833
564878
564886
564944
564945
565052
565053
565140
565244
565284
565290
565302
565303
565323
565332
565335
565337
565338
565343
565346
565351
565358
565365
565368
565537
565567
565624
565995
566029
566244
566251
566252
566253
566254
566256
566257
566258
566259
566260
566266
566270
566308
566363
566369
566373
566376
566477
566558
566559
566568
566604
566629
566972
568065
568090
568148
568151
568155
568160
568161
568162
568163
568209
568225
568247
568306
568307
568333
568334
568335
568338
568365
568373
568374
568376
568377
568378
568379
568380
568381
568487
568488
568489
568491
568494
568495
568506
568578
568715
568804
568805
568833
568918
568920
568923
568986
568989
568990
568991
568992
568993
569161
569162
569195
569196
569198
569199
569200
569209
569212
569213
569220
569223
569225
569234
569235
569239
569245
569246
569247
569248
569249
569250
569253
569254
569255
569256
569257
569258
569259
569261
569262
569263
569264
569265
569266
569267
569268
569269
569270
569279
569282
569284
569285
569287
569288
569290
569291
569292
569293
569295
569296
569297
569298
569299
569300
569304
569305
569309
569311
569312
569313
569316
569317
569320
569323
569325
569326
569329
569330
569332
569333
569334
569335
569337
569339
569343
569345
569346
569531
569610
569644
569649
569651
569652
569653
569655
569658
569660
569664
569668
569687
569690
569692
569694
569700
569707
569949
570173
570300
570375
570385
570401
570404
570411
570421
570424
570533
570831
570832
570903
570906
570907
570908
570909
570910
570913
570914
570915
570916
570949
570950
570970
571201
571205
571206
571217
571218
571219
571236
571284
571439
571446
571452
571454
571455
571457
571458
571459
571460
571462
571464
571465
571466
571467
571468
571469
571470
571471
571472
571473
571474
571475
571476
571477
571478
571479
571480
571481
571482
571483
571484
571485
571486
571487
571488
571489
571492
571494
571495
571496
571497
571498
571499
571500
571501
571502
571503
571504
571650
571950
572153
572239
572287
572288
572289
572290
572388
572394
572398
572402
572416
572423
572425
572441
572458
572460
572461
572464
572467
572470
572981
572986
572988
572989
572991
572993
572997
573000
573012
573014
573015
573016
573017
573020
573021
573023
573027
573042
573043
573044
573045
573053
573054
573055
573057
573165
573166
573171
573172
573173
573174
573175
573176
573199
573409
573591
573615
573792
573793
573797
573798
573800
573824
573867
573900
573904
573915
573940
573941
573942
573944
573948
573950
573953
573954
573960
573961
573962
573964
573966
573967
573968
573977
574038
574040
574147
574148
574151
574156
574157
574215
574216
574217
574230
574296
574297
574298
574299
574547
574548
574549
574653
574745
574890
574984
574986
575456
575457
575458
575460
575561
575562
575608
575610
575913
575917
575918
575932
575935
575940
575979
575980
575982
576144
576253
576254
576255
576256
576259
576261
576262
576263
576264
576265
576266
576267
576268
576352
576546
576547
576571
576572
576690
576691
576692
576693
576702
576707
576712
576713
576714
576789
576790
576791
576877
576878
576879
576880
576881
576882
576884
576885
576887
576889
576890
576897
576898
576899
576900
576901
576902
576903
576904
576947
576948
577122
577124
577445
577537
577538
577540
577541
577566
577567
577570
577575
578079
578107
578134
578234
578302
578304
578305
578307
578319
578361
578362
578363
578364
578365
578368
578375
578376
578378
578379
578380
578381
578382
578383
578384
578385
578386
578387
578388
578389
578390
578394
578397
578398
578399
578401
578402
578403
578404
578405
578406
578407
578408
578409
578410
578413
578414
578418
578419
578420
578423
578424
578425
578427
578428
578429
578430
578431
578432
578435
578436
578437
578438
578439
578442
578443
578444
578445
578448
578449
578450
578451
578452
578500
578504
578506
578509
578512
578513
578514
578518
578520
578521
578522
578617
578670
578839
578998
578999
579001
579002
579003
579004
579007
579113
579114
579115
579117
579131
579134
579135
579163
579164
579166
579167
579171
579173
579407
579408
579410
579411
579416
579420
579422
579423
579425
579429
579430
579431
579432
579434
579436
579437
579438
579439
579440
579441
579444
579445
580060
580156
580254
580295
580299
580300
580302
580308
580313
580314
580433
580434
580435
580437
580440
580443
580447
580448
580449
580513
580546
580585
580588
580590
580591
580592
580593
580595
580840
581024
581037
581119
582345
582382
582384
582386
582389
582390
582396
582397
582400
582816
582817
582869
582964
582966
582968
582976
582986
582987
582988
582989
582996
582997
582998
582999
583000
583002
583004
583005
583007
583008
583011
583013
583015
583016
583017
583019
583020
583022
583023
583036
583046
584658
584660
584711
584892
585041
585042
585044
585046
585053
585059
585060
585063
585064
585066
585067
585068
585070
585071
585072
585073
585077
585078
585079
585080
585081
585082
585083
585084
585085
585086
585087
585088
585089
585090
585093
585094
585095
585096
585097
585177
585195
585227
585241
585680
585749
585756
585766
585768
585775
585776
585782
585798
585802
585803
585893
585894
585895
586028
586029
586140
586141
586144
586146
586148
586153
586154
586155
586156
586160
586168
586170
586175
586176
586178
586183
586188
586189
586201
586203
586205
586210
586213
586215
586217
586265
586418
586420
586421
586424
586425
586433
586439
586443
586445
586450
586461
586463
586465
586466
586467
586471
586475
586477
586478
586480
586481
586482
586488
586489
586490
586491
586492
586494
586496
586499
586504
586505
586506
586507
586508
586509
587077
587080
587081
587083
587084
587087
587088
587089
587090
587091
587094
587095
587096
587098
587102
587104
587105
587106
587108
587109
587115
587116
587117
587119
587120
587122
587123
587197
587204
587205
587206
587207
587208
587209
587210
587211
587212
587213
587214
587215
587216
587217
587218
587221
587222
587223
587224
587225
587226
587227
587228
587229
587230
587231
587232
587233
587234
587235
587236
587237
587238
587239
587240
587241
587242
587243
587244
587245
587247
587248
587249
587250
587251
587252
587253
587254
587255
587256
587257
587258
587259
587260
587261
587262
587263
587264
587266
587267
587268
587269
587270
587272
587273
587274
587276
587277
587278
587280
587281
587313
587314
587347
587348
587349
587350
587351
587361
587370
587432
587620
587624
587638
587639
587641
587642
587643
587644
587645
587647
588068
588181
588183
588185
588186
588187
588188
588189
588224
588532
588752
589524
589912
589918
590403
590404
590636
590647
590739
590742
590743
590745
591068
591070
591144
591160
591166
591487
591848
591849
592206
592207
592237
592266
592271
592333
592334
592335
592626
592633
592634
593131
593138
593139
593142
593144
593155
593156
593158
593172
593173
593175
593176
593177
593179
593181
593183
593186
593187
593192
593197
593198
593199
593200
593572
593888
593889
593890
593897
593903
593915
593933
593951
593953
593964
593984
593990
593997
593998
594673
595218
595230
595231
595234
595235
595652
595895
596165
596239
596240
596283
596284
596286
596477
596489
596768
596956
596957
598494
598573
598577
598579
598580
598581
598589
598654
598671
598673
598675
598746
598747
600649
600650
600654
602011
602015
602016
602017
602020
602074
603003
603333
604276
604277
604339
604436
604442
604444
604445
604450
607682
607683
607684
607716
608401
608504
608577
608582
608585
608589
608592
608593
608595
608597
608598
608600
608601
608624
608636
608648
610165
610166
610167
610168
610169
610170
610171
610172
610173
610174
610175
610176
610177
610178
610179
610180
610190
610194
610206
610208
611314
611707
611708
611709
611724
611727
611749
611755
611758
611761
611762
613024
613118
613191
613192
614033
614034
614035
614036
614037
614038
614039
614040
614041
614042
614043
614044
614046
614047
614048
614055
614072
616674
616834
616865
616868
616870
616891
616904
616922
616923
616924
616925
616926
616927
616928
616929
616930
616931
616932
616933
616934
616936
616937
616938
616939
616940
616941
616942
617102
617127
619317
619318
619428
619591
619599
619631
619878
619879
619880
619881
620841
620894
621175
621177
621178
621180
621182
621183
621187
621188
621190
621192
621193
621195
621196
621197
621198
621201
621204
621208
621214
621276
621277
621278
622176
622186
622356
622676
622707
622708
622709
622712
622718
623705
623708
623710
624134
624430
624440
624772
624773
624774
624775
624776
624777
624778
624779
624780
624781
624782
624783
624784
624785
624786
624787
624788
626157
626159
626160
626164
626166
626167
626174
626177
626180
626181
626182
626187
626195
626196
626355
626776
626959
626962
626985
627087
627198
627251
627258
627273
627331
627338
627347
627348
627350
627351
627352
627353
627354
627355
627356
627357
627362
627364
627366
627367
627372
627376
627377
627378
627379
627381
627382
627386
627387
627388
627390
627393
627396
627397
627400
627406
627409
627416
627420
627421
627422
627428
627431
627432
627433
627434
627435
627436
627439
627440
627442
627474
627479
627480
627500
627518
627522
627523
627524
627525
627530
627532
627533
627534
627536
627538
627541
627542
627544
627545
627546
627547
627548
627549
627550
627551
627553
627554
627555
627556
627557
627558
627559
627561
627563
627565
627566
627567
627570
627571
627572
627573
627574
627575
627576
627577
627578
627579
627580
627581
627582
627583
627584
627585
627588
627607
629212
629213
629216
629220
629221
629224
629271
629701
629705
629725
629726
629727
629728
629730
629735
629736
629737
629739
629740
630199
630608
631257
631259
631262
631265
631267
631272
631278
631282
631287
631292
631293
631300
631304
631311
631345
631424
631428
631431
631714
631718
631719
632112
632113
632115
632120
632121
632126
632127
632128
632129
632130
632131
632133
632134
632135
632136
632137
632743
632783
632784
632785
632787
632789
632794
632797
632801
632804
632805
632807
632810
632817
632820
632823
632855
632861
632872
632901
632909
633135
633137
633140
633441
633442
633557
633679
633835
633836
633837
633838
633841
633844
633846
633854
633855
633856
633858
634168
634441
634772
634962
635009
635010
635011
635012
635076
635099
635100
635101
635102
635135
635136
635139
635140
635211
635213
637730
637888
638149
638281
638299
638304
638306
638307
638308
638310
638313
638358
638660
638664
638927
639968
639970
639973
639975
639977
639984
639985
639997
640022
640136
640148
640156
640172
640181
640327
640506
640507
640862
640897
640907
640909
640913
640915
640916
640917
640918
640919
640920
640921
640923
640929
640930
640931
640932
641158
641245
641312
641313
641314
641316
641320
641322
641323
641324
641328
641330
641331
641332
641338
641339
641342
641344
641345
641348
641349
641350
641353
641357
641358
641360
641361
641363
641364
641487
641577
641589
641594
641809
641812
641832
641833
641835
641836
641838
641884
641982
641984
641985
641996
641997
642004
642006
642015
642022
642111
642248
642251
642252
642253
642254
642255
642256
642257
642258
642259
642260
642478
642480
642481
642485
642486
642490
642493
642590
642794
642926
643107
643113
643114
643117
643120
643126
643132
643133
643212
643400
643541
643569
643688
643689
643690
643695
643854
643876
643879
643887
643888
643892
643967
643969
643972
643973
643976
643979
643982
643983
643986
643988
643990
643993
643996
643997
643998
644000
644001
644002
644003
644004
644007
644025
644026
644028
644029
644030
644031
644032
644034
644035
644036
644037
644151
644199
644224
644243
644244
644250
644253
644254
644255
644256
644257
644260
644289
644371
644373
644374
644524
644563
644609
644610
644626
644635
644647
644649
644650
644674
644681
644686
644691
644694
644696
644698
644699
644706
644773
644774
644775
644776
644777
644779
644781
644783
644786
644788
644920
644921
644922
645113
645116
645117
645161
645233
645425
645427
645428
645449
645516
645581
645664
645687
645736
645771
645794
645800
645803
645805
645806
645817
645823
645824
645834
645845
645851
645852
645858
645863
645868
645870
645873
645966
646010
646134
646136
646272
646294
646300
646301
646302
646303
646413
646416
646418
646419
646420
646421
646442
646448
646454
646456
646457
646460
646491
646527
646542
646558
646561
646571
646575
646577
646581
646587
646593
646610
646618
646620
646621
646622
646623
646704
647095
647174
647176
647183
647187
647192
647193
647197
647199
647201
647203
647205
647206
647208
647214
647215
647219
647293
647294
647340
647344
647345
647346
647357
647358
647362
647364
647370
647371
647445
647450
647451
647452
647453
647455
647456
647457
647458
647460
647461
647465
647466
647467
647471
647511
647514
647515
647516
647517
647519
647520
647521
647527
647616
647712
647713
647716
647923
648016
648017
648109
648157
648165
648204
648205
648206
648208
648209
648212
648213
648214
648215
648216
648219
648221
648223
648224
648225
648226
648227
648228
648229
648801
648856
648998
649187
649191
649193
649258
649259
649260
649261
649262
649272
649283
649348
649449
649509
649604
649622
649623
649624
649626
649628
649629
649630
649631
649633
649634
649635
649636
649688
649727
649729
649731
649732
649735
649738
649878
649890
649898
649900
649936
649994
649995
649996
650121
650403
650404
650405
650407
650408
650410
650411
650513
651000
651089
651090
651092
651103
651115
651134
651284
651579
651580
651733
651994
651995
651997
651998
651999
652000
652001
652002
652003
652004
652008
652011
652012
652537
652717
652718
652719
652723
652810
652812
652936
653170
653171
653173
653175
653182
653183
653188
653216
653237
653266
653358
653361
653691
653692
653694
653708
653713
653715
653722
653896
653947
654254
654256
654263
654276
654284
654289
654300
654314
654315
654353
654422
654425
654690
654692
654769
654811
654901
654964
655097
655098
655197
655210
655282
655284
655288
655289
655291
655300
655302
655314
655341
655428
655477
655603
655689
655691
656017
656018
656019
656020
656021
656022
656023
656025
656028
656034
656035
656037
656039
656041
656047
656054
656055
656058
656114
656115
656118
656190
656234
656235
656263
656290
656496
656520
656813
656841
656852
656854
656864
656880
656889
657027
657035
657043
657045
657046
657047
657048
657050
657051
657209
657375
657376
657378
657416
657430
657431
657542
657552
657608
657610
657663
657664
657665
657666
657668
657669
657673
657675
657681
657682
657691
657695
657696
657698
657700
657704
657708
657710
657712
657714
657721
657722
657723
657727
657729
657732
657734
657735
657736
657737
657739
657742
657747
657752
657753
657754
657755
657759
657764
657765
657767
657768
657772
657774
657776
657779
657781
657785
657788
657793
657798
657799
657808
657809
657810
657811
657815
657816
657817
657820
657829
657832
657834
657835
657836
657839
657841
657846
657847
657849
657853
657856
657857
657858
657860
657861
657863
657864
657866
657875
657878
657883
657886
657888
657890
657891
657893
657894
657895
657899
657901
657905
657911
657912
657914
657916
657917
657924
657925
657926
657927
657929
657931
657933
657934
657935
657939
657940
657941
657943
657945
657948
657953
657954
657961
657964
657968
657969
657974
658048
658111
658205
658207
658208
658210
658211
658213
658214
658390
658391
658397
658401
658402
658422
658562
658564
658565
658567
658568
658569
658570
658571
658572
658573
658574
658575
658576
658577
658578
658647
658667
658904
658929
658930
659270
659364
659365
659366
659367
659371
659372
659373
659374
659460
659465
659484
659497
659612
659614
659621
659630
659634
659641
659660
659661
659665
659668
660105
660542
660543
660564
660566
660568
660572
660581
660656
660657
660658
660659
660661
660662
660664
660666
660669
660671
660673
660687
660694
660773
660837
660869
660890
660954
660955
661046
661075
661101
661121
661231
661235
661236
661237
661240
661256
661259
661262
661264
661274
661282
661286
661287
661293
661297
661298
661301
661307
661315
661316
661317
661318
661319
661505
661526
661543
661557
662108
662110
662112
662113
662114
662115
662116
662436
662468
662562
662563
662564
662565
662566
662567
662569
662570
662571
662572
662573
662574
662575
662576
662577
662578
662579
662580
662581
662582
662584
662585
662586
662593
662596
662614
662622
662623
662636
662640
662783
662851
662852
662863
662864
663198
663200
663236
663237
663239
663241
663244
663248
663251
663255
663265
663267
663279
663280
663281
663282
663440
663553
663554
663556
663557
663558
663559
663560
663565
664077
664085
664088
664095
664122
664136
664255
664256
664257
664488
664497
664498
664500
664501
664503
664504
664510
664516
664535
664549
664551
664558
664561
664562
664582
664584
664586
664587
664588
664589
664591
664594
664595
664596
664597
664598
664614
664615
664616
664649
664650
664655
664661
664696
664704
664706
664713
664721
664723
664724
664726
664730
664756
664778
664785
664818
664835
664899
664980
665008
665032
665033
665102
665463
665589
665602
665616
665883
665884
665886
665915
666057
666144
666145
666147
666189
666193
666196
666205
666206
666214
666215
666219
666220
666225
666227
666229
666231
666232
666235
666242
666244
666245
666251
666255
666257
666260
666273
666276
666277
666279
666284
666301
666305
666307
666317
666363
666474
666497
666502
666503
666635
666636
666641
666810
666853
666859
666888
666898
666961
666962
666966
666969
667067
667069
667093
667119
667346
667428
667429
667430
667431
667432
667433
667435
667436
667437
667438
667439
667440
667442
667443
667445
667446
667447
667514
667516
667517
667522
667532
667533
667555
667723
668292
668548
668549
668618
669008
669059
669060
669079
669377
669485
669875
669911
669952
669975
669983
670001
670003
670116
670122
670125
670134
670136
670137
670138
670139
670198
670199
670247
670248
670251
670252
670524
670525
670534
670753
670754
670755
670756
670757
670759
670785
670787
670788
670792
670883
671095
671126
671152
671154
671155
671157
671163
671496
671497
671498
671779
671812
671820
671822
671823
671830
671832
671833
671834
671836
672020
672021
672335
672336
672372
672375
672377
672380
672383
672391
672392
672410
672412
672786
673019
673020
673021
673026
673031
673038
673040
673042
673053
673055
673057
673065
673323
673361
673363
673364
673365
673368
673374
673375
673376
673388
673391
673402
673415
673425
673428
673443
673457
673515
673763
673764
673765
673790
673792
673795
673796
673800
673801
673802
673803
673804
673805
673807
673809
673814
673815
673819
673822
673824
673825
673826
673827
673832
673833
673834
673835
673836
673837
673838
673839
673840
673841
673873
673878
673881
674077
674081
674082
674086
674089
674092
674093
674908
674930
674952
674953
674954
674962
674970
674971
674976
674979
674980
674981
674982
674983
674984
674996
675005
675006
675007
675008
675010
675011
675012
675013
675014
675015
675016
675017
675019
675020
675021
675022
675023
675024
675025
675026
675028
675029
675030
675031
675032
675035
675036
675037
675039
675041
675042
675044
675048
675049
675050
675053
675054
675056
675057
675058
675059
675060
675061
675062
675063
675064
675065
675066
675068
675070
675071
675072
675073
675074
675075
675076
675077
675123
675389
675661
675662
675664
675665
675666
675667
675668
675844
675845
676017
676036
676044
676083
676130
676234
676516
676524
676532
676537
676540
676544
676550
676552
676558
676566
676589
676590
676595
676598
676676
676695
676698
676703
676704
676705
676709
676724
676726
676736
676737
676745
676760
676762
676765
676777
676778
678622
678623
678664
678668
678674
678675
678676
678681
678682
678683
678684
678686
678688
678693
678698
678795
678818
678820
679019
679172
679182
679280
679281
679282
679283
679284
679285
679287
679289
679290
679292
679294
679295
679296
679297
679298
679300
679301
679302
679303
679304
679305
679306
679307
679309
679311
679314
679443
679444
679536
679568
679579
679582
679585
679727
679736
679738
679754
679762
679767
679801
679809
679811
679838
679845
679849
679873
679879
680063
680067
680070
680112
680114
680115
680116
680155
680156
680159
680160
680161
680169
680170
680171
680180
680182
680185
680194
680272
680277
680287
680459
680502
680504
680505
680506
680509
680510
680511
680512
680513
680514
680516
680517
680518
680523
680524
680525
680527
680528
680530
680531
680532
680533
680535
680536
680538
680539
680541
680542
680543
680546
680547
680550
680555
680559
680562
680565
680566
680567
680568
680570
680573
680574
680576
680578
680579
680581
680585
680589
680590
680591
680592
680593
680594
680597
680602
680607
680613
680618
680620
680622
680688
680689
680690
680691
680692
680694
680696
680699
680700
680701
680709
680710
680712
680713
680715
680717
680718
680720
680722
680729
680730
680731
680732
680736
680737
680739
680740
680741
680742
680743
680745
680746
680747
680748
680750
680751
680753
680754
680755
680756
680759
680760
680761
680762
680763
680764
680767
680769
680771
680772
680775
680777
680783
680784
680788
680790
680791
680792
680801
680802
680804
680805
680813
680818
680822
680823
680825
680826
680830
680837
680838
680844
680848
680849
680850
680851
680852
680854
680856
680859
680861
680862
680863
680864
680866
680867
680872
680876
680880
680882
680885
680890
680892
680895
680898
680899
680900
680901
680902
680903
680904
680905
680907
680908
680909
680910
680913
680917
680918
680919
680921
680924
680926
680933
680952
680963
680970
680971
680976
680987
680988
680989
680996
680998
680999
681000
681005
681008
681010
681011
681013
681016
681022
681024
681027
681030
681032
681038
681054
681057
681058
681059
681061
681065
681066
681067
681068
681069
681071
681072
681073
681074
681075
681076
681281
681518
681647
681855
681862
681885
681999
682002
682003
682013
682014
682015
682019
682025
682031
682033
682035
682036
682042
682045
682048
682049
682050
682056
682057
682123
682125
682370
682382
682383
682384
682424
682470
682489
682492
682508
682568
682650
682651
682809
682814
682816
682818
682821
682822
682823
682835
682837
682839
682840
682843
682867
682884
683084
683085
683088
683089
683090
683091
683103
683169
683172
683173
683174
683176
683178
683686
683687
683688
683690
683691
683735
683777
683779
683780
683781
683785
683786
683788
683789
683790
683791
683792
683793
683794
683795
683796
683797
683799
683800
683801
683802
683803
683843
683852
683855
683861
684135
684141
684163
684206
684207
684215
684225
684228
684256
684261
684296
684388
684389
684393
684394
684396
684412
684418
684448
684455
684456
684461
684465
684466
684468
684471
684472
684475
684481
684483
684485
684486
684487
684492
684493
684494
684498
684499
684502
684503
684504
684505
684506
684507
684509
684510
684513
684514
684515
684516
684520
684521
684522
684526
684527
684534
684535
684536
684537
684538
684563
684567
684570
684572
684574
684575
684577
684578
684579
684583
684584
684585
684596
684605
684607
684608
685026
685180
685183
685299
685308
685309
685310
685311
685315
685316
685317
685318
685319
685321
685324
685325
685326
685327
685443
685506
685892
685899
685973
686147
686189
686197
686262
686439
686452
686464
686481
686483
686493
686501
686516
686521
686531
686533
686549
686554
686557
686558
686559
686560
686561
686562
686563
686565
686629
686631
686635
686643
686880
686882
686883
686884
686885
686886
686887
686888
686889
686890
686891
686892
686896
686961
686963
686982
686983
686984
686985
687239
687329
687331
687332
687333
687334
687335
687336
687337
687338
687339
687340
687341
687342
687343
687344
687345
687346
687347
687348
687349
687350
687351
687352
687353
687354
687355
687356
687357
687358
687359
687360
687361
687362
687363
687364
687365
687366
687367
687368
687369
687370
687371
687372
687373
687374
687375
687376
687377
687379
687380
687381
687382
687383
687384
687385
687386
687387
687799
687800
687801
687802
687803
687870
687871
687872
687873
687875
687879
687880
687882
687884
687887
687889
687890
687891
687893
687894
687895
687896
687897
687898
687917
687918
688075
688077
688436
688437
688438
688449
688452
688453
688455
688457
688459
688461
688463
688540
688663
688664
688668
688669
688670
688672
688679
688681
688688
688689
688691
688692
688693
688695
688697
688699
688701
689403
689404
689405
689406
689414
689614
689615
689654
689759
689771
689968
689987
689992
689995
690006
690043
690046
690047
690048
690049
690050
690054
690055
690057
690059
690060
690062
690063
690064
690068
690069
690070
690072
690073
690074
690075
690078
690079
690080
690081
690082
690272
690273
690285
690693
690878
690897
690976
690977
690978
690979
690980
690981
690982
690984
690985
690986
690987
690988
690989
690992
690994
690995
690996
690997
690998
691002
691003
691004
691007
691008
691010
691280
691281
691282
691290
691291
691292
691293
691295
691298
691301
691303
691305
691306
691310
691311
691317
691318
691319
691461
691462
691464
691465
691466
691469
691470
691471
691472
691473
691475
691476
691480
691481
691483
691484
691485
691487
691489
691491
691492
691494
691499
691500
691501
691502
691504
691510
691512
691513
691515
691524
691532
691534
691538
691767
691832
691852
691877
691911
691918
691919
691926
691942
691944
691945
691955
691956
691957
691958
691961
691963
691964
691965
691966
692069
692251
692256
692258
692263
692264
692265
692266
692526
692559
692574
692605
692606
692607
693015
693021
693066
693116
693272
693419
693426
693427
693428
693450
693581
693626
693627
693628
693629
693632
693657
693866
693867
693868
693873
693892
693894
693897
693898
693995
693996
693997
693998
693999
694000
694001
694002
694003
694005
694006
694007
694008
694009
694013
694014
694015
694017
694018
694057
694058
694060
694065
694066
694067
694213
694447
694448
694466
694511
694581
694582
696012
696013
696069
696098
696218
696408
696410
696472
696746
696786
696806
696807
696820
696821
696822
696823
696824
696825
696827
696828
696829
696831
696832
696833
696834
696836
696837
696855
696859
696863
696874
696984
696988
696992
696995
696997
696998
697093
697192
697244
697289
697290
697298
697300
697301
697584
697593
697594
697608
697611
697628
697690
697693
697699
697710
697712
697715
697719
697721
697729
697731
697750
697759
697762
697775
697777
697781
697782
697809
697812
697832
697852
697855
697858
697872
697874
697905
697906
697950
698338
698344
698345
698347
698349
698398
698400
698419
698486
698487
698488
698489
698490
698657
698658
698662
698663
698664
698667
698668
698672
698704
698705
698706
698707
698708
698728
698798
698834
698836
698845
698847
698857
698883
698884
698885
698887
698888
698891
698892
698894
698895
698902
698905
698909
698911
698918
698921
698935
699001
699003
699004
699022
699023
699166
699180
699181
699182
699189
699370
700512
700542
700591
700939
700948
700950
700960
700964
700971
700974
700976
700992
700996
701005
701006
701012
701016
701017
701018
701022
701025
701027
701028
701029
701030
701032
701034
701038
701071
701090
701235
701251
701257
701454
701455
701456
701751
701754
701756
701799
701807
701816
701817
701818
701819
701821
701822
701824
701827
701828
701835
701849
701854
701856
701866
702172
702173
702267
702508
702516
702527
702531
702534
702537
702538
702542
702558
702560
702561
702562
702691
702700
702706
702718
702722
702725
702729
702730
702731
702732
702733
702734
702736
702738
702779
702781
702782
702783
702784
702786
702787
702788
702789
702792
702793
702794
702795
702796
702798
702800
702802
702803
702805
702806
702807
702809
702810
702811
702821
702822
703038
703042
703045
703063
703079
703084
703117
703126
703169
703175
703202
703346
703351
703409
703555
703582
703611
703633
703646
703647
703659
703660
703661
703662
703664
703665
703673
703690
703694
703713
703716
703744
703746
703944
703946
704909
704943
704962
705015
705021
705080
705435
705441
705451
705461
705462
705468
705475
705479
705480
705484
705486
705489
705494
705497
705498
705503
705513
705517
705518
705524
705525
705544
706122
706195
706250
706429
706430
706431
706432
706451
706452
706454
706455
706456
706457
706458
706459
706461
706462
706463
706464
706465
706466
706467
706468
706469
706497
706524
706525
706526
706527
706530
706531
706686
707008
707152
707153
707154
707156
707157
707376
707378
707379
707381
707382
707384
707385
707386
707389
707391
707398
707401
707405
707406
707407
707408
707409
707411
707414
707415
707416
707417
707419
707420
707423
707424
707425
707426
707427
707430
707431
707432
707433
707435
707436
707437
707441
707442
707443
707445
707446
707447
707449
707450
707451
707452
707454
707455
707456
707458
707460
707463
707464
707467
707471
707476
707481
707485
707486
707487
707488
707489
707490
707491
707492
707493
707495
707496
707497
707498
707499
707500
707501
707502
707505
707507
707508
707509
707511
707512
707515
707516
707517
707518
707519
707520
707521
707522
707523
707524
707525
707526
707527
707528
707530
707531
707532
707534
707536
707538
707539
707540
707541
707542
707543
707544
707545
707546
707645
707757
707878
707882
707957
707958
707969
708161
708434
708529
708543
708561
708565
708567
708581
708637
708638
709481
709484
709489
709537
709906
709915
709916
709917
709922
709927
709935
709937
709940
709943
709944
709950
709954
709955
709967
709968
710077
710078
710079
710080
710081
710082
710083
710084
710112
710196
710197
710198
710225
710492
710516
710517
710518
710533
710545
710664
710665
710668
710749
710750
710777
711465
711466
711470
712031
712035
712037
713089
713091
713092
713098
713111
713142
713153
713685
713937
713949
714200
714232
714242
714243
714249
714253
714257
714258
714288
714290
714297
714299
714308
714309
714310
714368
714371
714373
714384
714557
714561
714562
714567
714568
714583
714615
714640
714929
714933
714978
715223
715449
715480
715493
715494
715495
715876
716011
716023
716037
716041
716071
716096
716137
716168
716267
716286
716302
716372
716683
716869
716870
716871
716872
716873
716874
716875
716878
716912
716920
716923
717464
717465
717466
717529
717530
717544
717636
717637
717641
717674
717677
717678
717679
717680
717681
717848
718007
718008
720640
720652
720655
720657
720659
720661
720663
720666
720669
720675
720708
721838
721967
722417
722418
722424
722755
722763
722896
722898
722900
722901
722902
722903
722905
722907
722912
722913
722914
722916
722917
723674
723692
723720
723722
723725
723726
723734
723735
723750
723757
723766
723778
723782
723783
723786
723791
723802
723894
723895
727906
727907
727909
727912
727914
727916
727919
727924
727925
727926
727929
727931
727932
727934
727937
727938
727939
727940
727962
727977
727987
727988
728233
732201
735354
735356
735496
735503
735504
740933
740934
740942
740943
740950
740971
741184
741199
741206
741211
741336
741337
741368
741377
741733
741942
741956
741957
741977
741995
741997
741998
741999
742000
742001
742003
742004
742005
742012
742162
742163
742193
742198
742215
742218
742220
742249
742253
742256
742266
742268
742270
742275
742278
742279
742280
742284
742293
742294
742300
742307
742308
742314
742487
742489
742494
742495
742496
742497
742498
742689
742793
742819
742822
742824
742825
742826
742914
742915
742916
742917
742918
742919
742920
742922
742923
742924
742925
742932
742935
742940
742941
742942
742943
742944
742946
742949
742953
742956
742957
742958
742960
742969
742980
742984
742985
742989
742994
742998
743023
743026
743031
743033
743035
743040
743247
743290
743300
743493
743529
743531
743532
743533
743534
743535
743536
743537
743538
743539
743540
743541
743542
743543
743544
743545
743546
743547
743549
743550
743551
743552
743553
743554
743555
743556
743557
743558
743559
743560
743561
743562
743563
743564
743565
743566
743567
743568
743569
743570
743571
743572
743573
743574
743575
743576
743577
743578
743579
743580
743581
743582
743583
743584
743585
743586
743587
743588
743589
743590
743591
743592
743593
743594
743595
743596
743597
743598
743811
743812
743813
743839
743844
743860
743954
743959
743961
743964
744414
744415
744416
744427
744445
744452
744732
744736
744739
744740
744744
744745
744747
744748
744749
744752
744754
744755
744760
744762
744763
744764
744765
744767
744768
744770
744771
744772
744773
744774
744775
744777
744778
744782
744783
744784
744786
744794
744799
744800
744801
744802
744807
744812
744828
744833
744835
744837
744842
745043
745044
745070
745076
745078
745088
745091
745092
745095
745096
745097
745098
745099
745100
745101
745103
745104
745105
745106
745107
745108
745157
745159
745164
745176
745387
745709
745716
745735
745738
745740
745895
745896
746046
746052
746053
746063
746069
746072
746080
746087
746088
746098
746101
746110
746543
746830
746831
746832
746847
747015
747019
747020
747022
747029
747035
747038
747056
747223
747226
747305
747658
747763
747781
747785
747787
747796
747802
747804
747811
747814
747818
747827
747828
747836
747846
747854
747857
747874
747881
747882
747884
747887
747896
747898
747904
747907
747912
747914
747922
747927
747929
747941
747943
747945
747946
747948
747951
747958
747959
747973
747974
747975
747976
748006
748134
748139
748170
748172
748174
748191
748192
748243
748300
748307
748309
748427
748540
748549
748550
748551
748570
748667
748771
749223
749224
749343
749344
749390
749413
749416
749423
749424
749426
749427
749431
749438
749447
749994
750032
750035
750044
750059
750075
750096
750103
750117
750123
750130
750138
750162
750171
750173
750451
750468
750506
750515
750521
750524
750533
750561
750599
750611
750617
750634
750640
750662
750670
750677
750680
750695
750697
750759
750789
750803
750807
750809
750811
750831
750841
750845
750853
750870
750895
750963
750978
751030
751049
751063
751104
751134
751286
751294
751366
751369
751376
751412
751424
751429
751438
751492
751506
751509
751512
751554
751556
751557
751559
751560
751561
751563
751564
751565
751566
751567
751569
751570
751571
752102
752103
752104
752106
752107
752110
752111
752112
752113
752114
752115
752116
752117
752118
752119
752120
752131
752132
752134
752138
752142
752144
752148
752149
752150
752152
752226
752231
752232
752237
752239
752241
753084
753085
753087
753089
753577
753579
753580
753581
753583
753586
753587
753589
753590
753591
753593
753594
753598
753599
753600
753601
753602
753603
753605
753608
753610
753658
753665
753669
753670
753758
754004
754032
754037
754038
754039
754040
754041
754042
754043
754044
754045
754046
754048
754049
754051
754052
754053
754055
754056
754058
754059
754064
754066
754067
754069
754070
754072
754073
754074
754075
754149
754172
754182
754368
754372
754381
754441
754485
754492
754493
754497
754527
754528
754756
755164
755272
755275
755276
755277
755278
755284
755285
755289
755290
755292
755293
755294
755297
755298
755299
755300
755302
755303
755304
756274
756275
756276
756277
756278
756280
756282
756283
756285
756342
756347
756350
756351
756352
756353
756418
756419
756420
756495
756496
756497
756651
756696
756756
756759
756849
756850
756894
756895
756955
756956
756958
756970
756973
756976
756977
756978
756983
756986
756987
757016
757017
757018
757019
757020
757021
757023
757025
757340
757342
757359
757426
757427
758504
758677
758813
758814
758815
758863
758864
758865
758866
758894
758899
758907
758918
759124
759125
759162
759188
759197
759207
759222
759224
759226
759232
759389
759390
759414
759416
759417
759418
759419
759421
759423
759425
759426
759427
759428
759430
759431
759432
759435
759437
759438
759440
759441
759444
759445
759446
759447
759448
759449
759450
759451
759452
759453
759454
759455
759458
759460
759461
759463
759464
759469
759470
759471
759472
759473
759474
759476
759477
759480
759482
759483
759485
759488
759489
759490
759491
759493
759494
759495
759496
759497
759499
759500
759501
759502
759503
759504
759506
759508
759509
759514
759516
759517
759519
759520
759521
759523
759525
759527
759528
759529
759531
759532
759533
759534
759535
759537
759538
759539
759542
759544
759545
759546
759548
759549
759550
759553
759554
759555
759556
759557
759559
759560
759561
759562
759563
759564
759566
759575
759576
759577
759578
759579
759580
759581
759582
759584
759585
759586
759587
759588
759701
759716
759729
759731
759753
759754
759755
759804
759866
759868
759883
759886
759888
759892
759893
759894
759895
759896
759897
759898
759938
759939
760065
760067
760068
760070
760074
760077
760078
760080
760081
760082
760087
760088
760093
760216
760530
760561
760572
760578
760579
760580
760582
760587
760588
760610
760615
760616
760658
760727
760732
760897
760908
760911
760916
760924
760925
760926
760928
760929
760935
760939
761020
761022
761023
761189
761202
761205
761211
761214
761225
761228
761229
761231
761234
761235
761238
761240
761245
761253
761660
761661
761665
761666
761676
761677
761683
761701
761702
761705
761706
761707
761710
761711
761712
761773
761783
761790
761820
761825
761826
761827
761829
761830
761832
761833
761834
761835
761836
761837
761838
761967
762299
762304
762377
762378
762379
762380
762381
762382
762383
762384
762385
762386
762387
762388
762389
762390
762391
762392
762393
762394
762395
762396
762397
762398
762399
762400
762401
762402
762404
762405
762406
762407
762408
762409
762410
762411
762412
762413
762414
762415
762416
762417
762418
762419
762420
762421
762422
762423
762424
762428
762429
762430
762432
762436
762450
762509
762511
762660
762860
762905
762906
762907
762908
762909
762916
762921
762922
762924
762926
762927
762928
762930
762931
762932
762933
762936
762937
762938
762939
762940
762941
762943
762944
762945
763077
763441
763444
763445
763449
763452
763494
763552
763564
763567
763572
763587
763602
763604
763607
763619
763623
763628
763784
763792
763799
763863
763916
763918
763998
763999
764013
764014
764030
764142
764143
764243
764245
764247
764260
764263
764348
764520
764561
764562
764592
764595
764599
764823
765051
765052
765054
765055
765056
765146
765147
765252
765258
765422
765423
765444
765447
765454
765458
765460
765463
765467
765468
765470
765471
765473
765474
765479
765481
765489
765490
765491
765493
765497
765499
765501
765503
765507
765508
765510
765516
765521
765527
765530
765532
765539
765540
765548
765552
765556
765560
765565
765574
765582
765589
765602
765606
765607
765613
765614
765619
765623
765628
765629
765631
765646
765655
765657
765658
765696
765754
765759
765765
766513
766517
766519
766791
766792
767161
767162
767163
767206
767219
767236
767244
767344
767345
767348
767354
767473
767474
767476
767521
767710
767806
767934
767945
767955
767956
767962
767979
767981
767982
767993
768007
768015
768018
768113
768381
768390
768393
768396
768405
768406
768411
768418
768419
768430
768431
768432
768435
768436
768437
768438
768476
768646
768647
768655
768661
768662
768663
768665
768666
768722
768723
768738
768739
768743
768744
768789
771789
792674
795120
795346
795347
795348
795349
795350
795353
795354
795361
795372
795373
795376
795380
795381
795382
795383
795384
795385
795388
795402
795650
795653
795654
795655
795682
795691
795694
795695
795696
795814
795820
795821
796084
796085
796198
796199
796200
796201
796202
796203
796205
796206
796207
796208
796209
796338
796352
796588
796592
796901
796902
796908
797075
797379
797418
798072
798073
798074
798609
798621
798622
798625
804298
856335
856340
856349
856350
856368
856378
856380
856381
856393
856399
856412
856413
856418
856431
856435
856439
856444
856446
856454
856471
856494
856503
856506
856517
856525
856528
856530
856535
856540
856543
856546
856547
856550
856568
856580
856592
856606
856609
856618
856640
856723
856725
856735
856926
856944
856948
856962
857033
857266
857268
857275
857277
857288
857312
857317
857473
857474
857483
857510
857743
857744
858136
858167
858169
858219
858350
858367
858482
858485
858487
858488
858490
858491
858492
858494
858495
858496
858505
858506
858507
858508
858509
858510
858511
858512
858513
858514
858516
858517
858572
859129
859130
859133
859134
859135
859137
859138
859139
859146
859255
859630
859631
859650
859651
859987
859988
859989
859993
859994
859995
859996
859997
859998
859999
860000
860001
860002
860004
860007
860009
860011
860013
860014
860015
860016
860017
860018
860020
860024
860025
860026
860028
860031
860037
860040
860043
860044
860049
860058
860061
860062
860063
860064
860067
860069
860070
860071
860342
860343
860344
860533
860534
860964
861044
861045
861046
861047
861048
861164
861165
861173
861182
861184
861185
861196
861197
861243
861388
861391
861416
861448
861458
861460
861461
861463
861465
861466
861467
861468
861469
861470
861471
861472
861473
861474
861475
861519
861561
861568
861573
861586
862147
862153
862162
862165
862175
862242
862909
862943
862944
862945
863103
863108
863109
863114
863187
863215
863216
863240
863455
863456
863457
863465
863578
863603
863604
863605
863606
863607
863608
863916
863918
863941
863944
863947
864178
864187
864188
864192
864193
864195
864196
864197
864198
864199
864202
864204
864206
864207
864209
864212
864213
864214
864215
864217
864219
864220
864221
864226
864228
864229
864230
864232
864233
864234
864238
864239
864244
864245
864246
864250
864251
864252
864253
864256
864258
864259
864260
864261
864262
864264
864265
864266
864267
864269
864271
864272
864274
864276
864277
864279
864281
864282
864432
864433
864457
864596
864608
864613
864618
864619
864686
864692
864693
864694
864695
864696
864698
864804
865761
865776
865777
865780
865784
865790
865805
865816
865851
865852
865854
865957
865994
866339
866553
866598
866600
866603
866612
866633
866787
866853
866889
867160
867282
867283
867285
867286
867287
867288
867290
867291
867293
867297
867298
867299
867300
867301
867302
867304
867305
867306
867309
867310
867329
867695
867697
867698
867699
867700
867701
867702
867704
867705
867707
867708
867709
867710
867712
868567
868568
868569
868612
868613
868615
868622
868623
868629
868644
868651
868668
868670
868671
868680
868685
868687
868690
868691
868699
868703
868706
868709
868716
868718
868723
868734
868737
868744
868747
868764
868767
868769
868863
869132
869133
869134
869137
869138
869148
869152
869155
869156
869317
869320
869331
869338
869343
869351
869367
869376
869379
869380
869381
869383
869460
869475
869476
869477
869560
869661
869662
869663
869724
869733
869734
869740
869741
869742
869743
869746
869747
869749
870256
870261
870274
870281
870286
870287
870288
870461
870469
870470
870471
870473
870474
870475
870588
870710
870711
870712
870716
870740
870742
870749
870752
870755
870756
870758
870759
870762
870972
870973
870975
870976
870977
870978
870979
870981
870982
870983
871010
871011
871014
871016
871220
871222
871223
871227
871228
871231
871260
871521
871584
871597
871598
871604
871605
871607
871608
871609
871611
871612
871613
871618
871619
871620
871621
871634
871638
871639
871641
871649
871678
871679
871680
871681
871682
871683
871699
871700
871701
871711
871721
871736
871765
872269
872291
872294
872738
872774
873119
873160
873280
873290
873304
873380
873551
873552
873747
873787
873841
873997
874013
874029
874053
874121
874148
874267
874269
874272
874428
874430
874432
874460
874471
875071
875323
875324
875325
875326
875354
875356
875360
875361
875362
875363
875364
875365
875367
875371
875372
875495
875521
875607
875612
875613
875614
875615
875927
875929
876170
876285
876287
876449
876492
876548
876581
876853
877181
877240
877290
877304
877483
877491
877502
878257
878260
878322
878329
878330
878457
878458
878462
878463
878464
878466
878469
878470
878471
878472
878473
878521
878523
878524
878533
878546
879095
879096
879097
879186
879294
879628
879630
879994
880017
880018
880021
880158
880159
880160
880161
880162
880349
880423
880424
880425
880427
880562
880565
880763
880767
880773
880774
880775
880784
880786
880787
880789
880790
880792
880794
880795
880811
880815
880831
880837
880838
880853
880921
880922
880923
880924
880925
880926
880929
880931
880934
880935
881301
881311
881901
881903
881904
881905
881911
881913
881914
881915
881944
881945
881953
882183
882377
882560
882705
882706
882707
882708
882709
882711
882712
882713
882714
882715
882716
882717
882718
882719
882720
882721
882768
882803
882804
882805
882806
882807
882809
882810
882942
883862
883881
883952
884091
884093
884094
884095
884096
884097
884098
884099
884100
884101
884143
884200
884517
884518
884519
884520
884521
884522
884523
884524
884525
884526
884527
884528
884529
884530
884531
884610
884611
884612
884613
884666
884690
884693
884694
884697
884701
884703
884704
884705
884706
884708
884712
884713
884715
884719
884722
884725
884728
884734
884741
884742
884746
884750
884754
884755
884756
884761
884763
884767
884768
884770
884771
884772
884773
884775
884776
884777
884778
884780
884783
884786
884787
884800
884802
884804
884806
884807
884808
884809
884810
884811
884812
884813
884814
884816
884818
884819
884824
884830
884831
884832
884833
884835
884836
884839
884841
884843
884844
884856
884858
884862
884865
884867
884869
884873
884879
884881
884887
884890
884891
884893
884894
884896
884898
884900
884901
884902
884908
884911
884912
884915
884916
884922
884923
884924
884927
884929
884933
884935
884937
884946
884947
884951
884954
885071
885078
885090
885178
885214
885220
885238
885308
885376
885377
885379
885555
885558
885560
885568
885867
886262
886526
886540
886546
886547
886548
886669
886791
886980
886994
887108
887109
887110
887111
887112
887117
887119
887120
887172
887174
887175
887182
887482
887485
887569
887570
887572
887824
887825
887826
887827
888179
888193
888213
888216
888223
888241
888249
888257
888258
888260
888261
888277
888440
889012
889178
889184
889185
889186
889187
889189
889190
889192
889202
889203
889320
889338
889350
889353
889354
889355
889357
889359
889360
889361
889362
889363
889367
889369
889370
889371
889372
889374
889389
889392
889510
889684
889795
889809
889813
889820
889825
889826
889872
889873
889876
889951
889953
889954
889955
889956
891981
891983
891984
891986
891988
891990
891991
891993
891996
891998
892003
892005
892006
892007
892009
903570
903583
903590
903592
903599
903602
903623
903637
904108
904115
904117
904123
904608
904609
904611
904618
904627
904637
904640
904668
904671
904673
904674
904679
904698
904699
904722
904837
904841
904864
905054
905055
905828
906668
906669
906884
906885
906886
906887
906922
907076
907077
907079
907081
907191
907194
907195
907894
908009
908010
908011
908012
908013
908015
908017
908018
908020
908021
908022
908023
908024
908027
908028
908030
908031
908032
908033
908039
908041
908043
908044
908047
908049
908050
908051
908052
908057
908058
908061
908063
908064
908065
908066
908069
908070
908073
908074
908075
908076
908077
908079
908081
908083
908084
908085
908087
908088
908089
908090
908092
908093
908096
908097
908098
908101
908102
908104
908108
908110
908112
908114
908116
908117
908118
908119
908125
908127
908129
908136
908140
908141
908162
908163
908164
908165
908168
908169
908171
908173
908175
908200
908207
908267
908268
908269
908270
908271
908272
908273
908276
908277
908278
908628
908629
908633
908634
908635
908636
908637
908640
908641
908644
908646
908647
908650
908651
908652
908653
908654
908655
908661
908662
908663
908665
908667
908668
908669
908670
908671
908673
908675
908676
908677
908680
908684
908688
908690
908691
908693
908694
908696
908700
908701
908702
908703
908705
908706
908707
908710
908713
908714
908715
908716
908717
908719
908721
908723
908728
908741
908747
908748
908750
908751
908755
908758
908759
908760
908761
908762
908763
908766
908774
908775
908776
908778
908780
908783
908784
908787
908789
908790
908791
908804
908807
908808
908819
908820
908821
908828
908829
908830
908831
908832
908833
908834
908835
908836
908837
908838
908839
908840
908841
909000
909001
909002
909003
909005
909006
909008
909009
909011
909014
909017
909019
909021
909024
909026
909027
909028
909031
909032
909034
909035
909037
909044
909206
909207
909210
909297
909304
909307
909308
909328
909329
909330
909331
909332
909333
909390
909391
909397
909583
909586
909604
909605
909635
909642
909645
909664
909665
909668
909675
909676
909680
909827
909901
909903
909906
909907
909908
909917
909919
909956
909957
909958
909960
910174
910180
910245
910428
910473
910474
910475
910548
911246
911255
911256
911260
911263
911264
911266
911272
911276
911280
911283
911284
911285
911323
911325
911573
911574
911728
911729
911731
911733
911740
911743
911749
911753
911767
911771
911815
911826
911834
911845
911854
911863
911874
912029
912033
912034
912035
912037
912040
912048
912049
912055
912116
912266
912320
912321
912634
912967
913012
913015
913183
913323
913595
913596
913597
913598
913599
913600
913601
913602
913820
913934
913937
913938
913970
913976
914038
914040
915011
915012
915014
915015
915016
915017
915018
915019
915020
915021
915026
915293
915341
915342
915344
915351
915356
915358
915362
915364
915365
915368
915370
915380
915424
915425
915426
915427
915428
915429
915443
915486
925389
925745
925746
925747
925754
925983
925984
925986
925989
925992
925993
925994
925995
925996
925998
925999
926004
926054
926066
926067
926070
926084
926438
926439
926440
926441
926442
926474
926543
926544
926589
926696
926697
926840
926844
927194
927252
927261
927392
927575
927576
927604
927771
927773
927988
928211
928212
928213
928214
928260
928261
928274
928280
928284
928285
928289
928290
928291
928292
928293
928315
928647
928648
928727
928728
929037
929038
929040
929047
929051
929449
929706
929707
929766
929767
929769
929814
929831
929832
929833
929834
929835
930075
930167
930168
930196
930222
930275
930557
930566
930584
930591
930595
930596
930597
930599
930604
930605
930610
930625
930628
930638
930639
930640
930645
930652
930653
930667
930668
930673
930676
930682
930683
930689
930695
930696
930699
930723
930727
930807
930809
930810
930857
930881
930950
930951
930952
930953
930954
930965
930982
930983
930985
930986
931209
931210
931244
931249
931527
931543
931545
931546
931547
931884
931885
931886
931887
931892
931893
931894
931895
931896
931897
931898
931899
931900
931901
931902
931903
931904
931905
931906
931907
931909
931911
931912
931913
931914
931915
931917
931919
931920
931922
931923
931926
931927
931972
932048
932049
932051
932052
932053
932054
932055
932056
932058
932059
932064
932065
932068
932069
932070
932071
932073
932622
932662
932699
932700
932926
932927
932928
932929
932930
932935
932936
932938
932941
932942
932945
932946
932950
932953
932956
933486
933487
933488
933489
933490
933491
933492
933697
933699
933701
933703
933704
933706
933743
933744
933752
933769
933772
933791
933845
934027
934028
934285
934286
934287
934288
934290
934291
934293
934421
934422
934423
934424
934430
934437
934440
934799
934800
934802
934803
934804
935233
935234
935286
935287
935300
935471
935472
935473
935635
935641
935646
935650
935985
935986
935990
936004
936005
936054
936056
936057
936058
936059
936060
936061
936091
936092
936095
936097
936099
936101
936102
936103
936104
936110
936111
936112
936113
936114
936115
936116
936117
936120
936121
936149
936152
936308
936313
936314
936315
936316
936318
937388
937393
937401
937414
937422
937587
937720
937809
937835
938049
938080
938081
938082
938083
938131
938257
938264
938265
938268
938270
938272
938276
938277
939922
940280
940552
940566
940568
940569
940814
940815
940816
940817
940818
940819
940820
940821
940822
940823
940824
940825
940834
940838
940846
940848
940849
940850
941058
941284
941303
941312
941320
941336
941425
941426
941427
941629
941765
941821
941822
941826
941829
941830
941832
941833
941837
941838
941908
941909
941969
941970
942016
942030
942033
942034
942036
942037
942038
942041
942042
942043
942044
942159
942162
942165
942166
942168
942169
942170
942171
942172
942173
942174
942175
942176
942177
942179
942180
942181
942729
942730
942731
942732
942734
942958
942961
942966
942979
942983
942990
942993
942998
943003
943005
943022
943023
943025
943031
943036
943041
943042
943044
943045
943050
943060
943062
943064
943083
943084
943151
943154
943155
943157
943161
943162
943272
943282
943335
943342
943896
943907
943908
943962
943978
943979
944384
944385
944386
944438
944439
944440
944580
944582
944644
944645
944963
944964
944969
944994
944995
944996
945036
945037
945038
945039
945040
945057
945058
945059
945060
945062
945083
945085
945225
945250
945913
945960
945961
945962
946046
946162
946244
946268
946350
946400
946402
946403
946404
946406
946408
946409
946411
946422
946522
946564
946710
947066
947379
947380
947523
947842
947843
947936
947938
947939
947941
947942
947964
947966
947967
947980
947981
948071
948590
948592
948739
948741
948748
948870
949124
949125
949126
949127
971271
977801
977838
977839
977840
977845
977850
977852
977912
977913
977927
978110
978111
979197
979227
979525
979526
979527
979528
979529
979530
979531
979532
979533
979534
979535
979537
979539
979626
979725
979726
979781
979850
979852
979853
979854
979855
979856
979858
979861
979862
979864
979865
979866
979867
980037
980087
980096
980112
980113
980172
980173
980174
980175
980176
980377
980380
980382
980383
980522
980525
980526
980527
980529
980532
980540
980541
980610
980634
980635
980864
980879
980880
980881
980895
980897
980964
980965
980972
981017
981018
981123
981228
981231
981323
981330
981335
981341
981342
981344
981345
981347
981348
981403
981431
981676
981795
981800
981802
981803
981807
981809
981816
981821
981833
981834
981840
981846
981851
981870
981871
981874
981885
981898
981917
981939
981947
981948
981971
981985
981986
981994
981997
981998
981999
982020
982032
982050
982065
982066
982077
982088
982096
982138
982203
982204
982205
982206
982208
982214
982216
982228
982237
982252
982255
982256
982258
982261
982279
982288
982289
982294
982298
982301
982306
982308
982311
982328
982331
982334
982338
982347
982349
982354
982363
982368
982372
982375
982376
982380
982386
982394
982410
982414
982416
982419
982421
982422
982423
982425
982426
982451
982454
982455
982461
982468
982479
982480
982481
982483
982517
982536
982545
982546
982559
982566
982567
982602
982604
982620
982621
982626
982642
982645
982648
982651
982656
982672
982680
982690
982695
982705
982715
982724
982728
982729
982752
982769
982771
982775
982777
982781
982782
982783
982787
982793
982794
982812
982815
982820
982837
982843
982846
982849
982854
982856
982858
982863
982871
982888
982889
982892
982898
982902
982908
982909
982913
982914
982916
982939
982951
982961
982965
982975
982995
982996
982998
983000
983004
983012
983017
983019
983022
983030
983031
983040
983044
983063
983068
983073
983077
983087
983100
983115
983127
983292
983307
983458
983469
983480
983482
983483
983484
983492
983495
983496
983537
983540
983882
983884
983885
983887
983888
983922
983923
983924
983925
983926
983928
983929
983995
984053
984175
984186
984331
984338
984918
984930
984932
984939
984940
984941
984942
985088
985089
985090
985094
985683
985691
985777
985779
985780
985782
985899
985903
985907
985908
985910
985911
985914
985920
985928
985940
985943
985946
985950
985961
985966
985971
986164
986165
986172
986182
986701
986729
986731
987113
988481
988499
988501
988644
988656
988692
988775
988776
988948
988949
989271
989277
989337
989895
990089
990100
990280
990302
990303
990304
990305
990306
990550
990662
990663
990664
990665
990666
990667
990668
991022
991149
991153
991154
991159
991160
991161
991163
991166
991168
991171
991175
991182
991188
991189
991191
991195
991196
991197
991198
991200
991201
991202
991217
991218
991221
991223
991231
991234
991237
991239
991240
991241
991250
991268
991269
991279
991280
991281
991284
991285
991286
991292
991295
991301
991304
991305
991306
991307
991309
991312
991314
991315
991317
991322
991323
991326
991330
991332
991334
991342
991344
991345
991351
991352
991359
991368
991370
991374
991380
991383
991385
991387
991403
991404
991409
991417
991421
991434
991438
991441
991444
991453
991460
991462
991463
991464
991466
991467
991481
991482
991484
991492
991505
991506
991517
991520
991524
991526
991532
991534
991542
991547
991550
991556
991557
991558
991566
991578
991580
991581
991583
991584
991585
991592
991593
991600
991606
991607
991609
991610
991618
991624
991625
991626
991636
991641
991642
991654
991655
991657
991660
991665
991668
991671
991672
991676
991680
991681
991688
991690
991695
991698
991701
991706
991708
991713
991714
991719
991722
991723
991728
991732
991736
991737
991746
991751
991753
991754
991760
991761
991768
991803
991809
991820
991821
991822
991878
991902
992191
992192
992193
992194
992195
992196
992210
992211
992212
992213
992214
992215
992216
992217
992218
992219
992220
992230
992231
993034
993345
993409
993410
993412
993413
993433
993435
993461
993462
993492
994382
994384
994385
994388
994485
994601
994672
994884
994887
994994
994995
995017
995021
995022
995023
995049
995734
996272
996273
996274
996288
996311
996312
996368
996574
996575
996576
996577
996578
996579
996581
996582
996583
996584
996612
996613
996614
996616
996619
996621
996629
996650
996651
997078
997454
997457
997463
997468
997469
997474
997481
997493
997555
997556
997558
997561
997909
997910
997911
997912
997915
997920
997921
997923
998086
998111
998113
998829
998864
999288
999467
999535
999706
999729
999755
999756
999759
999765
999770
999779
999787
999801
999802
999829
999830
999845
999883
999887
999888
999889
999890
1000288
1000289
1000290
1000291
1000293
1000294
1000297
1000302
1000303
1000304
1000309
1000311
1000312
1000314
1000315
1000316
1000318
1000319
1000320
1000321
1000324
1000325
1000333
1000337
1000338
1000343
1000344
1000349
1000356
1000359
1000364
1000366
1000370
1000372
1000373
1000400
1000403
1000408
1000409
1000411
1000460
1000468
1000470
1000471
1000486
1000487
1000494
1000497
1000508
1000513
1000586
1000587
1000645
1000646
1000647
1000648
1000649
1000652
1000653
1000654
1000656
1000663
1000664
1000665
1000668
1000669
1000670
1000672
1000673
1000674
1000675
1000676
1000677
1000678
1000680
1000681
1000682
1000685
1000687
1000688
1000689
1000690
1000691
1000714
1000728
1000750
1000752
1000759
1000761
1000767
1000773
1000774
1000777
1000793
1000812
1000814
1000815
1000816
1000825
1000838
1000843
1000848
1000851
1000854
1000859
1000874
1001056
1001057
1001058
1001059
1001061
1001080
1001081
1001208
1001211
1001217
1001221
1001264
1001303
1001308
1001321
1001341
1001382
1001533
1001625
1001627
1001628
1001629
1001796
1001798
1001799
1001806
1001815
1001974
1002079
1002154
1002162
1002273
1002292
1002295
1002359
1002360
1002361
1002362
1002681
1002724
1002725
1002899
1002918
1002920
1002921
1002931
1003077
1003079
1003171
1003177
1003428
1003429
1003432
1003433
1003434
1003435
1003436
1003437
1003438
1003439
1003442
1003443
1003444
1003448
1003450
1003451
1003452
1003454
1003456
1003457
1003458
1003460
1003461
1003462
1003465
1003467
1003473
1003476
1003484
1003835
1003836
1003890
1003891
1004014
1004015
1004049
1004050
1004084
1004087
1004160
1004263
1004591
1004594
1004600
1004602
1004605
1004609
1004610
1004611
1004613
1004614
1004616
1004619
1004621
1004623
1004629
1004630
1004632
1004642
1004655
1004657
1004669
1004671
1004675
1004683
1004686
1004693
1004757
1004797
1004798
1004799
1004801
1004802
1004804
1004811
1004813
1004814
1004815
1004820
1004822
1004825
1004826
1004827
1004829
1004830
1004832
1004833
1004835
1004837
1004839
1004840
1004844
1004846
1004849
1004850
1004852
1004854
1004855
1004856
1004857
1004858
1004859
1004860
1004861
1004862
1004863
1004864
1004865
1004866
1004868
1004869
1004870
1004871
1004872
1004878
1004879
1004881
1004883
1004884
1004886
1004887
1004889
1004911
1004913
1004915
1004926
1004927
1004928
1004942
1004943
1004948
1004998
1005001
1005056
1005638
1005639
1005640
1005641
1005642
1005643
1005644
1005646
1005647
1005648
1005649
1005673
1005674
1005675
1005676
1005677
1005903
1005904
1005916
1005993
1006008
1006017
1006033
1006047
1006061
1006062
1006063
1006157
1006158
1006177
1006278
1006281
1006296
1006297
1006306
1006308
1006328
1006354
1006432
1006435
1006436
1006437
1006439
1006441
1006443
1006530
1006535
1006583
1006584
1006585
1006586
1006759
1006763
1006771
1006972
1007078
1007127
1007710
1007712
1007713
1007714
1007715
1007869
1007892
1007893
1007894
1007895
1007896
1007897
1007929
1007936
1007937
1007939
1007942
1007943
1007945
1007947
1007948
1008292
1008358
1008359
1008433
1009561
1009563
1009692
1009842
1010614
1010615
1010616
1010665
1010668
1010669
1010698
1016852
1016853
1016854
1016855
1016856
1016857
1016869
1016878
1016879
1016899
1016904
1016905
1016906
1016907
1017219
1017230
1017241
1017370
1018469
1019320
1026938
1026955
1027231
1027232
1027244
1027245
1027246
1027247
1027248
1027253
1027366
1027367
1027398
1027399
1027410
1027414
1027415
1027466
1027467
1027468
1027470
1027632
1027869
1027872
1027880
1027947
1028322
1028323
1028324
1028325
1028326
1028327
1028328
1028329
1028330
1028427
1028489
1028671
1028673
1028674
1028675
1028676
1028730
1028733
1028788
1029988
1030139
1030140
1030141
1030555
1030560
1030563
1030564
1030576
1030577
1030578
1030581
1030593
1030594
1030627
1030628
1030629
1030631
1030634
1030645
1030647
1030648
1030649
1031403
1031404
1031406
1031409
1031410
1031438
1031441
1031449
1031452
1031453
1031458
1031459
1031460
1031461
1031463
1031465
1031466
1031467
1031475
1031479
1031482
1031485
1031486
1031488
1031489
1031490
1031493
1031495
1031501
1031502
1031505
1031509
1031511
1031513
1031514
1031707
1031708
1031762
1031765
1031776
1031886
1031901
1032000
1032028
1032030
1032042
1032047
1032050
1032055
1032065
1032101
1032118
1032119
1032145
1032155
1032156
1032159
1032160
1032180
1032184
1032185
1032198
1032199
1032213
1032220
1032362
1032457
1032473
1032474
1032477
1032479
1032481
1032482
1032483
1032777
1032780
1032783
1032785
1032789
1032792
1032796
1032800
1032891
1032892
1032893
1032894
1032895
1033017
1033018
1033019
1033022
1033023
1033024
1033027
1033029
1033033
1033036
1033037
1033038
1033039
1033040
1033041
1033042
1033043
1033044
1033045
1033048
1033050
1033051
1033053
1033054
1033055
1033056
1033058
1033064
1033067
1033072
1033167
1033168
1033169
1033266
1033267
1033850
1033976
1034009
1034011
1034012
1034067
1034096
1034099
1034100
1034101
1034102
1034103
1034104
1034105
1034106
1034107
1034108
1034109
1034110
1034111
1034112
1034113
1034114
1034115
1034116
1034117
1034118
1034119
1034124
1034125
1034126
1034127
1034128
1034129
1034130
1034131
1034132
1034133
1034134
1034135
1034136
1034137
1034138
1034139
1034140
1034141
1034142
1034143
1034144
1034145
1034146
1034147
1034148
1034149
1034150
1034151
1034152
1034320
1034342
1034377
1034378
1034379
1034380
1034649
1034705
1034709
1034770
1034771
1034773
1034774
1034791
1034792
1034793
1034795
1034796
1034797
1034799
1034800
1034801
1034803
1034805
1034886
1035086
1035094
1035257
1035457
1035472
1035474
1035475
1035482
1035483
1035484
1035485
1035662
1035691
1035696
1036035
1036092
1036113
1036114
1036190
1036191
1036192
1036193
1036194
1036195
1036196
1036197
1036260
1036263
1036268
1036270
1036274
1036587
1036613
1036614
1036615
1036616
1036664
1036815
1036816
1036818
1036825
1036827
1036828
1036829
1036830
1036831
1036832
1036834
1036963
1036965
1037299
1037301
1037390
1037422
1037523
1037558
1037792
1037800
1037801
1037802
1037808
1037811
1037817
1037833
1037836
1037853
1037854
1037855
1037858
1037864
1038050
1038051
1038052
1038053
1038054
1038055
1038067
1038068
1038069
1038080
1038081
1038082
1038104
1038105
1038149
1038174
1038177
1038178
1038187
1038189
1038191
1038200
1038203
1038204
1038210
1038216
1038222
1038229
1038230
1038233
1038234
1038238
1038239
1038240
1038249
1038261
1038288
1038289
1038291
1038292
1038295
1038297
1038300
1038302
1038303
1038305
1038307
1038309
1038310
1038311
1038314
1038317
1038319
1038322
1038324
1038325
1038326
1038328
1038330
1038341
1038342
1038345
1038347
1038350
1038354
1038358
1038364
1038366
1038370
1038376
1038377
1038378
1038384
1038387
1038388
1038394
1038687
1038688
1038689
1038690
1038761
1040660
1040661
1040664
1040668
1040675
1040680
1040683
1040687
1040688
1040690
1040691
1040695
1040701
1040702
1040705
1040707
1040708
1040710
1040711
1041062
1041063
1041075
1041088
1041100
1041366
1041406
1041483
1041524
1041526
1041527
1041528
1041529
1041538
1041543
1041545
1041551
1041555
1041571
1041575
1041576
1041782
1041806
1041807
1041808
1041830
1041831
1041883
1041885
1041886
1041887
1041888
1041889
1041890
1041894
1041896
1041897
1041898
1041900
1041901
1041902
1041903
1041904
1041905
1041906
1041907
1041908
1041909
1041910
1041911
1041913
1041914
1041917
1041918
1041921
1041922
1041923
1041926
1041928
1041929
1041933
1041992
1041995
1041998
1042003
1042007
1042011
1042022
1042023
1042024
1042027
1042032
1042033
1042034
1042041
1042049
1042054
1042122
1042123
1042124
1042211
1042212
1042213
1042214
1042215
1042216
1042264
1042539
1042554
1042555
1042556
1042560
1042561
1042562
1042563
1042564
1042565
1042569
1042570
1042571
1042572
1042573
1042575
1042576
1042577
1042578
1042579
1042580
1042581
1042582
1042583
1042585
1042586
1042587
1042588
1042589
1042590
1042591
1042592
1042599
1042601
1042602
1042603
1042604
1042607
1042610
1042697
1042722
1042733
1042765
1042766
1042767
1042805
1043027
1043028
1043029
1043030
1043031
1043032
1043033
1043034
1043035
1043036
1043038
1043039
1043040
1043041
1043042
1043043
1043045
1043048
1043049
1043050
1043051
1043053
1043064
1043068
1043069
1043070
1043071
1043072
1043073
1043074
1043076
1043077
1043078
1043079
1043081
1043082
1043084
1043087
1043090
1043094
1043095
1043099
1043101
1043102
1043103
1043105
1043106
1043109
1043110
1043111
1043121
1043129
1043135
1043137
1043140
1043141
1043144
1043146
1043148
1043149
1043156
1043157
1043184
1043218
1043222
1043233
1043237
1043246
1043250
1043251
1043252
1043259
1043283
1043286
1043288
1043294
1043295
1045778
1045800
1046049
1046251
1046267
1046295
1046296
1046297
1046298
1046299
1046301
1046302
1046308
1046311
1046402
1046403
1046551
1046565
1046568
1046571
1046572
1046573
1046574
1046847
1046893
1047118
1047120
1048188
1048189
1048190
1048191
1048207
1048219
1048220
1048226
1048229
1048230
1048231
1048233
1048235
1048240
1048243
1048363
1048365
1048366
1048367
1048369
1048373
1048375
1048376
1048377
1048379
1048434
1048436
1048444
1048515
1048516
1048517
1048520
1048521
1048522
1048523
1048524
1048525
1048536
1048668
1048670
1048671
1048785
1048849
1048854
1048855
1048856
1048871
1049168
1049180
1049185
1049259
1049268
1049271
1049283
1049490
1049495
1049496
1049497
1049498
1049502
1049509
1049510
1049517
1049530
1049534
1049603
1049605
1049606
1049608
1049719
1049741
1050407
1050735
1050899
1050903
1050904
1050938
1050943
1050944
1050949
1050952
1050957
1050959
1051138
1051140
1051143
1051211
1051213
1051214
1051220
1051223
1051225
1051226
1051228
1051230
1051233
1051236
1051237
1051244
1051258
1051284
1051323
1051631
1051647
1051671
1051673
1051674
1051675
1051676
1051697
1051792
1051966
1052032
1052038
1052121
1052157
1052158
1052159
1052263
1052264
1052267
1052268
1052269
1052271
1052296
1052297
1052298
1052300
1052302
1052303
1052305
1052308
1052312
1052313
1052314
1052315
1052316
1052317
1052318
1052320
1052321
1052322
1052323
1052331
1052332
1052335
1052336
1052338
1052340
1052341
1052343
1052346
1052347
1052348
1052354
1052355
1052357
1052365
1052379
1052388
1052394
1052399
1052400
1052401
1052403
1052405
1052409
1052411
1052412
1052415
1052417
1052419
1052422
1052424
1052425
1052426
1052428
1052431
1052433
1052436
1052438
1052439
1052440
1052441
1052444
1052446
1052447
1052448
1052450
1052451
1052453
1052455
1052456
1052458
1052459
1052461
1052463
1052464
1052471
1052472
1052476
1052484
1052488
1052489
1052491
1052492
1052495
1052576
1052603
1052604
1052664
1052665
1052671
1052672
1052673
1052693
1052694
1052696
1052697
1052698
1052699
1052700
1052701
1052702
1052703
1052704
1052705
1052706
1052708
1052709
1052710
1052711
1052713
1052714
1052715
1052716
1052717
1052718
1052719
1052720
1052723
1052724
1052725
1052727
1052728
1052730
1052731
1052734
1052735
1052736
1052737
1052738
1052739
1052740
1052741
1052742
1052743
1052746
1052750
1052751
1052752
1052753
1052754
1052755
1052756
1052757
1052758
1052763
1052765
1052767
1052768
1052769
1052770
1052771
1052772
1052773
1052775
1052776
1052778
1052779
1052780
1052781
1052782
1052783
1052784
1052785
1052787
1052788
1052789
1052790
1052791
1052793
1052794
1052795
1052796
1052893
1052896
1052899
1052902
1053146
1054205
1054206
1054216
1054305
1054309
1054315
1054316
1054319
1054321
1054331
1054332
1054461
1054480
1054649
1054656
1054657
1054658
1054662
1054669
1054671
1054672
1054673
1054676
1054677
1054678
1054680
1054683
1054685
1054687
1054688
1054693
1054701
1054703
1054704
1054706
1054708
1054710
1054711
1054713
1054714
1054716
1054719
1054720
1054724
1054726
1054727
1054728
1054732
1054734
1054735
1054739
1054742
1054746
1054749
1054753
1054755
1054758
1054760
1054768
1054772
1054774
1054776
1054777
1054779
1054780
1054781
1054796
1054797
1054798
1054799
1054802
1054803
1054804
1054806
1054807
1054814
1054815
1054818
1054822
1054834
1054852
1054854
1054856
1054857
1054858
1054967
1054968
1055130
1055136
1055160
1055161
1055162
1055163
1055164
1055165
1055166
1055167
1055168
1055169
1055170
1055171
1055172
1055173
1055174
1055175
1055177
1055178
1055179
1055180
1055340
1055341
1055342
1055343
1055345
1055346
1055347
1055348
1055349
1055452
1055670
1055671
1055672
1055675
1055684
1055750
1055980
1056039
1056040
1056041
1056047
1056049
1056050
1056053
1056055
1056063
1056064
1056067
1056074
1056078
1056079
1056081
1056296
1056297
1056299
1056491
1056492
1056515
1056516
1056517
1056597
1056830
1056831
1056832
1056833
1064520
1068692
1068701
1068715
1068720
1068722
1068737
1068738
1068740
1068803
1068898
1068961
1069163
1069165
1069166
1069167
1069168
1069170
1069171
1069174
1069177
1069178
1069179
1069248
1069258
1069265
1069280
1069306
1069313
1069357
1069378
1069395
1069396
1069441
1069537
1069538
1069539
1069540
1069542
1069544
1069546
1069548
1069660
1069671
1069677
1069684
1069691
1070315
1070316
1070324
1070408
1070409
1070410
1070411
1070412
1070413
1070414
1070415
1070416
1070417
1070418
1070419
1070420
1070457
1070460
1070461
1070473
1070488
1070489
1070490
1070492
1070497
1070498
1070499
1070502
1070524
1070526
1070527
1070529
1070538
1070539
1070540
1070544
1070546
1070548
1070675
1070676
1070682
1070683
1070684
1070687
1070688
1070690
1070697
1070740
1070801
1070810
1070812
1070813
1070826
1070829
1070832
1070833
1070834
1070835
1070836
1070989
1070990
1071014
1071017
1071019
1071023
1071024
1071025
1071026
1071027
1071029
1071132
1071133
1071134
1071135
1071138
1071144
1071146
1071150
1071164
1071177
1071323
1071324
1071325
1071326
1071327
1071328
1071330
1071332
1071333
1071335
1071336
1071338
1071339
1071340
1071343
1071350
1071351
1071352
1071353
1071354
1071356
1071357
1071358
1071359
1071360
1071361
1071362
1071363
1071364
1071365
1071366
1071370
1071371
1071372
1071374
1071375
1071376
1071406
1071407
1071485
1071486
1071488
1071502
1071503
1071504
1071505
1071506
1071620
1071622
1071623
1071624
1071625
1072162
1072176
1072204
1072278
1072305
1072329
1072330
1072332
1072333
1072517
1072549
1072550
1072672
1072677
1072683
1072983
1072996
1073006
1073007
1073010
1073022
1073043
1073050
1073052
1073232
1073233
1073234
1073236
1073237
1073438
1073439
1073440
1073441
1073444
1073445
1073446
1073447
1073448
1073449
1073450
1073454
1073456
1073457
1073458
1073459
1073463
1073464
1073466
1073467
1073468
1073471
1073473
1073476
1073754
1073766
1073767
1073950
1073951
1073952
1073953
1073954
1073955
1073956
1073957
1073958
1073959
1073960
1073961
1073962
1073964
1073965
1073966
1073967
1073968
1073970
1074012
1074043
1074044
1074206
1074207
1074208
1074209
1074210
1074212
1074213
1074214
1074253
1074255
1074270
1074295
1074297
1074298
1074303
1074304
1074305
1074306
1074307
1074308
1074309
1074325
1074330
1074335
1074336
1074337
1074339
1074340
1074344
1074359
1074364
1074368
1074372
1074381
1074415
1074471
1074829
1074838
1074839
1074840
1074842
1074843
1074844
1074845
1074846
1074847
1074850
1074851
1074853
1074854
1074857
1074858
1074859
1074860
1074862
1074863
1074864
1074865
1074894
1074900
1075093
1075420
1075422
1075739
1075744
1075745
1075747
1075750
1075754
1075756
1075774
1075775
1075816
1075817
1075819
1075820
1075821
1075823
1075825
1075826
1075827
1075828
1075829
1075830
1075835
1076136
1076255
1076281
1076282
1076283
1076284
1076295
1076298
1076299
1076300
1076301
1076305
1076306
1076307
1076309
1076310
1076311
1076312
1076313
1076314
1076320
1076321
1076322
1076323
1076324
1076325
1076326
1076339
1076342
1076343
1076345
1076422
1076425
1076428
1076630
1076631
1076653
1076654
1076680
1076704
1076705
1076706
1076708
1076759
1076932
1076952
1076953
1076954
1076955
1076956
1076957
1076958
1076959
1076960
1076962
1076969
1076970
1076971
1076975
1076976
1076977
1076979
1076980
1076984
1076989
1076991
1077001
1077018
1077041
1077151
1077220
1077287
1077391
1077393
1077416
1077417
1077418
1077420
1077421
1077422
1077430
1077587
1077591
1077830
1077831
1077832
1077858
1077859
1077906
1077907
1078036
1078037
1078038
1078039
1078054
1078062
1078064
1078065
1078069
1078079
1078264
1078401
1078402
1078671
1078682
1078947
1079253
1079894
1079895
1079896
1079948
1079951
1079952
1079998
1079999
1080138
1080139
1080140
1080141
1080798
1080799
1080800
1081054
1081055
1081229
1081232
1081233
1081234
1081239
1081240
1081242
1081243
1081250
1081253
1081397
1081398
1081399
1081400
1081401
1081663
1081693
1081695
1081696
1081700
1081702
1081704
1081803
1082189
1082401
1082403
1082404
1082409
1082417
1082418
1082419
1082420
1082422
1082423
1082432
1082433
1082435
1082441
1082442
1082444
1082447
1082448
1082451
1082452
1082455
1082457
1082460
1082461
1082462
1082464
1082465
1082466
1082467
1082468
1082470
1082513
1082514
1082515
1082516
1082517
1082518
1082519
1082520
1082522
1082523
1082524
1082525
1082526
1082527
1082528
1082576
1082745
1082759
1082760
1082761
1082910
1084372
1084500
1084501
1084715
1084716
1084717
1084718
1084719
1084720
1084721
1084722
1084723
1085534
1085566
1085569
1086035
1086055
1086072
1086543
1086544
1086556
1086561
1086563
1086564
1086565
1086567
1086569
1086573
1086574
1086575
1086576
1086577
1086578
1086581
1086582
1086583
1086749
1086751
1086800
1086841
1086842
1086843
1086846
1086847
1086848
1086849
1086851
1086852
1086855
1086856
1086857
1086858
1086859
1086860
1086861
1086863
1086864
1086865
1086867
1086868
1086869
1086871
1086874
1086875
1086876
1086878
1086879
1086880
1086882
1086885
1086887
1086889
1086890
1086891
1086892
1086893
1086895
1086897
1086900
1086904
1086908
1086909
1086910
1086911
1086912
1086913
1086916
1086920
1086922
1086924
1086930
1086931
1086932
1086933
1086937
1086938
1086941
1086943
1086945
1086946
1086947
1086948
1086949
1086952
1086953
1086954
1086955
1086956
1086958
1086959
1086960
1086962
1086963
1086965
1086966
1086967
1086968
1086969
1086971
1086974
1086977
1086978
1086982
1086983
1086985
1086986
1086987
1086988
1086989
1086991
1086992
1086993
1086996
1086997
1086999
1087004
1087006
1087007
1087008
1087009
1087010
1087011
1087012
1087013
1087014
1087015
1087016
1087019
1087020
1087026
1087028
1087029
1087031
1087032
1087033
1087034
1087035
1087038
1087039
1087040
1087042
1087043
1087044
1087051
1087068
1087070
1087071
1087108
1087109
1087279
1087285
1087288
1087289
1087291
1087292
1087422
1087426
1087433
1087435
1087436
1087480
1087482
1088008
1088012
1088660
1088661
1088664
1088665
1088687
1088689
1088701
1088753
1088786
1088864
1088865
1088866
1088867
1088890
1088917
1089107
1089108
1089110
1089111
1089112
1089113
1089114
1089115
1089116
1089117
1089118
1089119
1089120
1089121
1089122
1089123
1089125
1089126
1089127
1089128
1089129
1089130
1089131
1089132
1089135
1089136
1089137
1089138
1089195
1089196
1089208
1089209
1089353
1089360
1089387
1089555
1089565
1089601
1089795
1090097
1090133
1090134
1090140
1090654
1090664
1090687
1090692
1090694
1090717
1090736
1090738
1090742
1090756
1090786
1090791
1090803
1090805
1090957
1090958
1090959
1090960
1090962
1091052
1091166
1091170
1091174
1091178
1091197
1091198
1091287
1091306
1091556
1091662
1091663
1091670
1091678
1091690
1091692
1091699
1091774
1091917
1091970
1092011
1092020
1092033
1092046
1092061
1092067
1092081
1092151
1092161
1092183
1092235
1092259
1092266
1092276
1092279
1092296
1092336
1092343
1092563
1092564
1092848
1092855
1092863
1092871
1092873
1092876
1092877
1092881
1092886
1092888
1092891
1092902
1092906
1092910
1092912
1092913
1092914
1092915
1092925
1092928
1092929
1092930
1092933
1092934
1092935
1092946
1092951
1092953
1092954
1092956
1092957
1092958
1092961
1092962
1092963
1092965
1092966
1092967
1092969
1092970
1092973
1092974
1092977
1092985
1092988
1093000
1093007
1093009
1093010
1093011
1093012
1093013
1093019
1093020
1093030
1093032
1093033
1093035
1093040
1093045
1093047
1093048
1093049
1093052
1093054
1093065
1093066
1093067
1093076
1093077
1093078
1093080
1093081
1093084
1093086
1093087
1093088
1093089
1093090
1093091
1093092
1093100
1093101
1093104
1093160
1093259
1093260
1093261
1093297
1093298
1093305
1093324
1093326
1093327
1093329
1093331
1093334
1093335
1093339
1093340
1093354
1093360
1093361
1093362
1093363
1093364
1093365
1093366
1093367
1093369
1093370
1093381
1093382
1093383
1093384
1093385
1093386
1093387
1093388
1093389
1093390
1093396
1093397
1093402
1093403
1093404
1093411
1093414
1093415
1093420
1093421
1093422
1093423
1093424
1093425
1093426
1093427
1093429
1093433
1093434
1093435
1093438
1093447
1093449
1093451
1093457
1093458
1093463
1093465
1093466
1093472
1093475
1093477
1093479
1093481
1093482
1093483
1093485
1093486
1093487
1093489
1093491
1093492
1093493
1093494
1093495
1093496
1093497
1093498
1093499
1093501
1093502
1093503
1093504
1093505
1093508
1093509
1093514
1093515
1093516
1093517
1093520
1093521
1093522
1093523
1093524
1093525
1093526
1093531
1093532
1093533
1093538
1093541
1093544
1093545
1093547
1093550
1093552
1093553
1093554
1093558
1093560
1093562
1093565
1093566
1093567
1093570
1093573
1093578
1093584
1093586
1093587
1093591
1093592
1093672
1093773
1093779
1093781
1093784
1093785
1093901
1093902
1093903
1093904
1093905
1093906
1093907
1093908
1093909
1093910
1093911
1093913
1093914
1093928
1093934
1093941
1093958
1094249
1094287
1094288
1094290
1094299
1094307
1094311
1094319
1094363
1094373
1094374
1094375
1094376
1094424
1094426
1094429
1094433
1094439
1094620
1094799
1094810
1094815
1094821
1094844
1094892
1094895
1094898
1094899
1094900
1094901
1095053
1095056
1095062
1095072
1095076
1095126
1095132
1095134
1095140
1095144
1095145
1095150
1095158
1095161
1095171
1095427
1095757
1095905
1095908
1096141
1096142
1096144
1096165
1096193
1096309
1096342
1096418
1096419
1096420
1096421
1096423
1096425
1096426
1096427
1096428
1096430
1096432
1096435
1096437
1096722
1096763
1096787
1096789
1096792
1096795
1096796
1096808
1097017
1097365
1097380
1097381
1097382
1097719
1097720
1097722
1097725
1097730
1097731
1097732
1097736
1097738
1097739
1097744
1097752
1097754
1098844
1098846
1098859
1098904
1098912
1098913
1098914
1099870
1099871
1099897
1099916
1099917
1099920
1099921
1099922
1099931
1099932
1099933
1099951
1099963
1099964
1100035
1100036
1100037
1100043
1100787
1100790
1100791
1100814
1100835
1100836
1100839
1100840
1100878
1101371
1101396
1101406
1101407
1101411
1101416
1101419
1101423
1101424
1101425
1101428
1101433
1101435
1101438
1104347
