2972802
2972803
2972805
2972807
2972808
2972811
2972812
2972813
2972816
2972817
2972820
2972821
2972822
2972823
2972827
2972828
2972829
2972830
2972831
2972832
2972833
2972837
2972840
2972846
2972847
2972848
2972867
2972869
2972870
2972872
2972873
2972874
2972875
2972876
2972877
2972878
2972879
2972880
2972881
2972882
2972883
2972884
2972885
2972886
2972887
2972888
2972889
2972890
2972892
2972893
2972894
2972895
2972896
2972897
2972898
2972899
2972900
2972901
2972902
2972903
2972904
2972905
2972906
2972908
2972909
2972910
2972911
2972912
2972913
2972973
2973077
2973078
2973079
2973080
2973081
2973091
2973092
2973094
2973095
2973096
2973208
2973209
2973210
2973211
2973212
2973213
2973214
2973215
2973216
2973486
2973487
2973488
2973489
2973496
2973497
2973498
2973499
2973500
2973502
2973503
2973506
2973522
2973540
2973541
2973543
2973654
2973655
2973658
2973659
2973660
2973661
2973662
2973671
2973717
2973718
2973720
2973721
2973722
2973725
2973726
2973795
2973796
2973797
2973798
2973836
2973838
2973924
2973956
2973975
2973981
2974046
2974047
2974049
2974050
2974051
2974052
2974072
2974073
2974451
2974594
2974600
2974655
2974656
2974657
2974658
2974659
2974660
2974661
2974662
2974663
2974664
2974665
2974675
2974676
2974717
2974718
2974723
2974724
2974726
2974895
2974900
2974943
2975222
2975224
2975233
2975235
2975236
2975237
2975238
2975239
2975240
2975241
2975242
2975243
2975244
2975245
2975246
2975247
2975248
2975506
2975511
2975512
2975529
2975530
2975531
2975532
2975533
2975534
2975535
2975536
2975545
2975548
2976114
2976121
2976128
2976198
2976199
2976276
2976277
2976284
2976285
2976287
2976291
2976296
2976299
2976300
2976301
2976304
2976314
2976353
2976362
2976364
2976373
2976374
2976376
2976377
2976380
2976385
2976424
2976427
2976460
2976545
2976572
2976679
2976691
2976692
2976693
2976900
2976901
2976936
2976943
2976944
2976956
2976977
2977130
2977131
2977132
2977133
2977134
2977135
2977136
2977137
2977138
2977441
2977448
2977450
2977451
2977463
2977467
2977468
2977475
2977482
2977486
2977491
2977496
2977498
2977532
2977592
2977598
2977600
2977601
2977602
2977935
2977951
2977952
2977953
2977954
2977955
2977957
2977958
2977959
2977960
2977961
2977962
2977963
2977964
2977967
2977969
2977970
2977971
2977972
2977973
2977974
2977975
2977976
2977977
2977978
2977979
2977980
2977981
2977982
2977983
2977984
2977985
2977986
2977987
2977988
2977989
2977990
2977991
2977992
2977993
2977994
2977995
2977996
2977997
2977998
2977999
2978071
2978124
2978128
2978130
2978131
2978132
2978146
2978335
2978336
2978453
2978480
2978481
2978483
2978484
2978485
2978486
2978487
2978488
2978489
2978490
2978492
2978493
2978494
2978495
2978496
2978497
2978498
2978499
2978500
2978501
2978502
2978503
2978516
2978733
2978919
2978975
2978976
2978977
2978978
2978979
2978980
2978981
2978982
2978983
2978984
2979118
2979119
2979120
2979225
2979226
2979340
2979342
2979345
2979346
2979347
2979350
2979351
2979352
2979353
2979357
2979358
2979359
2979360
2979361
2979362
2979363
2979596
2979597
2979638
2979639
2979640
2979641
2979707
2979708
2979709
2979710
2979741
2979750
2979751
2979752
2979754
2979755
2979760
2979762
2979763
2979765
2979766
2979867
2979958
2979963
2979964
2979965
2979970
2979971
2979972
2979976
2979978
2979979
2979981
2979982
2979983
2979984
2979985
2979986
2980032
2980033
2980037
2980038
2980039
2980040
2980041
2980042
2980043
2980044
2980047
2980051
2980053
2980055
2980059
2980060
2980061
2980062
2980065
2980067
2980070
2980071
2980074
2980076
2980078
2980079
2980080
2980082
2980083
2980085
2980086
2980087
2980088
2980089
2980093
2980094
2980097
2980098
2980204
2980362
2980363
2980364
2980365
2980366
2980367
2980368
2980369
2980370
2980371
2980372
2980373
2980374
2980375
2980376
2980377
2980378
2980379
2980380
2980381
2980382
2980383
2980384
2980385
2980386
2980387
2980388
2980389
2980390
2980391
2980392
2980393
2980394
2980395
2980396
2980397
2980398
2980500
2980501
2980503
2980552
2980571
2980573
2980574
2980575
2980576
2980577
2980578
2980579
2980581
2980582
2980583
2980585
2980587
2980588
2980589
2980590
2980596
2980597
2980598
2980601
2980605
2980606
2980607
2980609
2980610
2980611
2980612
2980613
2980616
2980617
2980619
2980620
2980622
2980623
2980625
2980626
2980627
2980954
2980980
2980981
2980982
2981540
2981541
2981543
2981545
2981546
2981548
2981549
2981550
2981551
2981552
2981553
2981554
2981564
2981565
2981566
2981567
2981568
2981574
2981577
2981578
2981580
2981581
2981584
2981585
2981586
2981587
2981588
2981589
2981625
2981708
2981709
2981719
2982030
2982031
2982034
2982035
2982036
2982037
2982038
2982039
2982041
2982042
2982044
2982045
2982046
2982049
2982050
2982052
2982056
2982057
2982061
2982062
2982063
2982064
2982065
2982066
2982067
2982068
2982070
2982071
2982072
2982171
2982223
2982224
2982525
2982527
2982591
2982686
2982688
2982696
2982742
2982806
2982807
2982809
2982810
2982811
2982812
2982871
2982872
2982875
2982876
2982878
2982892
2982893
2982895
2982896
2982897
2982898
2982899
2982901
2982902
2982904
2982905
2982913
2982914
2982915
2982917
2982918
2982919
2982920
2982921
2982923
2983317
2983318
2983321
2983323
2983349
2983350
2983351
2983352
2983353
2983354
2983355
2983356
2983357
2983358
2983359
2983360
2983543
2983643
2983644
2983679
2983915
2983918
2983927
2983929
2983934
2983935
2983936
2983937
2983938
2983940
2983941
2983943
2983946
2983947
2983948
2983949
2983950
2983951
2983952
2983953
2983954
2983956
2983957
2983958
2983959
2983961
2983962
2983963
2983965
2983966
2983971
2983972
2983973
2983974
2983975
2983976
2983977
2983978
2984167
2984270
2984271
2984272
2984273
2984274
2984275
2984276
2984277
2984278
2984279
2984280
2984281
2984282
2984283
2984284
2984285
2984286
2984291
2984294
2984833
2984884
2984971
2984972
2984976
2984977
2984978
2984979
2984980
2984981
2985242
2985243
2985286
2985287
2985293
2985294
2985295
2985308
2985309
2985310
2985311
2985312
2985313
2985314
2985315
2985316
2985318
2985319
2985321
2985322
2985323
2985324
2985325
2985326
2985327
2985329
2985331
2985437
2985443
2985444
2985549
2985551
2985552
2985553
2985557
2985560
2985561
2985562
2985563
2985564
2985565
2985566
2985567
2985568
2985569
2985594
2985595
2985604
2985607
2985608
2985610
2985612
2985619
2985629
2985630
2985647
2985648
2985649
2985650
2985653
2985655
2985656
2985658
2985659
2985660
2985661
2985662
2985663
2985664
2985665
2985666
2985667
2985669
2985670
2985671
2985672
2985673
2985674
2985675
2985676
2985677
2985678
2985679
2985680
2985681
2985682
2985683
2985684
2985687
2985689
2985690
2985691
2985692
2985693
2985694
2985695
2985696
2985697
2985698
2985699
2985702
2985703
2985704
2985705
2985706
2985707
2985709
2985710
2985711
2985712
2985735
2985736
2985737
2985738
2985739
2985740
2985741
2985742
2985743
2985744
2985745
2985746
2985747
2985748
2985749
2985750
2985751
2985752
2985753
2985754
2985755
2985757
2985758
2985759
2985760
2985761
2985762
2985763
2985764
2985765
2985766
2985768
2985769
2985770
2985771
2985772
2985968
2985969
2985970
2985971
2985972
2985973
2985974
2985975
2985976
2985977
2985978
2985979
2985980
2985981
2985982
2985983
2985984
2985986
2985991
2985992
2985993
2985994
2985995
2985996
2985997
2985998
2986001
2986002
2986003
2986004
2986005
2986007
2986008
2986009
2986010
2986011
2986012
2986013
2986014
2986015
2986016
2986017
2986019
2986020
2986021
2986022
2986023
2986024
2986026
2986027
2986028
2986029
2986032
2986033
2986034
2986035
2986036
2986045
2986086
2986095
2986120
2986136
2986141
2986142
2986143
2986144
2986145
2986276
2986386
2986392
2986394
2986395
2986396
2986397
2986398
2986399
2986400
2986401
2986402
2986403
2986404
2986405
2986406
2986407
2986408
2986409
2986410
2986411
2986412
2986413
2986414
2986415
2986416
2986417
2986418
2986419
2986420
2986443
2986505
2986506
2986508
2986509
2986511
2986514
2986619
2986620
2986775
2986952
2986953
2987078
2987487
2987682
2987725
2987730
2987731
2987746
2989482
2989486
2989508
2989509
2989514
2989723
2989724
2989751
2989752
2989753
2989754
2989760
2989852
2989853
2989854
2990447
2990448
2990517
2990546
2990647
2990648
2990651
2990652
2991261
2991262
2991282
2991283
2991697
2991854
2991860
2991861
2991862
2991863
2991864
2991865
2991866
2991867
2991875
2991941
2991989
2992029
2992030
2992031
2992032
2992033
2992034
2992036
2992037
2992158
2992172
2992173
2992174
2992175
2992261
2992275
2992276
2992277
2992309
2992576
2992577
2992578
2992639
2992641
2992645
2992777
2992778
2992780
2992783
2992784
2992785
2992786
2992787
2992789
2992842
2992846
2992847
2992848
2992849
2992850
2992851
2992852
2992854
2992855
2992856
2992866
2992867
2992924
2992925
2992927
2992928
2992929
2993323
2993406
2993407
2993408
2993409
2993411
2993412
2993413
2993451
2993454
2993504
2993505
2993515
2993516
2993517
2993519
2993520
2993521
2993522
2993523
2993524
2993526
2993527
2993529
2993718
2993856
2993858
2993860
2993912
2993952
2993953
2994001
2994038
2994040
2994041
2994042
2994044
2994045
2994047
2994055
2994057
2994165
2994166
2994332
2994333
2994410
2994463
2994894
2994895
2994963
2994964
2994965
2994966
2994980
2994981
2994983
2994984
2994985
2994987
2994988
2994989
2994990
2994992
2994993
2994994
2994995
2994999
2995133
2995278
2995279
2995280
2995353
2995354
2995438
2995439
2995440
2995599
2995600
2995601
2995628
2995629
2995630
2995631
2995632
2995633
2995634
2995639
2995640
2995655
2995678
2995679
2996048
2996049
2996053
2996057
2996058
2996059
2996060
2996064
2996065
2996071
2996073
2996074
2996075
2996088
2996089
2996091
2996092
2996093
2996096
2996101
2996108
2996109
2996110
2996116
2996118
2996120
2996123
2996149
2996150
2996151
2996154
2996155
2996156
2996161
2996162
2996175
2996176
2996180
2996182
2996214
2996215
2996217
2996219
2996220
2996221
2996223
2996225
2996433
2996457
2996476
2996477
2996479
2996761
2996810
2997400
2997401
2997402
2997403
2997411
2998221
2998222
2998227
2998239
2998242
2998243
2998244
2998245
2998246
2998497
2998498
2998499
2998501
2998861
2998886
2998887
2998888
2998890
2998891
2998892
2998893
2998894
2998979
2998980
2998981
2998982
2998984
2998985
2998986
2998987
2998988
2998990
2998991
2998992
2998994
2998995
2998996
2998998
2999012
2999013
2999014
2999015
2999016
2999017
2999018
2999047
2999079
2999080
2999081
2999082
2999083
2999104
2999244
2999246
2999247
2999280
2999281
3000307
3000309
3002498
3002547
3002548
3002549
3002632
3002890
3002894
3002895
3003230
3003231
3003233
3003234
3003235
3003236
3003237
3003240
3003342
3003362
3003363
3003364
3003365
3003366
3003367
3003368
3003369
3003370
3003372
3003373
3003559
3003584
3003586
3003587
3003604
3003605
3003606
3003610
3003611
3003612
3003613
3003614
3003615
3003628
3003632
3003634
3003635
3003693
3003694
3003695
3003696
3003697
3003698
3003699
3003700
3003704
3003705
3003706
3003715
3003716
3003717
3003719
3003720
3003725
3003726
3003727
3003728
3003729
3003730
3003731
3003732
3003733
3003734
3003735
3003736
3003737
3003743
3003744
3003787
3003789
3003790
3003794
3003795
3003796
3003797
3003800
3003801
3003808
3003809
3003810
3003811
3003819
3003820
3003825
3003826
3003827
3003834
3003835
3003836
3003837
3003838
3003839
3003840
3003841
3003842
3003844
3003845
3003850
3003851
3003852
3003853
3003855
3003857
3003858
3003859
3003860
3003873
3003874
3003879
3003886
3003892
3003894
3003896
3003900
3003904
3003905
3003906
3003910
3003911
3003915
3003941
3003942
3003943
3003945
3003946
3003947
3003948
3003949
3003950
3003951
3003952
3003954
3003955
3003956
3003957
3003959
3003960
3003961
3003963
3003964
3003965
3003966
3003967
3003968
3003969
3003973
3003975
3003976
3003978
3003979
3003987
3003989
3003993
3003996
3003997
3003998
3003999
3004000
3004001
3004003
3004004
3004005
3004009
3004010
3004011
3004014
3004015
3004016
3004017
3004018
3004019
3004020
3004021
3004022
3004023
3004025
3004026
3004029
3004030
3004031
3004033
3004038
3004039
3004040
3004041
3004042
3004159
3004160
3004165
3004166
3004167
3004170
3004171
3004173
3004176
3004179
3004181
3004182
3004183
3004184
3004219
3004221
3012326
3012327
3012331
3013107
3014124
3014452
3014454
3014456
3014457
3014462
3014660
3014792
3014793
3014794
3014795
3014808
3014809
3014864
3014876
3014888
3015214
3015287
3015288
3015289
3015290
3015924
3015925
3016015
3016016
3016017
3016036
3016077
3016078
3016079
3016143
3016272
3016287
3016288
3016289
3016290
3016291
3016292
3016293
3016294
3016295
3016296
3016297
3016298
3016299
3016300
3016301
3016302
3016303
3016304
3016305
3016306
3016307
3016308
3016309
3016310
3016311
3016312
3016313
3016314
3016315
3016316
3016317
3016318
3016319
3016320
3016321
3016322
3016323
3016324
3016325
3016326
3016327
3016328
3016329
3016330
3016331
3016338
3016425
3016451
3016452
3016453
3016454
3016455
3016905
3016906
3016939
3016940
3016942
3016943
3017068
3017166
3017167
3017168
3017169
3017283
3017287
3017288
3017289
3017290
3017291
3017292
3017297
3017298
3017299
3017300
3017301
3017303
3017304
3017305
3017307
3017308
3017309
3017311
3017312
3017315
3017316
3017350
3017776
3017777
3017778
3017780
3017785
3017786
3017787
3017788
3017790
3017791
3017792
3017793
3017796
3017797
3017798
3017799
3017801
3017802
3017830
3017831
3017832
3017833
3017834
3017835
3017836
3017837
3017838
3018028
3018029
3018030
3018283
3018284
3018522
3018523
3018524
3018525
3018526
3018527
3018528
3018529
3018530
3018531
3018560
3018631
3018810
3018811
3018825
3018827
3018828
3018829
3018830
3018831
3018832
3018833
3018834
3018835
3018836
3018837
3018839
3018840
3018842
3018844
3018845
3018846
3018849
3018850
3018851
3018852
3018853
3018854
3018855
3018856
3018857
3018858
3018859
3018860
3018861
3018862
3018863
3018864
3018866
3018867
3018868
3018869
3018870
3018872
3018873
3018874
3018875
3018877
3018878
3018879
3018880
3018881
3018884
3018885
3018886
3018887
3018888
3018889
3018890
3018891
3018892
3018893
3018894
3018896
3018898
3018899
3018901
3018902
3018903
3018904
3018905
3018906
3018907
3018908
3018909
3018911
3018912
3018913
3018914
3018915
3018916
3018918
3018919
3018921
3018922
3018924
3018925
3018926
3018985
3018986
3018993
3018995
3018996
3019006
3019033
3019178
3019185
3019276
3019281
3019282
3019283
3019441
3019450
3019451
3019552
3019650
3019659
3019660
3019840
3019910
3019935
3020045
3020197
3020198
3020199
3020200
3020201
3020202
3020203
3020205
3020206
3020207
3020208
3020209
3020210
3020211
3020212
3020230
3020231
3020232
3020233
3020234
3020235
3020237
3020238
3020239
3020240
3020241
3020254
3020256
3020257
3020258
3020262
3020263
3020264
3020384
3020389
3020390
3020392
3020393
3020395
3020397
3020398
3020399
3020400
3020410
3020411
3020412
3020413
3020414
3020415
3020416
3020419
3020453
3020468
3020472
3020474
3020475
3020476
3020477
3020611
3020854
3020910
3021227
3021412
3021586
3021588
3021636
3021736
3021796
3021812
3022013
3022014
3022055
3022056
3022057
3022080
3022081
3022082
3022083
3022084
3022085
3022086
3022087
3022088
3022089
3022090
3022091
3022092
3022093
3022095
3022096
3022097
3022098
3022099
3022100
3022101
3022102
3022103
3022104
3022105
3022106
3022107
3022108
3022109
3022110
3022111
3022112
3022131
3022132
3022218
3022428
3022429
3022451
3022453
3022456
3022457
3022458
3022459
3022460
3022461
3022462
3022758
3022770
3022811
3022812
3022813
3022814
3022815
3022817
3022818
3022851
3022883
3022905
3023082
3023095
3023099
3023100
3023101
3023103
3023105
3023108
3023116
3023455
3023607
3023608
3023698
3024147
3024148
3024159
3024174
3024175
3024176
3024177
3024178
3024179
3024182
3024421
3024423
3024426
3024541
3024828
3025059
3025134
3025135
3025136
3025137
3025219
3025308
3025372
3025375
3025402
3025403
3025404
3025408
3025409
3025410
3025411
3025412
3025413
3025418
3025420
3025422
3025445
3025446
3025447
3025448
3025449
3025490
3025491
3025494
3025622
3025624
3025750
3025885
3025886
3025943
3026122
3026123
3026124
3026125
3026126
3026127
3026164
3026165
3026166
3026176
3026463
3026513
3026977
3026978
3026979
3026980
3026981
3026982
3026983
3026984
3026985
3027006
3027007
3027034
3027035
3027036
3027037
3027038
3027323
3027324
3027333
3027335
3027336
3027339
3027340
3027341
3027342
3027343
3027347
3027348
3027349
3027350
3027353
3027354
3027357
3027514
3027515
3027516
3027574
3027584
3027585
3027586
3027587
3027588
3027589
3027590
3027591
3027592
3027593
3027594
3027595
3027596
3027597
3027598
3027603
3027604
3027606
3027607
3027608
3027609
3027610
3027619
3027624
3027625
3027626
3027631
3027633
3027640
3027643
3027646
3027657
3027681
3027682
3027683
3027684
3027685
3027688
3027689
3027695
3027698
3027699
3027702
3027703
3027706
3027708
3027771
3027772
3027979
3027980
3027981
3027982
3027985
3027987
3027988
3027989
3027990
3027991
3027992
3028120
3028121
3028122
3028123
3028139
3028140
3028143
3028144
3028151
3028153
3028154
3028162
3028171
3028172
3028190
3028191
3028214
3028222
3028229
3028231
3028470
3028471
3028472
3028473
3028474
3028476
3028482
3028483
3028484
3028485
3028486
3028487
3028488
3028489
3028490
3028491
3028492
3028493
3028494
3028495
3028496
3028497
3028502
3028503
3028504
3028505
3028508
3028511
3028512
3028513
3028514
3028515
3028896
3028897
3028898
3028900
3028901
3028902
3028903
3028904
3028905
3028908
3028909
3028910
3028911
3028980
3028982
3028983
3028984
3028985
3028986
3028987
3028988
3028989
3028990
3028991
3028993
3028994
3028995
3028996
3028997
3028998
3028999
3029000
3029001
3029002
3029003
3029004
3029005
3029006
3029007
3029008
3029009
3029011
3029012
3029013
3029014
3029015
3029016
3029017
3029018
3029019
3029020
3029069
3029070
3029073
3029074
3029264
3029265
3029443
3029445
3029446
3029570
3029571
3029710
3029711
3029831
3029834
3029998
3029999
3030001
3030002
3030003
3030004
3030537
3030538
3030539
3030541
3030542
3030635
3030773
3030863
3030865
3030933
3030940
3031198
3031238
3031246
3031342
3031448
3031797
3031798
3031800
3031847
3031848
3031849
3031850
3031851
3031940
3031943
3032027
3032028
3032210
3032213
3032216
3032217
3032222
3032225
3032226
3032227
3032228
3032230
3032231
3032232
3032234
3032235
3032236
3032237
3032256
3032257
3032258
3032259
3032261
3032262
3032263
3032273
3032359
3032369
3032371
3032373
3032374
3032375
3032376
3032377
3032378
3032379
3032380
3032411
3032412
3032413
3032414
3032415
3032416
3032418
3032419
3032421
3032422
3032423
3032433
3032449
3032452
3032453
3032454
3032456
3032457
3032460
3032461
3032462
3032463
3032464
3032465
3032467
3032469
3032472
3032473
3032474
3032475
3032476
3032477
3032482
3032483
3032484
3032485
3032486
3032588
3032918
3033758
3033760
3033938
3034127
3034281
3034282
3034283
3034284
3034677
3034680
3034769
3034773
3034861
3034862
3034915
3034916
3034917
3035005
3035006
3035007
3035008
3035009
3035010
3035012
3035015
3035017
3035018
3035019
3035020
3035021
3035022
3035023
3035025
3035230
3035318
3035367
3035368
3035369
3035370
3035371
3035372
3035373
3035374
3035377
3035379
3035380
3035381
3035382
3035383
3035384
3035385
3035386
3035387
3035388
3035389
3035391
3035392
3035393
3035533
3035534
3035535
3035536
3035537
3035573
3035782
3035801
3035802
3035803
3035804
3035894
3035899
3035906
3035907
3035930
3035931
3035932
3035933
3035936
3035937
3035938
3035939
3035940
3035942
3035943
3035944
3035945
3035946
3035947
3035948
3035949
3035950
3035954
3036229
3036235
3036236
3036361
3036362
3036363
3036364
3036365
3036366
3036367
3036369
3036444
3036445
3036599
3036681
3037152
3037153
3037154
3037298
3037394
3037395
3037396
3037397
3037398
3037399
3037400
3037427
3037657
3037664
3037665
3037703
3037808
3037809
3038065
3038081
3038082
3038084
3038085
3038088
3038089
3038090
3038091
3038101
3038102
3038107
3038111
3038114
3038179
3038180
3038194
3038205
3038206
3038207
3038208
3038209
3038210
3038211
3038212
3038218
3038219
3038220
3038221
3038222
3038228
3038230
3038231
3038232
3038233
3038234
3038235
3038236
3038237
3038238
3038239
3038240
3038244
3038265
3038266
3038267
3038268
3038269
3038270
3038271
3038273
3038274
3038275
3038276
3038277
3038278
3038279
3038281
3038282
3038283
3038301
3038302
3038303
3038305
3038307
3038308
3038309
3038310
3038311
3038312
3038313
3038314
3038315
3038316
3038317
3038318
3038319
3038321
3038322
3038334
3038335
3038336
3038337
3038338
3038339
3038340
3038341
3038342
3038343
3038344
3038345
3038360
3038361
3038362
3038363
3038364
3038365
3038366
3038367
3038368
3038369
3038370
3038371
3038372
3038373
3038374
3038375
3038376
3038377
3038378
3038379
3038380
3038381
3038382
3038384
3038385
3038386
3038387
3038395
3038396
3038397
3038398
3038400
3038402
3038403
3038404
3038409
3038414
3038572
3038581
3038584
3038585
3038586
3038587
3038601
3038602
3038603
3038604
3038605
3038606
3038607
3038608
3038609
3038610
3038611
3038612
3038613
3038614
3038615
3038616
3038618
3038619
3038620
3038626
3038627
3038628
3038629
3038630
3038631
3038632
3038633
3038634
3038637
3038638
3038639
3038640
3038641
3038643
3038644
3038645
3038648
3038649
3038650
3038651
3038661
3038662
3038663
3038664
3038665
3038667
3038668
3038669
3038670
3038671
3038673
3038674
3038675
3038676
3038677
3038678
3038679
3038680
3038681
3038682
3038683
3038684
3038685
3038687
3038688
3038690
3038691
3038692
3038693
3038694
3038695
3038697
3038698
3038699
3038700
3038701
3038702
3038703
3038704
3038705
3038706
3038707
3038709
3038710
3038711
3038713
3038716
3038717
3038718
3038719
3038721
3038722
3038723
3038724
3038727
3038728
3038729
3038730
3038731
3038732
3038733
3038734
3038735
3038736
3038737
3038738
3038739
3038740
3038741
3038742
3038743
3038744
3038745
3038747
3038748
3038749
3038750
3038751
3038752
3038753
3038754
3038755
3038756
3038757
3038758
3038760
3038761
3038762
3038763
3038764
3038766
3038768
3038769
3038771
3038779
3038984
3038985
3038986
3038987
3038994
3038995
3038996
3038997
3038998
3038999
3039000
3039002
3039003
3039004
3039006
3039150
3039448
3039449
3039450
3039451
3039823
3039825
3039826
3040039
3040112
3040114
3040115
3040117
3040118
3040333
3040504
3040651
3040652
3040667
3040668
3040692
3040944
3041004
3041005
3041028
3041033
3041034
3041035
3041036
3041037
3041094
3041204
3041206
3041211
3041225
3041226
3041227
3041228
3041229
3041230
3041358
3041359
3041360
3041361
3041362
3041363
3041369
3041468
3041487
3041488
3041490
3041491
3041492
3041493
3041494
3041534
3041540
3041541
3041821
3041822
3041831
3041833
3041834
3041913
3042070
3042071
3042073
3042074
3042076
3042094
3042372
3042374
3042376
3042442
3042443
3042444
3042446
3042447
3042448
3042449
3042513
3042735
3043168
3043313
3043315
3043329
3043338
3043339
3043340
3043342
3043421
3043428
3043431
3043484
3043488
3043490
3043491
3043493
3043494
3043509
3043517
3043562
3043570
3043583
3043584
3043586
3043589
3043590
3043592
3043593
3043598
3043599
3043612
3043619
3043620
3043621
3043662
3043671
3043677
3043905
3043906
3043907
3043908
3043911
3043912
3043913
3043914
3043915
3043918
3043919
3043920
3043922
3043923
3043925
3043926
3043927
3043928
3043929
3043930
3043931
3044011
3044021
3044023
3044024
3044025
3044026
3044049
3044050
3044052
3044212
3044213
3044216
3044217
3044218
3044249
3044250
3044251
3044252
3044255
3044256
3044259
3044263
3044265
3044266
3044268
3044327
3044328
3044329
3044330
3044332
3044333
3044334
3044340
3044353
3044355
3044408
3044425
3044426
3044427
3044429
3044430
3044431
3044432
3044452
3044453
3044454
3044455
3044456
3044457
3044458
3044459
3044460
3044461
3044462
3044463
3044464
3044465
3044466
3044467
3044468
3044469
3044471
3044472
3044473
3044475
3044476
3044477
3044479
3044480
3044481
3044597
3044602
3044627
3044638
3044639
3044640
3044641
3044642
3044643
3044644
3044645
3044646
3044647
3044648
3044649
3044650
3044651
3044653
3044654
3044655
3044656
3044657
3044658
3044659
3044661
3044662
3044663
3044664
3044665
3044666
3044667
3044668
3044669
3044670
3044671
3044672
3044673
3044674
3044675
3044676
3044677
3044678
3044679
3044680
3044681
3044682
3044683
3044684
3044685
3044686
3044687
3044688
3044689
3044690
3044691
3044692
3044693
3044694
3044695
3044696
3044697
3044698
3044699
3044700
3044701
3044702
3044703
3044704
3044705
3044706
3044707
3044708
3044709
3044710
3044711
3044712
3044713
3044714
3044715
3044716
3044718
3044719
3044720
3044721
3044723
3044724
3044725
3044726
3044727
3044728
3044729
3044730
3044731
3044732
3044733
3044734
3044735
3044736
3044737
3044738
3044739
3044741
3044742
3044743
3044744
3044745
3044746
3044747
3044748
3044749
3044750
3044751
3044752
3044753
3044754
3044755
3044757
3044758
3044759
3044760
3044761
3044762
3044763
3044764
3044765
3044766
3044767
3044768
3044769
3044770
3044771
3044772
3044773
3044774
3044775
3044777
3044778
3044779
3044780
3044781
3044782
3044783
3044784
3044785
3044786
3044787
3044788
3044789
3044790
3044791
3044792
3044793
3044794
3044795
3044796
3044797
3044798
3044799
3044800
3044801
3044802
3044803
3044804
3044805
3044806
3044807
3044808
3044809
3044810
3044812
3044813
3044814
3044815
3044816
3044817
3044818
3044820
3044821
3044823
3044824
3044825
3044826
3044827
3044828
3044829
3044830
3044831
3044832
3044833
3044834
3044835
3044836
3044838
3044839
3044840
3044842
3044843
3044844
3044845
3044846
3044847
3044848
3044849
3044850
3044851
3044852
3044853
3044854
3044855
3044856
3044857
3044858
3044859
3044861
3044863
3044864
3044865
3044866
3044867
3044868
3044869
3044870
3044964
3045048
3045168
3045169
3045171
3045328
3045933
3045952
3045953
3046182
3046263
3046275
3046277
3046431
3046621
3046682
3046814
3046816
3046820
3046821
3046822
3046823
3047136
3047147
3047149
3047159
3047160
3047172
3047277
3047279
3047281
3047343
3047345
3047346
3047347
3047348
3047349
3047350
3047351
3047352
3047353
3047354
3047355
3047356
3047357
3047358
3047359
3047360
3047361
3047362
3047363
3047364
3047365
3047366
3047368
3047369
3047370
3047371
3047372
3047373
3047374
3047375
3047377
3047379
3047380
3047381
3047382
3047383
3047384
3047385
3047386
3047387
3047388
3047389
3047390
3047391
3047392
3047393
3047394
3047395
3047396
3047397
3047399
3047400
3047401
3047402
3047404
3047405
3047537
3047551
3047552
3047553
3047554
3047555
3047556
3047557
3047559
3047560
3047561
3047676
3047677
3047678
3047679
3047680
3047681
3047682
3047683
3047684
3047685
3047686
3047687
3047688
3047689
3047690
3047691
3047692
3047693
3047694
3047695
3047696
3047697
3047698
3047699
3047700
3047701
3047702
3047703
3047704
3047705
3047706
3047707
3047708
3047709
3047710
3047711
3047712
3047713
3047714
3047715
3047716
3047717
3047719
3047720
3047721
3047722
3047723
3047724
3047725
3047726
3047727
3047728
3047729
3047730
3047731
3047732
3047733
3047735
3047736
3047737
3047738
3047739
3047740
3047741
3047742
3047743
3047744
3047745
3047747
3047748
3047749
3047750
3047751
3047752
3047753
3047754
3047755
3047756
3047757
3047758
3047759
3047760
3047761
3047762
3047763
3047764
3047765
3047766
3047767
3047768
3047769
3047770
3047771
3047772
3047773
3047774
3047776
3047778
3047779
3047780
3047781
3047782
3047783
3047785
3047786
3047787
3047788
3047789
3047790
3047791
3047792
3047793
3047794
3047795
3047796
3047797
3047798
3047800
3047801
3047803
3047804
3047807
3047808
3047809
3047810
3047811
3047812
3047813
3047814
3047815
3047816
3047817
3047818
3047819
3047820
3047821
3047823
3047824
3047825
3047827
3047828
3047829
3047830
3047831
3047832
3047833
3047834
3047835
3047836
3047837
3047838
3047839
3047840
3047842
3047843
3047844
3047845
3047846
3047847
3047848
3047849
3047850
3047851
3047852
3047853
3047854
3047855
3047856
3047857
3047858
3047859
3047860
3047861
3047862
3047863
3047946
3047947
3047948
3047949
3047951
3047952
3047953
3047954
3047955
3047956
3047957
3047958
3047959
3047960
3047961
3047962
3047963
3047964
3047965
3047966
3047967
3048036
3048148
3048149
3048150
3048151
3048152
3048153
3048154
3048155
3048156
3048157
3048158
3048160
3048161
3048162
3048163
3048164
3048165
3048166
3048167
3048168
3048169
3048170
3048171
3048172
3048173
3048174
3048175
3048176
3048178
3048179
3048181
3048182
3048183
3048184
3048186
3048187
3048188
3048189
3048190
3048191
3048192
3048193
3048194
3048195
3048196
3048197
3048198
3048199
3048200
3048202
3048203
3048204
3048205
3048206
3048207
3048208
3048209
3048210
3048211
3048212
3048213
3048215
3048217
3048218
3048219
3048220
3048221
3048222
3048223
3048224
3048225
3048226
3048227
3048228
3048229
3048230
3048231
3048232
3048233
3048234
3048235
3048236
3048237
3048238
3048239
3048241
3048242
3048243
3048244
3048245
3048246
3048247
3048250
3048251
3048252
3048254
3048255
3048256
3048257
3048258
3048259
3048260
3048261
3048262
3048263
3048265
3048266
3048267
3048268
3048269
3048270
3048271
3048272
3048273
3048274
3048275
3048276
3048277
3048278
3048279
3048280
3048281
3048282
3048283
3048284
3048285
3048286
3048287
3048288
3048290
3048291
3048292
3048293
3048294
3048295
3048296
3048297
3048298
3048299
3048300
3048301
3048302
3048303
3048304
3048305
3048306
3048307
3048308
3048309
3048310
3048311
3048312
3048313
3048314
3048315
3048316
3048317
3048318
3048319
3048320
3048321
3048322
3048323
3048324
3048325
3048326
3048327
3048328
3048330
3048331
3048332
3048333
3048334
3048335
3048336
3048337
3048338
3048339
3048340
3048341
3048342
3048343
3048344
3048345
3048346
3048347
3048348
3048349
3048350
3048351
3048352
3048353
3048354
3048355
3048356
3048357
3048358
3048359
3048360
3048361
3048363
3048365
3048366
3048367
3048368
3048369
3048370
3048371
3048372
3048373
3048374
3048375
3048376
3048377
3048378
3048379
3048380
3048381
3048382
3048383
3048384
3048385
3048386
3048387
3048388
3048389
3048390
3048391
3048392
3048393
3048394
3048395
3048396
3048397
3048398
3048399
3048400
3048401
3048402
3048403
3048404
3048405
3048406
3048407
3048408
3048409
3048410
3048411
3048412
3048413
3048414
3048415
3048416
3048417
3048418
3048419
3048420
3048421
3048422
3048423
3048424
3048425
3048426
3048427
3048428
3048429
3048430
3048431
3048432
3048433
3048434
3048435
3048436
3048437
3048438
3048439
3048440
3048442
3048443
3048444
3048446
3048447
3048448
3048449
3048450
3048451
3048452
3048453
3048454
3048455
3048456
3048457
3048458
3048459
3048460
3048461
3048462
3048512
3048513
3048655
3048684
3048687
3048756
3048757
3048758
3048761
3048765
3048766
3049138
3049197
3049362
3049363
3049364
3049365
3049366
3049367
3049368
3049369
3049370
3049371
3049372
3049468
3049469
3049511
3049523
3049524
3049675
3049681
3049743
3049744
3049951
3049952
3049953
3049954
3049960
3049961
3049963
3049964
3049966
3049969
3049972
3049973
3049974
3049978
3049979
3049980
3049982
3049984
3050019
3050039
3050124
3050125
3050133
3050134
3050135
3050136
3050137
3050138
3050139
3050140
3050240
3050241
3050242
3050243
3050244
3050245
3050246
3050247
3050248
3050249
3050250
3050251
3050252
3050253
3050254
3050255
3050256
3050257
3050258
3050259
3050260
3050261
3050262
3050267
3050268
3050269
3050270
3050271
3050272
3050273
3050276
3050277
3050278
3050279
3050280
3050281
3050282
3050283
3050284
3050285
3050286
3050287
3050288
3050289
3050290
3050292
3050293
3050294
3050295
3050296
3050297
3050298
3050299
3050300
3050301
3050302
3050303
3050304
3050305
3050308
3050309
3050310
3050311
3050312
3050313
3050314
3050315
3050316
3050317
3050318
3050319
3050320
3050321
3050322
3050323
3050324
3050326
3050327
3050328
3050329
3050330
3050331
3050332
3050333
3050334
3050335
3050336
3050337
3050339
3050340
3050341
3050342
3050343
3050344
3050345
3050346
3050347
3050348
3050349
3050350
3050351
3050352
3050353
3050355
3050356
3050357
3050358
3050359
3050360
3050361
3050362
3050363
3050367
3050369
3050370
3050371
3050405
3050406
3050407
3050482
3050505
3050506
3050507
3050508
3050965
3051100
3051102
3051134
3051135
3051136
3051319
3051320
3051324
3051325
3051326
3051365
3051366
3051367
3051368
3051369
3051370
3051371
3051372
3051373
3051374
3051375
3051376
3051377
3051378
3051379
3051380
3051381
3051383
3051403
3051410
3051411
3051412
3051416
3051417
3051418
3051419
3051421
3051505
3051521
3051522
3051523
3051524
3051526
3051527
3051528
3051529
3051530
3051531
3051532
3051533
3051534
3051535
3051615
3051616
3051617
3051618
3051619
3051620
3051621
3051622
3051623
3051624
3051625
3051626
3051627
3051628
3051685
3051686
3051689
3051690
3051691
3051692
3051693
3051695
3051696
3051699
3051701
3051702
3051703
3051704
3051762
3051763
3051764
3051765
3051766
3051767
3051860
3051972
3051973
3051974
3051976
3051977
3051980
3051981
3051982
3051983
3051984
3051985
3051986
3051987
3051988
3051989
3051991
3051992
3051993
3051994
3051995
3051996
3051997
3051998
3051999
3052000
3052001
3052003
3052004
3052006
3052007
3052008
3052010
3052011
3052013
3052014
3052015
3052016
3052018
3052019
3052020
3052021
3052022
3052023
3052024
3052025
3052026
3052027
3052028
3052029
3052030
3052031
3052032
3052033
3052034
3052035
3052036
3052037
3052038
3052039
3052040
3052041
3052042
3052043
3052044
3052045
3052046
3052047
3052048
3052049
3052050
3052051
3052058
3052098
3052099
3052100
3052104
3052106
3052107
3052108
3052109
3052110
3052113
3052114
3052115
3052116
3052118
3052121
3052123
3052124
3052125
3052126
3052127
3052128
3052131
3052133
3052135
3052136
3052138
3052139
3052140
3052142
3052143
3052144
3052145
3052146
3052148
3052150
3052151
3052152
3052154
3052155
3052156
3052157
3052158
3052159
3052160
3052161
3052162
3052163
3052164
3052165
3052166
3052167
3052168
3052169
3052170
3052171
3052172
3052174
3052175
3052176
3052177
3052178
3052179
3052180
3052181
3052182
3052183
3052184
3052186
3052187
3052188
3052189
3052190
3052191
3052192
3052193
3052194
3052195
3052196
3052197
3052198
3052199
3052200
3052201
3052202
3052203
3052204
3052205
3052206
3052207
3052209
3052210
3052211
3052212
3052213
3052214
3052215
3052217
3052220
3052221
3052222
3052223
3052224
3052225
3052226
3052227
3052228
3052229
3052230
3052231
3052232
3052233
3052234
3052236
3052237
3052238
3052239
3052240
3052241
3052242
3052243
3052244
3052245
3052248
3052249
3052250
3052251
3052253
3052254
3052255
3052256
3052257
3052258
3052259
3052260
3052261
3052262
3052263
3052264
3052265
3052266
3052267
3052268
3052269
3052273
3052274
3052275
3052276
3052277
3052279
3052280
3052281
3052282
3052283
3052284
3052290
3052291
3052292
3052293
3052294
3052295
3052296
3052297
3052298
3052299
3052300
3052301
3052302
3052303
3052304
3052305
3052306
3052307
3052308
3052310
3052311
3052312
3052313
3052314
3052315
3052316
3052317
3052318
3052319
3052320
3052321
3052322
3052323
3052324
3052325
3052326
3052327
3052328
3052329
3052330
3052331
3052333
3052334
3052335
3052337
3052338
3052339
3052340
3052341
3052342
3052343
3052344
3052345
3052346
3052347
3052348
3052349
3052350
3052351
3052352
3052353
3052354
3052356
3052357
3052358
3052359
3052360
3052361
3052362
3052363
3052364
3052366
3052368
3052369
3052370
3052371
3052372
3052373
3052374
3052375
3052377
3052378
3052379
3052380
3052381
3052382
3052383
3052384
3052385
3052386
3052387
3052388
3052389
3052390
3052391
3052392
3052393
3052394
3052395
3052396
3052397
3052398
3052399
3052400
3052401
3052402
3052403
3052404
3052405
3052406
3052407
3052408
3052409
3052410
3052411
3052412
3052413
3052414
3052415
3052416
3052417
3052418
3052419
3052420
3052421
3052422
3052423
3052424
3052425
3052426
3052428
3052429
3052430
3052431
3052432
3052433
3052434
3052435
3052436
3052437
3052438
3052439
3052440
3052441
3052442
3052443
3052444
3052445
3052446
3052447
3052448
3052449
3052450
3052451
3052452
3052453
3052454
3052455
3052456
3052457
3052458
3052459
3052460
3052461
3052462
3052463
3052464
3052465
3052466
3052467
3052468
3052469
3052470
3052471
3052472
3052473
3052474
3052475
3052476
3052477
3052478
3052479
3052480
3052481
3052482
3052483
3052484
3052485
3052486
3052487
3052488
3052489
3052490
3052491
3052492
3052493
3052495
3052496
3052498
3052499
3052500
3052501
3052502
3052503
3052504
3052505
3052506
3052507
3052508
3052509
3052510
3052511
3052514
3052515
3052516
3052517
3052518
3052519
3052520
3052521
3052522
3052523
3052524
3052525
3052526
3052527
3052528
3052529
3052530
3052531
3052532
3052534
3052535
3052536
3052537
3052538
3052539
3052540
3052541
3052542
3052543
3052544
3052545
3052546
3052547
3052549
3052550
3052551
3052553
3052554
3052555
3052556
3052557
3052558
3052559
3052560
3052561
3052562
3052563
3052564
3052565
3052566
3052567
3052568
3052569
3052570
3052571
3052572
3052573
3052574
3052575
3052576
3052577
3052578
3052579
3052581
3052582
3052583
3052584
3052585
3052586
3052587
3052588
3052589
3052591
3052592
3052593
3052594
3052595
3052596
3052597
3052598
3052599
3052600
3052601
3052602
3052603
3052604
3052605
3052606
3052607
3052608
3052609
3052610
3052611
3052612
3052613
3052614
3052615
3052616
3052617
3052618
3052619
3052620
3052621
3052622
3052623
3052624
3052625
3052626
3052627
3052629
3052631
3052632
3052633
3052634
3052635
3052636
3052637
3052638
3052639
3052640
3052641
3052642
3052643
3052644
3052645
3052646
3052647
3052650
3052652
3052653
3052654
3052655
3052656
3052657
3052660
3052661
3052662
3052663
3052664
3052665
3052666
3052667
3052669
3052670
3052671
3052672
3052674
3052675
3052676
3052677
3052678
3052679
3052680
3052681
3052682
3052683
3052684
3052685
3052686
3052687
3052688
3052689
3052690
3052692
3052699
3052700
3052701
3052702
3052703
3052704
3052705
3052706
3052707
3052709
3052710
3052711
3052712
3052713
3052715
3052716
3052717
3052718
3052719
3052720
3052721
3052725
3052726
3052727
3052728
3052729
3052730
3052731
3052732
3052733
3052734
3052735
3052736
3052737
3052738
3052739
3052740
3052742
3052743
3052744
3052746
3052748
3052749
3052750
3052751
3052753
3052754
3052755
3052756
3052757
3052759
3052760
3052761
3052762
3052763
3052764
3052765
3052766
3052767
3052768
3052769
3052770
3052771
3052772
3052773
3052774
3052775
3052776
3052777
3052778
3052779
3052780
3052783
3052788
3052789
3052797
3052798
3052802
3052803
3052804
3052805
3052806
3052807
3052808
3052809
3052811
3052812
3052813
3052814
3052815
3052816
3052817
3052819
3052821
3052822
3052826
3052827
3052828
3052829
3052830
3052842
3052843
3052844
3053249
3053250
3053254
3053255
3053256
3053257
3053258
3053259
3053260
3053378
3053430
3053432
3053433
3053434
3053435
3053436
3053437
3053438
3053439
3053441
3053442
3053480
3053519
3053650
3053652
3053653
3053654
3053731
3053732
3053733
3053734
3053735
3053736
3053737
3053739
3053743
3053824
3053828
3053830
3053831
3053833
3053861
3053863
3053864
3053870
3053873
3053874
3053875
3053877
3053879
3053881
3054435
3054764
3054915
3055449
3055450
3055744
3055745
3055746
3055747
3055748
3055749
3055752
3055758
3055872
3055873
3056110
3056112
3056113
3056114
3056115
3056116
3056163
3056165
3056211
3056214
3056215
3056216
3056220
3056221
3056222
3056223
3056224
3056225
3056226
3056227
3056228
3056358
3056366
3056368
3056369
3056370
3056377
3056378
3056379
3056380
3056388
3056389
3056390
3056391
3056392
3056393
3056394
3056395
3056396
3056397
3056398
3056399
3056400
3056401
3056402
3056403
3056404
3056405
3056485
3056489
3056490
3056491
3056492
3056594
3056595
3056596
3056597
3056598
3056599
3056600
3056601
3056602
3056603
3056604
3056606
3056759
3056793
3056794
3056795
3056796
3056797
3056798
3056917
3056952
3056957
3056958
3057100
3057101
3057102
3057103
3057169
3057492
3057969
3057970
3058115
3058116
3058117
3058118
3058119
3058120
3058121
3058122
3058123
3058124
3058125
3058128
3058190
3058423
3058444
3058446
3058613
3058614
3058619
3058626
3058627
3058783
3058784
3058828
3058839
3058840
3058943
3058947
3058956
3058957
3058958
3058959
3058960
3058961
3058969
3058994
3059009
3059011
3059012
3059013
3059014
3059015
3059016
3059019
3059020
3059021
3059064
3059065
3059066
3059067
3059191
3059230
3059231
3059232
3059233
3059248
3059436
3059530
3059687
3059688
3059689
3059690
3059691
3059692
3059694
3059695
3059696
3059697
3059698
3059699
3059700
3059701
3059702
3059703
3059704
3059705
3059706
3059707
3059708
3059710
3059711
3059712
3059713
3059714
3059715
3059716
3059718
3059719
3059720
3059722
3059723
3059724
3059725
3059726
3059727
3059729
3059730
3059731
3059732
3059735
3059736
3059738
3059739
3059740
3059744
3059745
3059746
3059747
3059748
3059749
3059752
3059753
3059754
3059755
3059756
3059757
3059758
3059759
3059760
3059761
3059762
3059763
3059764
3059765
3059766
3059767
3059768
3059769
3059770
3059771
3059772
3059773
3059777
3059778
3059779
3059780
3059781
3059782
3059784
3059786
3059787
3059788
3059789
3059790
3059791
3059792
3059793
3059795
3059796
3059797
3059798
3059799
3059800
3059801
3059802
3059803
3059804
3059807
3059808
3059809
3059810
3059811
3059812
3059813
3059814
3059815
3059817
3059818
3059819
3059820
3059821
3059822
3059823
3059825
3059827
3059830
3059832
3059833
3059834
3059837
3059838
3059841
3059842
3059846
3059850
3059851
3059852
3059853
3059854
3059855
3059856
3059857
3059858
3059859
3059860
3059861
3059862
3059869
3059870
3059872
3059873
3059874
3059879
3059880
3059885
3059886
3059887
3059888
3059889
3059891
3059892
3059893
3059894
3059895
3059896
3059897
3059898
3059899
3059900
3059902
3059903
3059904
3059905
3059906
3059907
3059908
3059909
3059910
3059911
3059912
3059913
3059916
3059918
3059921
3059922
3059925
3059928
3059936
3059937
3059944
3059948
3059949
3059950
3059953
3059954
3059955
3059956
3059957
3059959
3059960
3059961
3059963
3059964
3059965
3059967
3059968
3059970
3059971
3059972
3059973
3059974
3059975
3059976
3059977
3059978
3059979
3059980
3059982
3059983
3059984
3059985
3059986
3059987
3059988
3059990
3059991
3059992
3059993
3059994
3059995
3059996
3059997
3059998
3059999
3060000
3060006
3060007
3060008
3060009
3060010
3060011
3060012
3060013
3060014
3060015
3060016
3060017
3060018
3060020
3060021
3060022
3060024
3060025
3060026
3060027
3060029
3060030
3060031
3060033
3060034
3060036
3060037
3060039
3060040
3060041
3060044
3060045
3060046
3060047
3060048
3060049
3060050
3060051
3060052
3060053
3060055
3060057
3060058
3060059
3060060
3060061
3060062
3060063
3060064
3060065
3060066
3060067
3060068
3060069
3060070
3060071
3060072
3060073
3060074
3060076
3060077
3060078
3060079
3060080
3060081
3060082
3060083
3060084
3060159
3060160
3060163
3060164
3060165
3060166
3060168
3060169
3060170
3060171
3060172
3060173
3060174
3060175
3060177
3060179
3060180
3060181
3060183
3060185
3060186
3060187
3060188
3060189
3060190
3060193
3060196
3060301
3060302
3060303
3060304
3060305
3060306
3060307
3060308
3060309
3060310
3060311
3060313
3060314
3060315
3060316
3060317
3060318
3060319
3060320
3060321
3060322
3060323
3060324
3060325
3060326
3060327
3060328
3060329
3060330
3060331
3060332
3060333
3060334
3060335
3060337
3060338
3060339
3060340
3060341
3060342
3060343
3060344
3060345
3060346
3060347
3060348
3060350
3060351
3060352
3060353
3060354
3060355
3060356
3060357
3060358
3060359
3060360
3060361
3060362
3060363
3060364
3060365
3060366
3060367
3060368
3060369
3060370
3060371
3060372
3060373
3060374
3060375
3060376
3060377
3060378
3060379
3060380
3060381
3060382
3060383
3060384
3060385
3060387
3060388
3060389
3060390
3060391
3060392
3060394
3060395
3060397
3060398
3060399
3060400
3060401
3060402
3060403
3060404
3060405
3060406
3060407
3060408
3060413
3060414
3060415
3060416
3060417
3060418
3060420
3060421
3060422
3060423
3060424
3060426
3060427
3060428
3060429
3060430
3060432
3060433
3060434
3060435
3060436
3060461
3060463
3060464
3060467
3060472
3060477
3060493
3060502
3060504
3060505
3060506
3060507
3060508
3060509
3060512
3060513
3060514
3060515
3060516
3060517
3060518
3060519
3060520
3060521
3060522
3060523
3060524
3060528
3060529
3060532
3060534
3060535
3060536
3060537
3060538
3060539
3060540
3060541
3060542
3060545
3060549
3060550
3060551
3060623
3060624
3060625
3060626
3060627
3060628
3060629
3060630
3060632
3060633
3060634
3060635
3060637
3060638
3060639
3060640
3060641
3060642
3060644
3060645
3060646
3060647
3060648
3060649
3060650
3060651
3060653
3060656
3060659
3060661
3060664
3060665
3060666
3060667
3060668
3060669
3060670
3060671
3060672
3060673
3060674
3060675
3060676
3060678
3060679
3060680
3060681
3060685
3060688
3060689
3060690
3060691
3060692
3060693
3060695
3060697
3060698
3060700
3060701
3060702
3060703
3060704
3060705
3060706
3060708
3060710
3060711
3060712
3060713
3060714
3060715
3060716
3060717
3060721
3060722
3060723
3060725
3060726
3060727
3060728
3060729
3060736
3060737
3060738
3060739
3060741
3060743
3060744
3060746
3060747
3060749
3060750
3060751
3060752
3060753
3060754
3060755
3060756
3060757
3060758
3060771
3060772
3060773
3060774
3060775
3060776
3060777
3060778
3060780
3060781
3060782
3060783
3060784
3060785
3060787
3060788
3060789
3060790
3060792
3060795
3060796
3060797
3060798
3060799
3060800
3060801
3060802
3060803
3060804
3060805
3060806
3060807
3060808
3060809
3060810
3060811
3060812
3060813
3060814
3060815
3060816
3060818
3060821
3060822
3060823
3060824
3060825
3060826
3060827
3060828
3060829
3060830
3060961
3061015
3061041
3061042
3061070
3061174
3061231
3061287
3061288
3061294
3061295
3061297
3061299
3061300
3061301
3061309
3061624
3061633
3061635
3061636
3061645
3061650
3061651
3061652
3061759
3061950
3061951
3061952
3061953
3061954
3061955
3061956
3061987
3061988
3061992
3061993
3061994
3062017
3062018
3062021
3062022
3062246
3062248
3062249
3062347
3062544
3062763
3062764
3062765
3062766
3062768
3062769
3062770
3062771
3062772
3062773
3062775
3062776
3062814
3062821
3062822
3062823
3062824
3062825
3062826
3062829
3062831
3062832
3062833
3062834
3062835
3062836
3062837
3062838
3062840
3062841
3062842
3062843
3062844
3062845
3062848
3062869
3062870
3062871
3062872
3062873
3062874
3062876
3062877
3062878
3062879
3062880
3062881
3062882
3062883
3062884
3062885
3062886
3062887
3062888
3062889
3062890
3062891
3062892
3062893
3062894
3062895
3062896
3062897
3062898
3062899
3062900
3062901
3062902
3062903
3062904
3062905
3062906
3062907
3062908
3062909
3062910
3062911
3062912
3062913
3062914
3062915
3062916
3062917
3062918
3062919
3062920
3062921
3062922
3062923
3062924
3062925
3062926
3062927
3062928
3062929
3062930
3062931
3062932
3062933
3062934
3062935
3062936
3062937
3062938
3062939
3062940
3062941
3062942
3062943
3062944
3062945
3062946
3062947
3062948
3062949
3062950
3062951
3062952
3062953
3062954
3062955
3062957
3062958
3062959
3062960
3062961
3062962
3062963
3062964
3062965
3062966
3062967
3062969
3062970
3062971
3062972
3062973
3062974
3062975
3062976
3062978
3062979
3062980
3062981
3062982
3062983
3062984
3062985
3062986
3062987
3062988
3062989
3062990
3062991
3062992
3062993
3062994
3062995
3062996
3062997
3062998
3063000
3063001
3063002
3063003
3063004
3063005
3063006
3063007
3063008
3063009
3063010
3063011
3063012
3063013
3063014
3063015
3063016
3063017
3063018
3063019
3063020
3063021
3063022
3063023
3063024
3063025
3063027
3063028
3063029
3063030
3063031
3063032
3063033
3063034
3063035
3063036
3063037
3063038
3063039
3063040
3063041
3063042
3063043
3063044
3063045
3063046
3063047
3063048
3063049
3063050
3063051
3063052
3063053
3063054
3063055
3063056
3063057
3063058
3063059
3063060
3063061
3063062
3063063
3063064
3063065
3063066
3063067
3063068
3063069
3063070
3063071
3063072
3063073
3063074
3063075
3063076
3063077
3063078
3063079
3063080
3063081
3063082
3063083
3063084
3063085
3063086
3063087
3063088
3063089
3063091
3063092
3063093
3063094
3063095
3063096
3063098
3063099
3063100
3063101
3063102
3063103
3063105
3063106
3063107
3063108
3063109
3063110
3063111
3063112
3063113
3063114
3063115
3063116
3063118
3063119
3063120
3063121
3063122
3063123
3063124
3063125
3063126
3063127
3063128
3063129
3063130
3063131
3063132
3063133
3063134
3063138
3063139
3063140
3063141
3063143
3063144
3063145
3063146
3063147
3063149
3063150
3063209
3063210
3063211
3063212
3063213
3063214
3063215
3063216
3063217
3063218
3063219
3063220
3063222
3063223
3063224
3063225
3063226
3063227
3063228
3063229
3063230
3063231
3063232
3063233
3063234
3063235
3063236
3063237
3063238
3063239
3063240
3063241
3063242
3063243
3063244
3063245
3063246
3063247
3063248
3063249
3063250
3063253
3063254
3063255
3063256
3063257
3063258
3063259
3063260
3063261
3063262
3063263
3063264
3063266
3063267
3063268
3063271
3063272
3063273
3063274
3063275
3063276
3063277
3063278
3063279
3063280
3063281
3063282
3063283
3063285
3063286
3063287
3063289
3063336
3063337
3063338
3063339
3063340
3063341
3063342
3063344
3063345
3063346
3063348
3063349
3063351
3063352
3063353
3063354
3063355
3063356
3063358
3063359
3063361
3063363
3063364
3063365
3063367
3063368
3063369
3063370
3063371
3063372
3063373
3063374
3063375
3063376
3063378
3063379
3063380
3063382
3063383
3063384
3063385
3063386
3063388
3063389
3063390
3063392
3063393
3063394
3063395
3063397
3063398
3063399
3063400
3063401
3063402
3063403
3063404
3063405
3063406
3063407
3063408
3063409
3063410
3063411
3063412
3063414
3063418
3063419
3063420
3063421
3063422
3063423
3063424
3063425
3063426
3063427
3063428
3063430
3063431
3063432
3063433
3063434
3063435
3063436
3063437
3063438
3063439
3063440
3063441
3063444
3063446
3063447
3063448
3063449
3063450
3063451
3063452
3063453
3063454
3063455
3063456
3063459
3063460
3063462
3063463
3063464
3063465
3063466
3063470
3063471
3063473
3063474
3063476
3063477
3063478
3063479
3063480
3063481
3063482
3063484
3063485
3063489
3063490
3063491
3063492
3063493
3063494
3063495
3063496
3063497
3063499
3063500
3063501
3063502
3063503
3063504
3063505
3063506
3063507
3063508
3063509
3063510
3063511
3063512
3063513
3063514
3063515
3063516
3063517
3063518
3063519
3063761
3063767
3063814
3063959
3063960
3064020
3064026
3064037
3064049
3064050
3064051
3064052
3064053
3064054
3064055
3064056
3064057
3064058
3064082
3064083
3064084
3064085
3064086
3064087
3064088
3064090
3064092
3064111
3064113
3064166
3064179
3064180
3064181
3064182
3064185
3064186
3064243
3064271
3064291
3064292
3064295
3064722
3064723
3064725
3064726
3064729
3064730
3064808
3064989
3065014
3065016
3065043
3065047
3065050
3065051
3065052
3065053
3065054
3065055
3065057
3065060
3065069
3065070
3065071
3065074
3065077
3065167
3065243
3065244
3065246
3065247
3065250
3065252
3065253
3065254
3065256
3065257
3065258
3065260
3065398
3065407
3065408
3065409
3065410
3065411
3065412
3065413
3065414
3065415
3065416
3065417
3065418
3065421
3065430
3065431
3065432
3065433
3065434
3065646
3065691
3065692
3065693
3065694
3065695
3065696
3065697
3065698
3065699
3065700
3065701
3065702
3065703
3065704
3065879
3066367
3066377
3066385
3066400
3066414
3066423
3066429
3066430
3066436
3066444
3066445
3066446
3066448
3066450
3066451
3066452
3066453
3066458
3066462
3066463
3066464
3066473
3066475
3066476
3066477
3066478
3066480
3066482
3066483
3066486
3066491
3066492
3066493
3066495
3066496
3066499
3066502
3066504
3066507
3066509
3066511
3066513
3066514
3066515
3066516
3066518
3066519
3066520
3066523
3066525
3066526
3066527
3066528
3066530
3066533
3066534
3066537
3066538
3066541
3066542
3066543
3066544
3066545
3066549
3066550
3066553
3066554
3066559
3066562
3066563
3066566
3066568
3066569
3066571
3066573
3066577
3066581
3066585
3066586
3066589
3066591
3066597
3066598
3066600
3066601
3066606
3066608
3066609
3066616
3066620
3066621
3066622
3066623
3066624
3066630
3066633
3066635
3066639
3066644
3066648
3066650
3066652
3066653
3066657
3066658
3066666
3066667
3066673
3066676
3066678
3066679
3066680
3066681
3066683
3066686
3066687
3066688
3066689
3066691
3066694
3066695
3066696
3066697
3066699
3066702
3066708
3066713
3066717
3066719
3066721
3066723
3066727
3066730
3066731
3066732
3066733
3066736
3066738
3066741
3066742
3066745
3066750
3066751
3066752
3066753
3066759
3066761
3066763
3066764
3066766
3066768
3066770
3066771
3066772
3066773
3066774
3066777
3066779
3066784
3066787
3066789
3066791
3066794
3066795
3066796
3066798
3066799
3066800
3066803
3066804
3066806
3066807
3066809
3066810
3066811
3066813
3066814
3066818
3066825
3066828
3066830
3066833
3066834
3066836
3066841
3066842
3066848
3066849
3066850
3066851
3066852
3066853
3066855
3066856
3066858
3066859
3066860
3066862
3066863
3066864
3066865
3066866
3066867
3066868
3066869
3066870
3066871
3066872
3066874
3066876
3066878
3066879
3066880
3066881
3066882
3066884
3066886
3066887
3066888
3066889
3066890
3066892
3066894
3066895
3066896
3066898
3066899
3066900
3066901
3066902
3066903
3066904
3066906
3066907
3066908
3066909
3066911
3066912
3066914
3066915
3066916
3066917
3066918
3066921
3066923
3066925
3066926
3066927
3066928
3066930
3066932
3066933
3066934
3066935
3066937
3066938
3066939
3066940
3066941
3066942
3066944
3066945
3066946
3066947
3066948
3066949
3066951
3066952
3066953
3066955
3066958
3066959
3066960
3066961
3066962
3066963
3066964
3066969
3066970
3066972
3066973
3066974
3066975
3066976
3066978
3066979
3066981
3066982
3066983
3066984
3066985
3066986
3066987
3066988
3066990
3066991
3066992
3066995
3066997
3067001
3067002
3067004
3067005
3067006
3067009
3067011
3067012
3067013
3067014
3067015
3067016
3067018
3067019
3067023
3067024
3067025
3067027
3067030
3067035
3067036
3067037
3067041
3067042
3067044
3067045
3067046
3067047
3067048
3067049
3067050
3067051
3067053
3067055
3067056
3067057
3067058
3067059
3067060
3067061
3067062
3067063
3067064
3067065
3067066
3067067
3067068
3067070
3067071
3067072
3067073
3067074
3067075
3067077
3067078
3067079
3067081
3067082
3067083
3067084
3067086
3067087
3067088
3067089
3067090
3067092
3067093
3067094
3067095
3067098
3067099
3067100
3067103
3067104
3067107
3067108
3067110
3067111
3067112
3067113
3067114
3067115
3067117
3067119
3067130
3067141
3067146
3067150
3067157
3067160
3067162
3067166
3067169
3067173
3067174
3067204
3067208
3067209
3067210
3067211
3067214
3067216
3067217
3067218
3067222
3067223
3067232
3067233
3067234
3067236
3067240
3067241
3067242
3067243
3067246
3067247
3067252
3067257
3067264
3067266
3067270
3067296
3067641
3067642
3067656
3067670
3067671
3067704
3067716
3067724
3067734
3067737
3067740
3067746
3067783
3067788
3067796
3067797
3067798
3067799
3067800
3067801
3067802
3067803
3067804
3067806
3067807
3067808
3067809
3067810
3067811
3067812
3067813
3067814
3067815
3067816
3067817
3067818
3067819
3067820
3067821
3067822
3067823
3067824
3067825
3067826
3067827
3067830
3067831
3067841
3067845
3067846
3067850
3067854
3067881
3067896
3067899
3067900
3068222
3068237
3068240
3068245
3068252
3068253
3068353
3068354
3068355
3068356
3068357
3068358
3068359
3068360
3068361
3068362
3068363
3068364
3068365
3068366
3068367
3068369
3068370
3068371
3068372
3068373
3068375
3068377
3068378
3068383
3068396
3068402
3068424
3068448
3068457
3068460
3068463
3068465
3068466
3068507
3068508
3068509
3068512
3068524
3068537
3068538
3068539
3068605
3068663
3068664
3068666
3068667
3068668
3068669
3068670
3068671
3068672
3068673
3068685
3068686
3068690
3068694
3068780
3068783
3068784
3068787
3068788
3068790
3068799
3068806
3068818
3068821
3068822
3068840
3068888
3069078
3069117
3069272
3069505
3069506
3069507
3069508
3069509
3069510
3069511
3069512
3069513
3069514
3069515
3069516
3069518
3069585
3069600
3069714
3069975
3069976
3070156
3070170
3070171
3070172
3070173
3070179
3070189
3070198
3070199
3070201
3070299
3070616
3070621
3070622
3070623
3070624
3070625
3070626
3070627
3070628
3070632
3070633
3070700
3070776
3070777
3070778
3070807
3070808
3070809
3070820
3070825
3070841
3070842
3070845
3070912
3070917
3070923
3071005
3071007
3071075
3071093
3071097
3071141
3071142
3071143
3071144
3071145
3071146
3071147
3071148
3071149
3071150
3071152
3071153
3071154
3071156
3071157
3071159
3071160
3071161
3071162
3071164
3071165
3071166
3071167
3071168
3071169
3071171
3071172
3071173
3071174
3071175
3071176
3071177
3071178
3071179
3071180
3071182
3071183
3071184
3071185
3071186
3071187
3071188
3071189
3071191
3071192
3071193
3071194
3071195
3071196
3071197
3071199
3071200
3071201
3071202
3071203
3071204
3071205
3071206
3071210
3071212
3071213
3071214
3071215
3071225
3071229
3071234
3071241
3071279
3071280
3071284
3071285
3071295
3071296
3071303
3071304
3071306
3071307
3071308
3071309
3071324
3071325
3071326
3071459
3071548
3071606
3071607
3071609
3071610
3071611
3071612
3071613
3071614
3071616
3071617
3071618
3071619
3071620
3071621
3071622
3071623
3071624
3071625
3071626
3071627
3071628
3071630
3071631
3071632
3071633
3071634
3071635
3071636
3071637
3071638
3071639
3071640
3071641
3071643
3071644
3071645
3071646
3071647
3071648
3071650
3071651
3071652
3071653
3071654
3071655
3071656
3071657
3071658
3071659
3071660
3071661
3071662
3071663
3071664
3071665
3071666
3071667
3071668
3071669
3071670
3071671
3071672
3071673
3071674
3071676
3071677
3071678
3071679
3071680
3071681
3071797
3071798
3071799
3072188
3072190
3072192
3072193
3072194
3072195
3072196
3072197
3072199
3072200
3072201
3072202
3072204
3072206
3072208
3072212
3072213
3072216
3072217
3072219
3072220
3072224
3072303
3072331
3072484
3072801
3072821
3072822
3072833
3072834
3072835
3072836
3072837
3072838
3072839
3072840
3072841
3072842
3072843
3072844
3072845
3072846
3072847
3072848
3072849
3072850
3072933
3072949
3073016
3073017
3073018
3073024
3073028
3073039
3073040
3073043
3073044
3073046
3073059
3073124
3073126
3073259
3073343
3073354
3073430
3073432
3073433
3073434
3073435
3073608
3073747
3073886
3073889
3073943
3073945
3073993
3073996
3074122
3074150
3074151
3074152
3074153
3074154
3074155
3074156
3074157
3074158
3074266
3074277
3074303
3074314
3074381
3074390
3074391
3074392
3074393
3074394
3074395
3074438
3074475
3074486
3074487
3074490
3074491
3074492
3074535
3074536
3074537
3074538
3074540
3074846
3074847
3074848
3074901
3075035
3075036
3075041
3075042
3075072
3075080
3075081
3075087
3075088
3075089
3075108
3075109
3075110
3075128
3075129
3075130
3075134
3075136
3075145
3075146
3075157
3075159
3075160
3075162
3075163
3075164
3075165
3075166
3075167
3075168
3075169
3075170
3075171
3075173
3075174
3075176
3075177
3075178
3075180
3075181
3075183
3075184
3075186
3075187
3075188
3075189
3075194
3075195
3075233
3075320
3075344
3075374
3075435
3075436
3075443
3075444
3075447
3075549
3075566
3075567
3075568
3075581
3075679
3075854
3075855
3075856
3075860
3075862
3075865
3075866
3075925
3075938
3075939
3075950
3075951
3075953
3075954
3075955
3075956
3075957
3075958
3075959
3075960
3075962
3075963
3075964
3075965
3075966
3075968
3075969
3075970
3075971
3075972
3075973
3075974
3075975
3076127
3076128
3076129
3076135
3076136
3076137
3076163
3076194
3076392
3076548
3076561
3076562
3076563
3076564
3076566
3076567
3076568
3076569
3076570
3076571
3076572
3076573
3076575
3076580
3076582
3076583
3076584
3076585
3076586
3076587
3076588
3076589
3076590
3076591
3076592
3076593
3076594
3076597
3076598
3076600
3076601
3076602
3076663
3076665
3076717
3076763
3076770
3076780
3076781
3076786
3076787
3076790
3076791
3076793
3076795
3076796
3076797
3076798
3076801
3076807
3076808
3076809
3076812
3076816
3076817
3076820
3076821
3076822
3076825
3076974
3076977
3076992
3076993
3077006
3077030
3077031
3077032
3077033
3077036
3077037
3077043
3077044
3077045
3077114
3077134
3077135
3077141
3077142
3077143
3077144
3077145
3077146
3077147
3077148
3077150
3077152
3077153
3077154
3077155
3077156
3077157
3077158
3077159
3077160
3077161
3077162
3077163
3077164
3077166
3077167
3077168
3077169
3077170
3077171
3077172
3077174
3077175
3077176
3077177
3077179
3077180
3077242
3077243
3077244
3077245
3077248
3077249
3077250
3077251
3077252
3077253
3077254
3077255
3077256
3077257
3077258
3077259
3077260
3077261
3077262
3077263
3077265
3077266
3077267
3077268
3077269
3077270
3077271
3077272
3077273
3077274
3077297
3077351
3077352
3077354
3077355
3077356
3077357
3077358
3077359
3077360
3077361
3077362
3077363
3077364
3077365
3077385
3077386
3077387
3077388
3077389
3077391
3077392
3077393
3077394
3077395
3077396
3077397
3077406
3077407
3077408
3077409
3077410
3077411
3077412
3077413
3077421
3077422
3077423
3077424
3077425
3077426
3077427
3077428
3077429
3077430
3077431
3077433
3077434
3077436
3077437
3077439
3077440
3077441
3077470
3077473
3077475
3077479
3077480
3077481
3077482
3077484
3077485
3077486
3077487
3077488
3077489
3077490
3077491
3077492
3077493
3077494
3077495
3077496
3077497
3077498
3077500
3077505
3077506
3077508
3077514
3077515
3077516
3077517
3077518
3077521
3077522
3077523
3077525
3077539
3077544
3077555
3077558
3077560
3077566
3077568
3077580
3077593
3077594
3077595
3077596
3077598
3077599
3077600
3077601
3077602
3077603
3077606
3077790
3077791
3077792
3077793
3077796
3077797
3077798
3077799
3077800
3077801
3077802
3077803
3077804
3077805
3077806
3077807
3077808
3077809
3077810
3077813
3077814
3077815
3077816
3077817
3077820
3077821
3077822
3077825
3077826
3077827
3077829
3077833
3077841
3077848
3077850
3077852
3077853
3077861
3077862
3077879
3077958
3077960
3078204
3078267
3078269
3078270
3078271
3078272
3078273
3078276
3078278
3078282
3078283
3078285
3078287
3078288
3078289
3078291
3078292
3078294
3078295
3078297
3078298
3078299
3078300
3078301
3078302
3078305
3078307
3078309
3078310
3078311
3078312
3078313
3078315
3078316
3078317
3078321
3078322
3078323
3078324
3078326
3078331
3078332
3078333
3078334
3078335
3078336
3078339
3078340
3078342
3078344
3078345
3078346
3078348
3078349
3078350
3078352
3078353
3078356
3078359
3078360
3078361
3078362
3078363
3078364
3078365
3078366
3078374
3078375
3078376
3078377
3078381
3078384
3078385
3078386
3078388
3078389
3078393
3078394
3078397
3078401
3078405
3078412
3078437
3078440
3078441
3078442
3078443
3078460
3078488
3078550
3078569
3078571
3078572
3078573
3078574
3078575
3078576
3078577
3078578
3078579
3078580
3078811
3078847
3078858
3078859
3078973
3078974
3078977
3078979
3079056
3079361
3079362
3079363
3079364
3079365
3079366
3079517
3079518
3079519
3079520
3079521
3079522
3079523
3079524
3079525
3079527
3079557
3079558
3079559
3079561
3079563
3079564
3079566
3079567
3079568
3079569
3079570
3079571
3079573
3079576
3079577
3079578
3079579
3079580
3079581
3079583
3079584
3079585
3079586
3079587
3079598
3079599
3079602
3079603
3079604
3079605
3079606
3079607
3079656
3079657
3079663
3079664
3079665
3079683
3079684
3079686
3079687
3079707
3079710
3079711
3079712
3079799
3079816
3079817
3079863
3079864
3079865
3079971
3080342
3080343
3080344
3080522
3080759
3080760
3080761
3080769
3080770
3080801
3080824
3080879
3080959
3080962
3081027
3081028
3081042
3081043
3081044
3081045
3081046
3081047
3081048
3081137
3081314
3081628
3081629
3081631
3081632
3081665
3081666
3081823
3081824
3081825
3081827
3081987
3082023
3082040
3082114
3082115
3082116
3082137
3082140
3082142
3082143
3082145
3082258
3082260
3082270
3082392
3082396
3082892
3082893
3083271
3083291
3083292
3083293
3083295
3083299
3083300
3083301
3083302
3083303
3083305
3083307
3083308
3083310
3083311
3083312
3083313
3083318
3083323
3083327
3083328
3083329
3083330
3083332
3083333
3083335
3083336
3083337
3083338
3083339
3083340
3083341
3083342
3083343
3083345
3083346
3083348
3083349
3083350
3083352
3083353
3083355
3083356
3083357
3083358
3083360
3083428
3083429
3083430
3083431
3083432
3083433
3083436
3083437
3083438
3083439
3083440
3083441
3083442
3083444
3083446
3083447
3083448
3083450
3083451
3083454
3083456
3083457
3083458
3083537
3083539
3083541
3083644
3083648
3083650
3083651
3083652
3083654
3083655
3083656
3083657
3083658
3083661
3083662
3083665
3083667
3083668
3083669
3083670
3083672
3083780
3083781
3083782
3083783
3083785
3083788
3083791
3083792
3083793
3083794
3083795
3083796
3083948
3083949
3083952
3083953
3083954
3083955
3083957
3083958
3083959
3083961
3083968
3083970
3083972
3083973
3083976
3083979
3084060
3084062
3084063
3084064
3084069
3084072
3084073
3084074
3084075
3084077
3084083
3084090
3084631
3084632
3084634
3084637
3084638
3084640
3084643
3084645
3084647
3084648
3084649
3084651
3084652
3084653
3084654
3084656
3084657
3084658
3084666
3084671
3084672
3084675
3084676
3084678
3084681
3084682
3084683
3084685
3084686
3084687
3084689
3084692
3084693
3084694
3084695
3084696
3084697
3084698
3084699
3084702
3084708
3084711
3084714
3084716
3084718
3084722
3084723
3084725
3084730
3084731
3084732
3084735
3084736
3084741
3084742
3084750
3084751
3084754
3084757
3084758
3084763
3084765
3084768
3084770
3084771
3084772
3084773
3084774
3084775
3084776
3084777
3084779
3084781
3084786
3084787
3084788
3084791
3084792
3084794
3084797
3084799
3084801
3084802
3084804
3084805
3084809
3084810
3084811
3084813
3084814
3084815
3084818
3084819
3084820
3084824
3084826
3084828
3084829
3084831
3084832
3084833
3084834
3084835
3084837
3084838
3084839
3084842
3084843
3084860
3084861
3084863
3084865
3084868
3084872
3084876
3084880
3084884
3084887
3084890
3084891
3084892
3084895
3084898
3084905
3084907
3084911
3084913
3084914
3084917
3084918
3084926
3084927
3084928
3084930
3084931
3084935
3084936
3084938
3084939
3084944
3084945
3084954
3084962
3084963
3084964
3084988
3084989
3085092
3085107
3085163
3085220
3085221
3085222
3085316
3085898
3085899
3086082
3086109
3086114
3086115
3086116
3086117
3086118
3086119
3086120
3086121
3086125
3086126
3086127
3086128
3086129
3086130
3086131
3086132
3086988
3087168
3088121
3088146
3088339
3088344
3088363
3088761
3088762
3088763
3088876
3088877
3088885
3088886
3088887
3090671
3090672
3090673
3090679
3090680
3090775
3090776
3090777
3090830
3090831
3090860
3090866
3090867
3090868
3090917
3092169
3092170
3092174
3092175
3092176
3092177
3092178
3092179
3092208
3092209
3092212
3092266
3092267
3092268
3092269
3092332
3092344
3092518
3092519
3092520
3092521
3092522
3092523
3092524
3092525
3092526
3092552
3092553
3092555
3092557
3092583
3092584
3092589
3092590
3092591
3092593
3092598
3092600
3092601
3092602
3092603
3092605
3092638
3092639
3092641
3092642
3092670
3092671
3092672
3092754
3093636
3093637
3093639
3093644
3093645
3093646
3093647
3093648
3093649
3093650
3093715
3093730
3093841
3093888
3093889
3093890
3093891
3093892
3093914
3093916
3093917
3093924
3093925
3093926
3093927
3093928
3093929
3093932
3093933
3093937
3093939
3093940
3093941
3093946
3093947
3093951
3093952
3093953
3093956
3093958
3094169
3094170
3094171
3094172
3094176
3094177
3094179
3094180
3094181
3094182
3094183
3094184
3094185
3094186
3094187
3094188
3094190
3094191
3094192
3094193
3094195
3094196
3094197
3094198
3094199
3094200
3094201
3094203
3094205
3094206
3094207
3094208
3094209
3094210
3094211
3094212
3094213
3094214
3094215
3094216
3094217
3094218
3094219
3094220
3094221
3094223
3094224
3094226
3094227
3094228
3094230
3094231
3094232
3094233
3094235
3094237
3094238
3094239
3094240
3094241
3094242
3094243
3094244
3094245
3094246
3094247
3094248
3094249
3094250
3094252
3094253
3094257
3094258
3094259
3094260
3094261
3094262
3094263
3094264
3094265
3094267
3094268
3094269
3094270
3094271
3094272
3094273
3094274
3094275
3094276
3094277
3094278
3094279
3094280
3094281
3094845
3094855
3094918
3095168
3095171
3095218
3095219
3095220
3095221
3095222
3095223
3095229
3095240
3095284
3095287
3095288
3095289
3095290
3095295
3095299
3095300
3095306
3095307
3095308
3095309
3095313
3095316
3095318
3095319
3095320
3095321
3095439
3095895
3095964
3096002
3096003
3096073
3096078
3096122
3096123
3096133
3096134
3096143
3096144
3096149
3096150
3096151
3096152
3096153
3096167
3096168
3096169
3096170
3096171
3096172
3096173
3096174
3096258
3096544
3096545
3096622
3096631
3096983
3096984
3096985
3096986
3096999
3097000
3097002
3097004
3097005
3097009
3097013
3097363
3097364
3097365
3097366
3097436
3097437
3097441
3097445
3097458
3097467
3097468
3097469
3097470
3097471
3097472
3097473
3097474
3097475
3097476
3097477
3097491
3098095
3098249
3098252
3098253
3098254
3098255
3098256
3098257
3098259
3098260
3098261
3098262
3098263
3098264
3098265
3098266
3098267
3098268
3098269
3098270
3098271
3098272
3098273
3098276
3098277
3098278
3098279
3098280
3098281
3098282
3098283
3098284
3098286
3098653
3098678
3098933
3098934
3098937
3098938
3098939
3098948
3098949
3098951
3098954
3098956
3099820
3099827
3099830
3099832
3099841
3099843
3099845
3099848
3099849
3099851
3099864
3099867
3099878
3099881
3099891
3099894
3099902
3099903
3099913
3099915
3099916
3099917
3099918
3099923
3099946
3099947
3099956
3099966
3099973
3099977
3101553
3101568
3101570
3101571
3101595
3101596
3101597
3101598
3101599
3101602
3101603
3101604
3101605
3101606
3101607
3101705
3101706
3101754
3101755
3101756
3102702
3102707
3102713
3102987
3102988
3102989
3103121
3103131
3103160
3104005
3104226
3104297
3104531
3104547
3104549
3104553
3104554
3104555
3104556
3104557
3104559
3104761
3104762
3104763
3104764
3104765
3104770
3104771
3104774
3104883
3104918
3104925
3104936
3104974
3104997
3105002
3105011
3105016
3105031
3105165
3105211
3105241
3105242
3105243
3105244
3105247
3105248
3105251
3105253
3105269
3105272
3105274
3105279
3105283
3105286
3105287
3105289
3105291
3105312
3105346
3105354
3105356
3105358
3105393
3105395
3105396
3105533
3105651
3105654
3105671
3105672
3105684
3105699
3105717
3105721
3105745
3105752
3105760
3105770
3105771
3105776
3105797
3105821
3105839
3106170
3106171
3107888
3107921
3108088
3108091
3108092
3108093
3108094
3108095
3108096
3108097
3108100
3108101
3108102
3108103
3108104
3108105
3108106
3108107
3108108
3108109
3108110
3108111
3108112
3108113
3108114
3108115
3108116
3108117
3108118
3108119
3108120
3108121
3108122
3108123
3108124
3108125
3108126
3108127
3108128
3108129
3108130
3108131
3108132
3108133
3108134
3108135
3108136
3108137
3108138
3108139
3108140
3108141
3108142
3108143
3108144
3108145
3108146
3108147
3108148
3108149
3108150
3108151
3108152
3108153
3108154
3108155
3108156
3108157
3108158
3108159
3108160
3108161
3108162
3108354
3108355
3108408
3108410
3108545
3108546
3108547
3108755
3108881
3108886
3108887
3108904
3108921
3108922
3108923
3108924
3108955
3108958
3108981
3109000
3109218
3109219
3109224
3109225
3109226
3109227
3109228
3109229
3109398
3109400
3109402
3109404
3109641
3109659
3109717
3109718
3109719
3109968
3109969
3110108
3110221
3110223
3110411
3110414
3110415
3110416
3110417
3110418
3110419
3110481
3110483
3110484
3110486
3110506
3110507
3110509
3110515
3110516
3110517
3110525
3110527
3110530
3110532
3110533
3110534
3110543
3110544
3110545
3110546
3110548
3110550
3110551
3110553
3110554
3110555
3110777
3110778
3110780
3110879
3110880
3110882
3110883
3111469
3111543
3111803
3111804
3111805
3111806
3111814
3111915
3111916
3111957
3111958
3111959
3111960
3111961
3111962
3111964
3111965
3111966
3111968
3111969
3112148
3112377
3112378
3112379
3112592
3112593
3112594
3112595
3112597
3112618
3112633
3112634
3112636
3112637
3112640
3112641
3112642
3112644
3112645
3112648
3112649
3112650
3112651
3112652
3112654
3112655
3112657
3112658
3112659
3112660
3112661
3112662
3112663
3112664
3112667
3112668
3112669
3112670
3112671
3112672
3112673
3112674
3112675
3112676
3112678
3112679
3112680
3112681
3112682
3112683
3112684
3112685
3112686
3112689
3112690
3112691
3112997
3113012
3113346
3113349
3113350
3113351
3113352
3113354
3113356
3113357
3113358
3113360
3113513
3113515
3113517
3113519
3113521
3113565
3113641
3113642
3113643
3113644
3113660
3113733
3113734
3113735
3113736
3113738
3113739
3113740
3113741
3113749
3113796
3113797
3113821
3113822
3113823
3113824
3113825
3114297
3114298
3114388
3114389
3114503
3114684
3114905
3114906
3114919
3114920
3114921
3114929
3115037
3115039
3115046
3115137
3115203
3115367
3115410
3115458
3115459
3115460
3115461
3115468
3115469
3115558
3115559
3115581
3115597
3115662
3115664
3115749
3115753
3115754
3115755
3115757
3115761
3115765
3115766
3115767
3115768
3115769
3115770
3115771
3115772
3115775
3115777
3115779
3115780
3115781
3115782
3115784
3115788
3115791
3115793
3115794
3115797
3115798
3115802
3115803
3115804
3115806
3115807
3115810
3115816
3115817
3115872
3115873
3115874
3115875
3115876
3115877
3115879
3115880
3115882
3115883
3115884
3115885
3115886
3115887
3115888
3115889
3115890
3115891
3115892
3115893
3115894
3115895
3115896
3115897
3115898
3115899
3115900
3115901
3115902
3115903
3115904
3115905
3115906
3115907
3115908
3115909
3115910
3115911
3115912
3115913
3115914
3115915
3115916
3115917
3115919
3115920
3115921
3115922
3115923
3115924
3115925
3115926
3115927
3115928
3115929
3115930
3115931
3115932
3115933
3115934
3115935
3115936
3115937
3115938
3115939
3115940
3115941
3115942
3115943
3115944
3115945
3115946
3115947
3115948
3115949
3115950
3115951
3115952
3115953
3115954
3115955
3115956
3115957
3115958
3115959
3115960
3115961
3115964
3115965
3115966
3115967
3115968
3115969
3115970
3115971
3115972
3115973
3115974
3115975
3115976
3115978
3115979
3115980
3115981
3115982
3115983
3115984
3115986
3115987
3115988
3115989
3115990
3115991
3115992
3115993
3115994
3115995
3115996
3115997
3115999
3116000
3116001
3116002
3116003
3116008
3116010
3116013
3116015
3116017
3116018
3116019
3116020
3116021
3116022
3116023
3116433
3116434
3116453
3116454
3116512
3116513
3116514
3116515
3116671
3116672
3116673
3116674
3116675
3116676
3116677
3116678
3116680
3116682
3116683
3116684
3116685
3116686
3116687
3116688
3116689
3116690
3116691
3116692
3116693
3116694
3116695
3116696
3116697
3116698
3116699
3116700
3116701
3116703
3116705
3116707
3116708
3116710
3116716
3116717
3116718
3116719
3116720
3116721
3116722
3116723
3116724
3116725
3116726
3116727
3116728
3116729
3116730
3116731
3116732
3116733
3116734
3116735
3116736
3116737
3116738
3116739
3116740
3116741
3116742
3116743
3116744
3116745
3116746
3116747
3116748
3116749
3116750
3116753
3116754
3116755
3116757
3116759
3116762
3116769
3116770
3116775
3116810
3116812
3116813
3116814
3116815
3116816
3116823
3116824
3116825
3116827
3116828
3116870
3116878
3116880
3116921
3116922
3116923
3116924
3116925
3116926
3116927
3116941
3116942
3116945
3116946
3116947
3116948
3116949
3116950
3116951
3116952
3116953
3116954
3116955
3116956
3116957
3116959
3116960
3116961
3116962
3116963
3116964
3116965
3116966
3116967
3116968
3116969
3116970
3116971
3116972
3116973
3116974
3116975
3116981
3116983
3116986
3116987
3116988
3116989
3116990
3116991
3116992
3116994
3116999
3117000
3117005
3117008
3117009
3117010
3117033
3117034
3117035
3117038
3117041
3117042
3117043
3117044
3117045
3117046
3117047
3117048
3117049
3117050
3117051
3117053
3117055
3117056
3117057
3117058
3117059
3117060
3117061
3117062
3117063
3117066
3117068
3117072
3117073
3117074
3117075
3117076
3117077
3117078
3117080
3117081
3117082
3117086
3117095
3117098
3117099
3117100
3117101
3117102
3117104
3117105
3117106
3117107
3117108
3117109
3117110
3117113
3117114
3117115
3117116
3117118
3117121
3117122
3117123
3117124
3117125
3117126
3117128
3117129
3117133
3117134
3117135
3117137
3117138
3117139
3117140
3117141
3117142
3117143
3117144
3117145
3117146
3117147
3117150
3117151
3117152
3117153
3117154
3117155
3117156
3117157
3117158
3117159
3117161
3117162
3117163
3117164
3117165
3117166
3117167
3117168
3117169
3117171
3117172
3117174
3117175
3117176
3117177
3117178
3117179
3117180
3117182
3117184
3117185
3117186
3117187
3117188
3117189
3117194
3117195
3117196
3117199
3117200
3117201
3117203
3117204
3117205
3117206
3117208
3117209
3117210
3117214
3117215
3117216
3117217
3117218
3117219
3117220
3117221
3117222
3117223
3117224
3117225
3117226
3117229
3117230
3117231
3117232
3117233
3117234
3117235
3117238
3117239
3117240
3117242
3117243
3117244
3117245
3117246
3117247
3117248
3117249
3117250
3117251
3117252
3117253
3117254
3117255
3117256
3117257
3117262
3117263
3117264
3117265
3117266
3117267
3117268
3117269
3117270
3117272
3117273
3117274
3117276
3117277
3117279
3117282
3117284
3117285
3117286
3117287
3117290
3117291
3117292
3117293
3117294
3117295
3117296
3117297
3117298
3117299
3117300
3117301
3117302
3117303
3117304
3117306
3117307
3117308
3117309
3117310
3117311
3117312
3117313
3117314
3117315
3117316
3117317
3117318
3117319
3117320
3117322
3117323
3117325
3117326
3117328
3117329
3117331
3117332
3117334
3117336
3117337
3117357
3117358
3117359
3117391
3117392
3117412
3117413
3117414
3117415
3117416
3117417
3117419
3117420
3117422
3117423
3117424
3117425
3117427
3117428
3117430
3117431
3117432
3117433
3117453
3117454
3117455
3117464
3117465
3117466
3117467
3117468
3117469
3117470
3117471
3117472
3117473
3117542
3117543
3117544
3117545
3117546
3117547
3117548
3117586
3117587
3117588
3117589
3117680
3117681
3117699
3117704
3117705
3117707
3117708
3118045
3118046
3118047
3118048
3118050
3118051
3118057
3118160
3118303
3118304
3118305
3118306
3118307
3118310
3118527
3118716
3118717
3118720
3118727
3118733
3118735
3118915
3118959
3118971
3118972
3118973
3118974
3118975
3118976
3118977
3118978
3118979
3118980
3118981
3118982
3118983
3118984
3118985
3118987
3119045
3119049
3119059
3119072
3119112
3119327
3119328
3119329
3119341
3119342
3119343
3119344
3119434
3119435
3119436
3119437
3119438
3119439
3119513
3119532
3119555
3119557
3119560
3119561
3119562
3119602
3119603
3119604
3119605
3119620
3119681
3119683
3119686
3119834
3119840
3119841
3119842
3119843
3119844
3119845
3119846
3119865
3119875
3119878
3119881
3119882
3119891
3119892
3119893
3119894
3119895
3119896
3119897
3119898
3119900
3119905
3119906
3119953
3120010
3120033
3120035
3120036
3120038
3120039
3120094
3120095
3120096
3120098
3120099
3120101
3120110
3120178
3120295
3120488
3120489
3120613
3120769
3120871
3120934
3120935
3120936
3121199
3121200
3121209
3121280
3121342
3121343
3121379
3121467
3121468
3121469
3121470
3121471
3122028
3122085
3122505
3122783
3122945
3123101
3123102
3123103
3123104
3123105
3123108
3123109
3123117
3123118
3123325
3123334
3123382
3123383
3123384
3123385
3123386
3123387
3123390
3123391
3123392
3123393
3123394
3123395
3123396
3123397
3123398
3123399
3123400
3123401
3123402
3123403
3123404
3123405
3123406
3123407
3123408
3125768
3125846
3125847
3125848
3125849
3125852
3125854
3125855
3125858
3125908
3125909
3125910
3125915
3125918
3125923
3125928
3125929
3125930
3125931
3125932
3125933
3125934
3125935
3125938
3126011
3126091
3126092
3126093
3126098
3126105
3126158
3126175
3126307
3126494
3126516
3126517
3126522
3126617
3126618
3126619
3126620
3126650
3126652
3126653
3126654
3126655
3126656
3126657
3126658
3126730
3126733
3126752
3126974
3126975
3126977
3126978
3127054
3127058
3127066
3127208
3127217
3127502
3127569
3127570
3127571
3127572
3127573
3127574
3127575
3127576
3127577
3127578
3127580
3127581
3127582
3127583
3127584
3127585
3127586
3127587
3127588
3127589
3127590
3127591
3127592
3127593
3127594
3127595
3127596
3127597
3127598
3127599
3127600
3127601
3127602
3127603
3127604
3127605
3127606
3127607
3127608
3127609
3127610
3127611
3127612
3127613
3127614
3127615
3127616
3127617
3127618
3127619
3127620
3127621
3127622
3127623
3127624
3127625
3127626
3127627
3127628
3127629
3127630
3127671
3127672
3127687
3127688
3127689
3127721
3127723
3127724
3127725
3127726
3127727
3127729
3127730
3127731
3127732
3127733
3127734
3127735
3127736
3127737
3127738
3127739
3127740
3127741
3127742
3127743
3127744
3127745
3127758
3127760
3127762
3127763
3127765
3127766
3127872
3127874
3127876
3127891
3127947
3127948
3127949
3127950
3127951
3127952
3127953
3128044
3128052
3128053
3128054
3128055
3128056
3128057
3128058
3128061
3128062
3128063
3128064
3128065
3128103
3128104
3128105
3128106
3128107
3128108
3128109
3128110
3128113
3128114
3128115
3128116
3128117
3128118
3128130
3128131
3128132
3128133
3128134
3128135
3128136
3128137
3128138
3128139
3128141
3128142
3128143
3128144
3128145
3128146
3128147
3128148
3128149
3128150
3128151
3128152
3128159
3128204
3128205
3128206
3128207
3128208
3128209
3128210
3128211
3128213
3128215
3128228
3128229
3128230
3128231
3128232
3128234
3128235
3128236
3128237
3128238
3128239
3128240
3128241
3128242
3128243
3128244
3128245
3128246
3128247
3128248
3128249
3128250
3128251
3128384
3128385
3128386
3128388
3128389
3128390
3128391
3128392
3128394
3128400
3128403
3128404
3128405
3128406
3128407
3128408
3128410
3128412
3128413
3128414
3128415
3128416
3128418
3128419
3128420
3128421
3128422
3128423
3128424
3128425
3128426
3128427
3128428
3128429
3128430
3128431
3128432
3128433
3128434
3128435
3128436
3128437
3128438
3128440
3128441
3128866
3128867
3128868
3128877
3128878
3128879
3128880
3128881
3128882
3128973
3128976
3128987
3128988
3128989
3129002
3129023
3129029
3129030
3129037
3129038
3129039
3129041
3129114
3129115
3129116
3129138
3129139
3129143
3129220
3129228
3129229
3129242
3129257
3129264
3129265
3129266
3129267
3129299
3129302
3129303
3129304
3129305
3129306
3129309
3129310
3129312
3129313
3129314
3129315
3129316
3129317
3129318
3129320
3129322
3129324
3129326
3129327
3129329
3129333
3129334
3129335
3129336
3129338
3129344
3129345
3129346
3129347
3129349
3129351
3129354
3129355
3129358
3129359
3129360
3129361
3129365
3129366
3129368
3129369
3129370
3129371
3129372
3129373
3129374
3129377
3129378
3129380
3129381
3129382
3129383
3129384
3129385
3129387
3129388
3129391
3129392
3129393
3129394
3129395
3129396
3129397
3129398
3129399
3129400
3129401
3129404
3129405
3129406
3129409
3129410
3129412
3129413
3129415
3129418
3129419
3129420
3129421
3129422
3129424
3129425
3129426
3129427
3129428
3129430
3129432
3129433
3129434
3129436
3129437
3129439
3129440
3129443
3129449
3129450
3129453
3129454
3129455
3129456
3129458
3129459
3129460
3129463
3129464
3129465
3129466
3129468
3129469
3129470
3129471
3129472
3129473
3129474
3129475
3129476
3129478
3129480
3129481
3129482
3129483
3129484
3129485
3129486
3129487
3129488
3129489
3129490
3129491
3129492
3129494
3129498
3129499
3129500
3129501
3129503
3129504
3129505
3129506
3129507
3129508
3129509
3129510
3129512
3129513
3129514
3129517
3129518
3129520
3129522
3129523
3129524
3129525
3129527
3129528
3129529
3129530
3129532
3129533
3129534
3129535
3129536
3129537
3129538
3129539
3129541
3129543
3129544
3129545
3129546
3129548
3129549
3129550
3129551
3129552
3129553
3129554
3129555
3129556
3129557
3129558
3129560
3129562
3129563
3129564
3129567
3129568
3129570
3129571
3129572
3129574
3129575
3129576
3129578
3129579
3129580
3129581
3129582
3129583
3129585
3129586
3129588
3129589
3129591
3129592
3129594
3129595
3129596
3129598
3129600
3129601
3129602
3129603
3129604
3129605
3129607
3129608
3129609
3129610
3129611
3129612
3129613
3129614
3129618
3129619
3129622
3129623
3129624
3129625
3129626
3129627
3129629
3129630
3129631
3129632
3129633
3129634
3129635
3129636
3129637
3129638
3129639
3129640
3129641
3129642
3129643
3129644
3129645
3129647
3129648
3129649
3129650
3129651
3129654
3129655
3129657
3129659
3129660
3129661
3129662
3129663
3129664
3129666
3129668
3129669
3129670
3129671
3129672
3129673
3129674
3129676
3129677
3129679
3129680
3129681
3129683
3129684
3129685
3129686
3129687
3129688
3129689
3129690
3129691
3129692
3129693
3129694
3129695
3129696
3129697
3129698
3129699
3129700
3129701
3129702
3129703
3129704
3129705
3129706
3129707
3129708
3129709
3129710
3129714
3129716
3129717
3129718
3129719
3129720
3129722
3129723
3129733
3129738
3129739
3129749
3129752
3129774
3129778
3129779
3129780
3129781
3129782
3129783
3129784
3129786
3129788
3129789
3129790
3129791
3129792
3129793
3129795
3129796
3129798
3129799
3129801
3129803
3129804
3129807
3129809
3129810
3129812
3129813
3129814
3129815
3129817
3129818
3129819
3129823
3129826
3129827
3129829
3129831
3129832
3129833
3129835
3129836
3129838
3129839
3129840
3129842
3129843
3129844
3129846
3129847
3129848
3129849
3129850
3129851
3129852
3129853
3129854
3129856
3129857
3129858
3129859
3129860
3129862
3129863
3129864
3129865
3129867
3129868
3129869
3129870
3129872
3129873
3129874
3129875
3129876
3129877
3129878
3129879
3129882
3129883
3129885
3129887
3129888
3129889
3129890
3129891
3129892
3129893
3129894
3129895
3129896
3129897
3129898
3129899
3129901
3129902
3129903
3129904
3129905
3129906
3129907
3129908
3129909
3129911
3129912
3129914
3129915
3129916
3129917
3129918
3129919
3129920
3129922
3129923
3129924
3129925
3129927
3129928
3129930
3129931
3129933
3129936
3129937
3129938
3129939
3129940
3129941
3129943
3129944
3129945
3129947
3129948
3129950
3129951
3129952
3129953
3129954
3129955
3129957
3129958
3129961
3129962
3129963
3129964
3129965
3129966
3129967
3129968
3129969
3129970
3129972
3129973
3129974
3129976
3129977
3129978
3129979
3129981
3129983
3129984
3129986
3129987
3129990
3129991
3129992
3129993
3129994
3129995
3129996
3129997
3129999
3130000
3130002
3130003
3130004
3130005
3130007
3130010
3130011
3130015
3130016
3130017
3130018
3130019
3130021
3130023
3130024
3130026
3130027
3130028
3130030
3130031
3130033
3130035
3130037
3130038
3130042
3130044
3130046
3130047
3130048
3130052
3130053
3130054
3130055
3130056
3130057
3130058
3130059
3130060
3130061
3130063
3130064
3130065
3130067
3130069
3130071
3130169
3130170
3130171
3130172
3130173
3130176
3130177
3130181
3130182
3130183
3130184
3130185
3130186
3130189
3130190
3130191
3130192
3130193
3130194
3130196
3130197
3130199
3130203
3130204
3130205
3130207
3130211
3130212
3130213
3130214
3130217
3130218
3130219
3130222
3130223
3130226
3130229
3130231
3130232
3130233
3130235
3130236
3130237
3130239
3130243
3130244
3130247
3130248
3130251
3130252
3130253
3130254
3130255
3130256
3130257
3130258
3130260
3130261
3130264
3130270
3130271
3130273
3130276
3130278
3130281
3130282
3130283
3130284
3130285
3130286
3130287
3130288
3130289
3130290
3130291
3130292
3130293
3130294
3130296
3130297
3130298
3130299
3130300
3130304
3130309
3130310
3130311
3130312
3130313
3130314
3130317
3130320
3130324
3130326
3130327
3130328
3130329
3130330
3130337
3130340
3130344
3130345
3130346
3130353
3130355
3130356
3130357
3130360
3130362
3130363
3130364
3130366
3130367
3130370
3130371
3130373
3130375
3130381
3130382
3130383
3130384
3130386
3130387
3130388
3130389
3130390
3130395
3130397
3130399
3130402
3130403
3130404
3130405
3130407
3130409
3130410
3130411
3130414
3130419
3130420
3130421
3130423
3130424
3130427
3130429
3130430
3130431
3130434
3130435
3130436
3130438
3130441
3130442
3130444
3130445
3130446
3130447
3130450
3130451
3130455
3130456
3130459
3130460
3130461
3130462
3130463
3130467
3130470
3130471
3130472
3130473
3130474
3130475
3130477
3130478
3130479
3130483
3130484
3130486
3130487
3130490
3130492
3130493
3130494
3130501
3130503
3130506
3130508
3130509
3130510
3130512
3130515
3130516
3130519
3130520
3130522
3130523
3130524
3130525
3130526
3130527
3130528
3130529
3130531
3130533
3130534
3130537
3130538
3130542
3130544
3130546
3130551
3130552
3130555
3130556
3130557
3130558
3130560
3130565
3130566
3130567
3130570
3130571
3130572
3130575
3130576
3130577
3130581
3130582
3130583
3130584
3130586
3130587
3130592
3130593
3130596
3130599
3130600
3130601
3130602
3130607
3130609
3130610
3130611
3130612
3130614
3130615
3130617
3130620
3130622
3130625
3130626
3130629
3130631
3130634
3130635
3130636
3130639
3130641
3130643
3130646
3130649
3130650
3130652
3130654
3130655
3130656
3130657
3130658
3130660
3130661
3130665
3130666
3130667
3130669
3130670
3130672
3130673
3130674
3130676
3130681
3130683
3130684
3130685
3130686
3130687
3130690
3130691
3130692
3130693
3130694
3130696
3130697
3130698
3130699
3130703
3130705
3130706
3130707
3130709
3130710
3130711
3130712
3130716
3130719
3130720
3130721
3130722
3130723
3130724
3130725
3130727
3130728
3130729
3130731
3130736
3130737
3130738
3130739
3130741
3130746
3130747
3130750
3130751
3130752
3130753
3130755
3130756
3130758
3130759
3130760
3130761
3130762
3130763
3130765
3130766
3130767
3130768
3130769
3130770
3130771
3130772
3130773
3130775
3130777
3130778
3130779
3130782
3130783
3130784
3130786
3130788
3130789
3130790
3130793
3130794
3130796
3130797
3130798
3130799
3130800
3130802
3130803
3130804
3130806
3130808
3130810
3130811
3130814
3130817
3130818
3130819
3130820
3130821
3130825
3130828
3130829
3130832
3130833
3130834
3130835
3130836
3130837
3130838
3130839
3130841
3130842
3130844
3130845
3130847
3130849
3130851
3130852
3130853
3130854
3130857
3130858
3130859
3130862
3130863
3130865
3130867
3130868
3130869
3130870
3130871
3130872
3130875
3130876
3130877
3130879
3130880
3130881
3130884
3130885
3130886
3130887
3130888
3130889
3130890
3130892
3130897
3130899
3130900
3130901
3130904
3130906
3130907
3130910
3130912
3130914
3130915
3130916
3130920
3130921
3130923
3130924
3130927
3130928
3130929
3130931
3130933
3130935
3130938
3130942
3130943
3130944
3130946
3130948
3130950
3130951
3130952
3130955
3130957
3130958
3130959
3130960
3130961
3130963
3130965
3130967
3130971
3130972
3130974
3130975
3130976
3130977
3130978
3130979
3130983
3130985
3130989
3130990
3130991
3130992
3130993
3130996
3130997
3130998
3130999
3131001
3131003
3131004
3131005
3131006
3131008
3131009
3131010
3131012
3131013
3131014
3131015
3131016
3131017
3131018
3131019
3131020
3131023
3131028
3131030
3131032
3131033
3131034
3131036
3131037
3131038
3131041
3131042
3131044
3131045
3131047
3131048
3131049
3131052
3131055
3131056
3131057
3131058
3131059
3131060
3131062
3131066
3131069
3131075
3131078
3131080
3131081
3131084
3131085
3131086
3131088
3131089
3131091
3131093
3131094
3131095
3131097
3131098
3131099
3131103
3131105
3131108
3131109
3131113
3131118
3131120
3131126
3131128
3131130
3131131
3131132
3131133
3131137
3131138
3131141
3131143
3131144
3131145
3131146
3131149
3131150
3131151
3131153
3131154
3131155
3131158
3131159
3131161
3131162
3131163
3131169
3131170
3131171
3131173
3131175
3131177
3131178
3131179
3131180
3131181
3131182
3131183
3131184
3131185
3131187
3131189
3131190
3131191
3131194
3131201
3131202
3131204
3131205
3131210
3131211
3131212
3131213
3131214
3131217
3131218
3131219
3131220
3131222
3131224
3131225
3131226
3131227
3131229
3131230
3131231
3131232
3131233
3131235
3131236
3131242
3131243
3131245
3131247
3131249
3131255
3131256
3131259
3131260
3131262
3131264
3131265
3131266
3131267
3131268
3131271
3131272
3131274
3131275
3131277
3131278
3131279
3131280
3131281
3131288
3131290
3131291
3131294
3131295
3131296
3131297
3131298
3131303
3131305
3131306
3131307
3131308
3131309
3131311
3131312
3131313
3131316
3131318
3131320
3131322
3131324
3131325
3131327
3131330
3131334
3131335
3131336
3131339
3131340
3131341
3131342
3131345
3131347
3131349
3131351
3131352
3131353
3131358
3131363
