1833899
1833900
1833928
1833929
1833938
1834896
1834897
1834898
1834899
1834900
1834902
1834905
1834907
1834908
1834912
1834915
1834916
1834917
1835008
1835087
1835088
1835091
1835094
1835095
1835096
1835098
1835655
1835656
1835657
1835658
1835660
1835793
1835794
1835795
1835814
1835830
1835837
1835849
1835852
1835889
1835895
1835910
1835921
1835945
1835949
1835951
1835960
1835968
1835970
1835971
1835974
1835977
1835980
1835997
1836013
1836022
1836025
1836027
1836170
1836173
1836537
1836538
1836539
1836544
1836550
1836595
1836608
1837089
1837131
1837216
1837217
1837218
1837219
1837812
1837826
1837829
1837830
1837841
1837842
1837850
1837862
1837867
1837875
1837876
1837877
1837930
1837931
1837936
1838061
1838062
1838063
1838064
1838065
1838066
1838067
1838070
1838071
1838072
1838073
1838074
1838075
1838077
1838078
1838079
1838081
1838083
1838084
1838137
1838138
1838151
1838152
1838153
1838154
1838155
1838156
1838157
1838158
1839618
1839627
1839633
1839649
1839652
1839654
1839658
1839659
1839660
1839661
1839663
1839664
1839665
1839666
1839667
1839668
1839669
1839670
1839671
1839672
1840167
1840221
1840222
1840223
1840226
1840227
1840228
1840229
1840230
1840231
1840236
1840528
1840581
1840622
1840623
1840624
1840625
1840626
1840630
1840631
1840633
1840634
1840636
1840640
1840643
1840644
1840805
1840811
1840821
1840871
1840872
1840873
1841052
1841063
1841080
1841092
1841195
1841196
1841846
1841853
1841872
1841874
1841875
1841876
1841879
1841884
1841885
1841887
1841891
1841898
1841902
1841904
1841941
1841946
1841950
1841958
1841965
1841991
1842043
1842663
1842664
1842895
1842933
1842960
1842962
1842963
1842964
1842965
1842966
1842968
1843238
1843240
1843241
1843244
1843365
1843473
1843479
1843703
1843704
1843734
1843735
1843736
1843737
1843738
1843739
1843740
1843741
1843742
1843749
1843750
1843751
1843752
1843753
1843754
1843756
1843757
1843758
1843761
1843762
1843763
1843764
1843765
1843768
1843769
1843770
1843771
1843772
1843773
1843776
1844477
1844597
1844598
1844601
1844602
1844603
1844606
1844607
1844615
1844617
1844624
1844625
1844626
1844627
1844628
1844920
1844927
1844928
1846152
1846155
1846156
1846160
1846161
1846168
1846251
1846259
1847765
1847785
1847896
1848040
1848042
1848126
1848130
1848131
1848132
1848135
1848136
1848137
1848138
1848139
1848150
1848151
1848152
1848153
1848164
1848165
1848169
1848489
1848491
1848504
1848505
1848960
1849320
1849323
1849325
1849328
1849335
1849523
1849524
1849531
1849532
1849533
1849534
1849535
1849537
1849538
1849539
1849542
1849543
1849544
1849545
1849838
1850164
1850173
1850175
1850176
1850177
1850178
1850180
1850181
1850182
1850183
1850184
1850185
1850188
1850189
1850190
1850191
1850192
1850193
1850194
1850195
1850196
1850197
1850199
1850200
1850201
1850202
1850203
1850204
1850205
1850239
1850255
1850533
1850534
1850535
1850537
1850539
1850543
1850550
1850906
1851028
1851069
1851070
1851072
1851074
1851079
1851081
1851082
1851085
1851122
1851123
1851124
1851125
1851126
1851127
1851128
1851130
1851213
1851214
1851215
1851216
1851217
1851218
1851219
1851220
1851221
1851473
1851474
1851558
1851561
1851563
1851646
1851729
1851738
1851739
1851740
1851742
1851745
1851746
1851747
1851748
1851749
1851750
1851751
1851752
1851753
1851774
1852524
1852527
1852532
1852546
1852562
1852563
1852564
1852565
1852566
1852567
1852597
1852598
1852599
1852622
1852625
1852626
1852627
1852628
1852629
1852630
1852638
1852639
1852640
1852641
1852642
1852644
1852657
1852658
1852659
1852661
1852663
1852664
1852665
1852666
1852668
1852669
1852670
1852671
1852672
1852673
1852674
1852675
1852676
1852677
1852678
1852679
1852680
1852681
1852682
1852683
1852684
1852685
1852686
1852687
1852702
1853202
1853323
1853762
1853782
1853783
1853788
1853792
1853793
1853797
1853800
1853802
1853803
1853805
1853806
1853809
1853811
1853812
1853815
1853818
1853821
1853823
1853824
1853826
1853827
1853865
1854721
1855183
1855200
1855208
1855210
1855216
1855218
1855219
1855222
1855224
1855229
1855231
1855232
1855233
1855234
1855236
1855237
1855238
1855241
1855243
1855245
1855246
1855248
1855249
1855250
1855262
1855263
1855264
1855266
1855267
1855269
1855465
1855468
1855482
1855489
1855498
1855510
1855736
1855741
1855746
1855751
1855765
1855766
1855769
1855772
1855773
1855774
1855777
1855778
1855779
1855783
1855785
1855786
1855791
1855805
1855807
1855808
1855815
1855816
1856030
1856031
1856063
1856078
1856120
1856564
1856565
1856627
1856637
1856642
1856667
1856695
1856697
1856698
1856699
1856700
1856701
1856702
1856703
1856704
1856705
1856706
1856708
1856709
1856710
1856711
1856712
1856715
1856716
1856717
1856718
1856721
1856723
1856724
1856725
1856729
1856730
1856743
1856749
1856750
1856756
1856757
1856761
1856762
1856767
1857099
1857100
1857206
1857207
1857251
1857323
1857625
1857632
1857634
1857647
1857750
1857843
1857844
1857845
1857846
1857889
1857890
1857891
1858671
1858905
1858917
1859135
1859148
1859149
1859161
1859165
1859166
1859492
1860076
1860179
1860190
1860191
1860192
1860193
1860194
1860195
1861653
1861657
1861663
1861833
1861834
1861835
1861836
1861840
1862127
1862312
1862331
1862332
1862591
1862592
1862593
1862594
1862596
1862602
1862684
1862685
1862686
1862701
1862792
1862821
1862822
1862823
1862824
1862825
1862958
1862959
1862960
1862961
1862962
1862963
1862978
1863007
1863008
1863009
1863010
1863011
1864484
1864622
1864623
1864973
1864978
1864984
1864985
1864987
1864996
1864997
1865008
1865020
1865021
1865023
1865024
1865033
1865035
1865040
1865051
1865053
1865058
1865062
1865068
1865081
1865097
1865098
1865106
1865119
1865127
1865128
1865132
1865133
1865135
1865140
1865141
1865145
1865146
1865149
1865153
1865166
1865167
1865172
1865176
1865179
1865188
1865196
1865199
1865202
1865206
1865207
1865208
1865209
1865210
1865214
1865215
1865227
1865234
1865242
1865252
1865255
1865258
1865264
1865275
1865282
1865290
1865297
1865303
1865306
1865309
1865318
1865321
1865327
1865337
1865342
1865345
1865357
1865361
1865366
1865367
1865377
1865381
1865382
1865384
1865386
1865388
1865389
1865392
1865395
1865422
1865427
1865428
1865430
1865432
1865434
1865437
1865438
1865439
1865441
1865452
1865456
1865461
1865463
1865470
1865475
1865484
1865489
1865492
1865503
1865506
1865514
1865520
1865526
1865528
1865529
1865533
1865536
1865545
1865546
1865548
1865556
1865558
1865564
1865575
1865580
1865582
1865583
1865590
1865593
1865595
1865598
1865599
1865601
1865612
1865616
1865648
1865664
1865668
1865675
1865694
1865698
1865705
1865711
1865712
1865717
1865725
1865738
1865743
1865744
1865748
1865770
1865773
1865775
1865776
1865779
1865780
1865782
1865784
1865797
1865801
1865807
1865812
1865814
1865815
1865821
1865823
1865829
1865838
1865839
1865850
1865855
1865856
1865860
1865864
1865871
1865876
1865878
1865890
1865891
1865905
1865908
1865912
1865918
1865929
1865942
1865945
1865953
1865955
1865958
1865959
1865964
1865970
1865975
1865978
1865983
1865984
1865990
1865992
1865994
1865995
1865996
1866015
1866018
1866023
1866027
1866031
1866044
1866047
1866062
1866067
1866068
1866076
1866081
1866087
1866089
1866099
1866103
1866112
1866113
1866115
1866116
1866118
1866120
1866125
1866126
1866128
1866129
1866131
1866132
1866133
1866134
1866144
1866148
1866150
1866154
1866172
1866175
1866177
1866180
1866186
1866277
1867088
1867125
1867231
1867858
1867860
1867864
1867865
1867866
1867868
1867870
1867872
1867884
1867886
1867888
1867891
1867912
1867943
1868169
1868170
1868215
1868218
1868220
1868221
1868472
1868594
1868595
1868596
1868597
1868599
1868600
1868601
1868610
1868611
1868621
1868634
1868635
1868636
1868641
1868654
1868658
1868659
1868660
1868661
1868662
1868663
1868664
1868665
1868666
1868667
1868668
1868669
1868670
1868671
1868672
1868673
1868674
1868675
1868676
1868677
1868678
1868679
1868680
1868681
1868682
1868683
1868684
1868685
1868686
1868687
1868824
1868825
1868826
1868827
1868828
1868842
1868843
1868844
1868845
1868846
1868847
1868848
1868849
1868850
1868851
1868852
1868853
1868854
1868855
1868856
1868857
1868858
1868859
1868860
1868861
1868862
1869085
1869086
1869090
1869097
1869098
1869099
1869100
1869102
1869104
1869105
1869106
1869110
1869198
1869213
1869278
1870761
1870771
1870772
1870773
1870979
1870981
1871112
1871153
1871259
1871262
1871266
1871267
1871270
1871287
1871309
1871313
1871314
1871345
1871497
1871498
1871499
1871500
1871501
1871502
1871503
1871507
1871508
1871521
1871632
1871633
1871634
1871635
1871678
1871681
1871683
1871685
1871686
1871687
1871690
1871692
1871708
1871710
1871711
1871712
1871716
1871757
1872683
1872687
1872708
1872710
1872719
1872723
1873085
1873086
1873092
1873108
1873110
1873122
1873341
1873452
1873455
1873465
1873467
1873468
1873469
1873696
1873697
1873698
1873777
1873778
1873887
1873888
1873889
1873890
1873891
1873892
1873894
1873895
1873902
1873904
1873905
1873949
1873954
1873958
1873959
1873985
1873989
1873990
1873993
1873994
1873995
1873997
1873998
1873999
1874000
1874001
1874002
1874014
1874015
1874016
1874017
1874018
1874021
1874022
1874118
1874267
1874333
1874530
1874531
1874539
1874540
1874570
1874571
1874572
1874573
1874575
1874576
1874578
1874579
1874581
1874583
1874584
1874585
1874587
1874590
1874591
1874592
1874593
1874594
1874643
1874644
1874648
1874650
1874651
1874652
1874655
1874657
1874660
1874688
1874738
1878944
1879051
1880534
1880537
1880541
1880542
1880544
1880546
1880547
1880548
1880550
1880552
1880559
1880560
1880563
1880567
1880569
1880590
1880822
1880877
1880878
1881004
1881013
1881051
1881088
1881090
1881104
1881139
1881140
1881141
1881162
1881188
1881191
1881192
1881193
1881195
1881200
1881201
1881202
1881203
1881207
1881208
1881210
1881211
1881212
1881213
1881215
1881216
1881223
1881225
1881226
1881227
1881228
1881233
1881234
1881235
1881236
1881237
1881238
1881239
1881241
1881244
1881245
1881247
1881248
1881251
1881252
1881253
1881254
1881255
1881256
1881257
1881258
1881259
1881261
1881262
1881263
1881264
1881265
1881266
1881267
1881270
1881271
1881272
1881274
1881275
1881276
1881277
1881278
1881279
1881280
1881281
1881282
1881283
1881284
1881285
1881287
1881288
1881289
1881291
1881292
1881294
1881295
1881296
1881297
1881298
1881299
1881301
1881306
1881307
1881308
1881310
1881313
1881314
1881315
1881316
1881317
1881319
1881320
1881322
1881324
1881330
1881334
1881335
1881336
1881338
1881339
1881340
1881341
1881342
1881343
1881344
1881345
1881350
1881355
1881356
1881375
1881376
1881377
1881379
1881381
1881382
1881383
1881384
1881387
1881390
1881391
1881392
1881401
1881402
1881405
1881406
1881407
1881408
1881409
1881410
1881411
1881413
1881414
1881418
1881419
1881421
1881422
1881423
1881424
1881425
1881426
1881428
1881430
1881432
1881433
1881434
1881435
1881436
1881437
1881440
1881441
1881443
1881445
1881446
1881447
1881449
1881450
1881451
1881454
1881630
1881631
1881632
1881636
1881868
1881869
1881950
1881951
1882273
1882274
1882276
1882277
1882278
1882279
1882280
1882281
1882282
1882283
1882285
1882286
1882287
1882288
1882289
1882290
1882291
1882292
1882293
1882294
1882295
1882296
1882297
1882298
1882299
1882300
1882302
1882303
1882304
1882306
1882307
1882308
1882309
1882310
1882311
1882312
1882313
1882314
1882315
1882316
1882317
1882318
1882327
1882328
1882332
1882333
1882334
1882336
1882337
1882338
1882382
1882383
1882392
1882393
1882394
1882396
1882400
1882439
1882465
1882677
1882678
1882679
1882680
1882683
1882948
1882957
1882960
1882961
1882973
1882993
1882995
1883013
1883039
1883044
1883067
1883068
1883069
1883104
1883111
1883200
1883202
1883203
1883205
1883207
1883365
1883366
1883367
1883368
1883369
1883370
1883371
1883372
1883373
1883374
1883375
1883376
1883377
1883378
1883379
1883431
1883457
1883458
1883460
1883466
1883471
1883476
1883480
1883486
1883491
1883500
1883503
1883505
1883511
1883514
1883518
1883521
1883529
1883531
1883533
1883534
1883538
1883542
1883547
1883548
1883549
1883554
1883559
1883560
1883575
1883579
1883582
1883584
1883587
1883591
1883596
1883598
1883599
1883601
1883602
1883610
1883612
1883614
1883616
1883621
1883625
1883629
1883633
1883634
1883635
1883646
1883647
1883654
1883665
1883668
1883669
1883671
1883675
1883676
1883679
1883688
1883690
1883696
1883697
1883700
1883701
1883702
1883703
1883705
1883708
1883709
1883713
1883714
1883719
1883723
1883724
1883732
1883733
1883740
1883743
1883747
1883749
1883759
1883760
1883761
1883762
1883767
1883769
1883771
1883776
1883780
1883782
1883783
1883788
1883790
1883792
1883810
1883812
1883813
1883820
1883823
1883828
1883834
1883839
1883842
1883843
1883857
1883861
1883863
1883865
1883870
1883871
1883876
1883879
1883881
1883884
1883885
1883891
1883894
1883897
1883898
1883899
1883907
1883923
1883926
1883935
1883940
1883941
1883955
1883957
1883962
1883971
1883974
1883983
1883989
1883994
1883998
1884006
1884008
1884015
1884020
1884028
1884032
1884033
1884038
1884043
1884047
1884049
1884054
1884063
1884064
1884066
1884068
1884073
1884075
1884080
1884092
1884093
1884106
1884107
1884113
1884114
1884115
1884117
1884124
1884126
1884127
1884139
1884151
1884155
1884160
1884161
1884162
1884164
1884167
1884170
1884176
1884178
1884183
1884184
1884185
1884244
1884245
1884247
1884387
1884392
1884450
1884452
1884453
1884454
1884455
1884456
1884457
1884458
1884459
1884460
1884461
1884587
1884590
1884591
1884638
1884639
1884645
1884660
1884832
1884873
1884874
1884878
1884879
1884917
1884991
1884996
1885113
1885242
1885245
1885247
1885248
1885354
1885361
1885377
1885425
1885448
1885457
1885476
1885495
1885498
1885534
1885537
1885546
1885551
1885562
1885565
1885570
1885571
1885579
1885580
1885633
1885927
1885928
1885929
1885931
1885932
1885933
1886598
1886606
1886789
1886793
1886794
1886795
1887213
1887214
1887215
1887216
1887217
1887218
1887219
1887314
1887316
1887641
1887643
1887644
1887645
1887646
1887647
1887648
1887649
1887650
1887651
1887652
1887653
1887654
1887655
1887656
1887657
1888219
1888308
1888309
1888310
1888311
1888312
1888313
1888314
1888316
1888317
1888318
1888319
1888320
1888321
1888322
1888343
1888351
1888934
1888935
1888940
1888943
1888946
1888949
1888950
1889242
1889794
1889900
1890337
1890338
1890339
1890340
1890341
1890342
1890344
1890351
1890357
1890361
1890362
1890365
1890414
1890418
1890423
1890678
1890684
1890685
1890687
1891204
1891313
1891314
1891316
1891317
1891320
1891321
1891322
1891323
1891324
1891326
1891327
1891329
1891333
1891703
1891704
1891713
1891714
1891715
1891716
1891717
1891718
1891719
1891720
1891721
1891722
1891725
1891726
1891727
1891728
1891729
1891730
1891731
1891732
1891733
1891734
1891735
1891736
1891737
1891738
1891739
1891740
1891741
1891742
1891743
1891745
1891746
1891747
1891748
1891749
1891750
1891751
1891752
1891754
1891755
1891756
1891757
1891758
1891759
1891760
1891761
1891762
1891763
1891764
1891765
1891766
1891767
1891768
1891769
1891770
1891771
1891772
1891773
1891774
1891775
1891779
1891963
1891972
1892174
1892175
1892177
1892178
1892179
1892193
1892206
1892207
1892235
1892236
1892336
1892338
1892339
1892340
1892341
1892342
1892343
1892345
1892416
1892442
1892451
1892462
1892469
1892568
1892569
1892609
1892610
1892612
1892613
1892617
1892619
1892621
1892622
1892624
1892819
1892821
1892823
1892824
1892900
1892901
1894993
1894997
1895000
1895001
1895332
1895333
1895488
1895494
1895502
1895507
1895512
1895517
1895519
1895522
1895523
1895524
1895528
1895536
1895538
1895546
1895555
1895562
1895566
1895572
1895573
1895574
1895575
1895576
1895577
1895578
1895665
1895666
1895669
1895985
1896045
1896050
1896956
1897067
1897068
1897072
1897073
1897077
1897079
1897080
1897087
1897283
1897286
1897291
1897321
1897323
1897327
1897332
1897348
1897366
1897383
1897424
1897425
1897426
1897428
1897429
1897430
1897431
1897432
1897433
1897434
1897435
1897436
1897437
1897438
1897439
1897440
1897441
1897442
1897443
1897445
1897448
1897449
1897479
1897480
1897482
1897484
1897486
1897487
1897489
1897490
1897491
1897495
1897496
1897497
1897500
1897501
1897503
1897504
1897505
1897506
1897515
1897516
1897518
1897520
1897523
1897524
1897525
1897526
1897527
1897528
1897529
1897532
1897533
1897534
1897536
1897537
1897538
1897539
1897540
1897541
1897542
1897543
1897544
1897545
1897546
1897547
1897548
1897552
1897554
1897555
1897637
1897638
1897640
1897641
1897654
1897731
1897732
1897736
1897737
1897738
1897740
1897741
1897742
1897743
1897750
1897761
1897764
1897765
1897766
1897767
1897768
1897769
1897770
1898035
1898060
1898075
1898079
1898152
1898153
1898163
1898175
1898509
1898520
1898521
1898523
1898524
1898535
1898549
1898550
1898672
1898758
1898762
1898764
1898765
1898767
1898769
1898771
1898772
1898954
1898982
1898984
1898986
1898987
1899069
1899071
1899073
1899219
1899318
1899327
1899328
1899564
1899566
1902331
1902501
1902502
1902771
1902774
1902778
1902779
1902780
1903184
1903185
1903247
1903248
1903249
1903250
1903251
1903252
1903253
1903255
1903256
1903257
1903259
1903260
1903266
1903318
1903319
1903340
1903341
1903413
1903415
1903426
1903427
1903432
1903435
1903510
1903512
1903513
1903514
1903533
1903534
1903545
1903547
1903548
1903549
1903550
1903553
1903554
1903555
1903556
1903557
1903558
1903559
1903562
1903563
1903598
1903599
1904006
1904406
1904408
1904409
1904410
1904411
1904439
1904491
1904876
1904880
1904881
1904882
1904883
1904884
1904885
1904888
1904896
1904925
1905287
1905301
1905303
1905304
1905307
1905308
1905309
1905310
1905319
1905320
1905556
1905681
1905683
1905687
1905705
1905707
1905814
1905815
1905816
1905818
1905819
1905820
1905821
1905822
1905823
1905827
1905830
1905860
1906170
1906171
1906172
1906173
1906174
1906175
1906176
1906177
1906178
1906179
1906244
1906245
1906300
1906303
1906309
1906310
1906315
1906317
1906345
1906347
1906348
1906349
1906351
1906354
1906355
1906356
1906620
1906621
1906622
1906623
1906626
1906627
1906631
1906632
1906633
1906649
1906652
1906653
1906654
1906668
1906670
1906671
1906672
1906673
1906674
1906865
1906931
1906944
1906952
1907161
1907163
1907165
1907167
1907172
1907210
1907585
1907588
1907591
1907592
1907594
1907595
1907599
1907600
1907601
1907604
1907605
1907608
1907609
1907611
1907613
1907615
1907617
1907619
1907620
1907629
1907630
1907633
1907634
1907635
1907637
1907638
1907639
1907641
1907643
1907645
1907646
1907647
1907650
1907652
1907653
1907676
1907684
1907688
1907691
1907698
1907767
1907771
1907781
1907782
1907783
1907784
1907787
1907944
1907948
1907949
1907950
1907951
1907952
1907954
1907956
1907957
1907958
1907959
1907960
1907962
1907965
1907969
1907971
1907974
1907978
1907981
1907984
1907985
1907986
1907995
1907997
1907999
1908002
1908006
1908010
1908017
1908018
1908023
1908027
1908029
1908033
1908034
1908051
1908053
1908054
1908056
1908063
1908065
1908066
1908067
1908069
1908070
1908071
1908073
1908074
1908075
1908077
1908078
1908079
1908080
1908083
1908084
1908085
1908087
1908088
1908089
1908090
1908091
1908092
1908094
1908095
1908097
1908098
1908099
1908101
1908102
1908104
1908105
1908106
1908109
1908111
1908112
1908113
1908114
1908115
1908116
1908117
1908118
1908119
1908120
1908122
1908123
1908124
1908129
1908131
1908132
1908133
1908134
1908135
1908136
1908137
1908138
1908140
1908141
1908142
1908143
1908145
1908146
1908147
1908148
1908150
1908152
1908153
1908154
1908155
1908156
1908157
1908158
1908159
1908160
1908162
1908164
1908165
1908166
1908167
1908168
1908169
1908170
1908171
1908172
1908173
1908174
1908176
1908179
1908180
1908181
1908183
1908185
1908187
1908188
1908189
1908191
1908192
1908380
1908381
1908387
1908388
1908549
1908802
1908803
1908804
1908805
1908806
1908807
1908809
1908810
1908811
1908812
1908813
1909298
1909349
1909350
1909388
1909389
1909400
1909401
1909402
1909403
1909409
1909694
1909796
1909797
1909798
1909800
1909804
1909806
1909809
1909811
1909814
1909815
1909819
1909824
1909832
1909833
1909839
1909840
1909846
1909857
1909860
1909861
1909866
1909867
1909874
1909885
1909894
1909899
1909911
1909917
1909920
1909929
1909932
1909933
1909935
1909939
1909941
1909949
1909964
1909968
1909969
1909979
1909982
1909984
1909986
1909991
1909992
1909995
1909996
1910009
1910026
1910032
1910033
1910034
1910061
1910063
1910065
1910066
1910072
1910082
1910090
1910091
1910092
1910095
1910102
1910105
1910113
1910116
1910120
1910122
1910139
1910149
1910153
1910154
1910164
1910167
1910177
1910180
1910182
1910183
1910202
1910203
1910206
1910207
1910216
1910218
1910219
1910220
1910224
1910228
1910230
1910233
1910240
1910241
1910247
1910252
1910256
1910257
1910259
1910260
1910262
1910268
1910274
1910282
1910284
1910285
1910288
1910290
1910295
1910297
1910300
1910305
1910308
1910315
1910321
1910322
1910324
1910325
1910326
1910327
1910328
1910331
1910332
1910334
1910337
1910344
1910349
1910350
1910361
1910363
1910371
1910374
1910378
1910379
1910380
1910382
1910383
1910391
1910395
1910398
1910402
1910404
1910405
1910406
1910407
1910408
1910412
1910414
1910417
1910426
1910436
1910438
1910441
1910446
1910447
1910448
1910452
1910454
1910458
1910463
1910466
1910475
1910476
1910478
1910484
1910491
1910492
1910493
1910498
1910506
1910507
1910511
1910512
1910514
1910515
1910517
1910518
1910526
1910527
1910528
1910532
1910533
1910535
1910537
1910538
1910539
1910540
1910541
1910542
1910544
1910551
1910553
1910555
1910565
1910566
1910567
1910569
1910571
1910572
1910579
1910584
1910587
1910591
1910596
1910597
1910605
1910613
1910615
1910618
1910619
1910620
1910626
1910628
1910629
1910631
1910633
1910634
1910635
1910637
1910641
1910644
1910647
1910649
1910650
1910651
1910654
1910655
1910661
1910662
1910664
1910666
1910668
1910675
1910677
1910679
1910680
1910682
1910683
1910686
1910691
1910692
1910698
1910700
1910705
1910725
1910732
1910737
1910741
1910744
1910745
1910747
1910748
1910750
1910757
1910760
1910928
1910929
1910931
1910935
1910936
1910937
1910950
1910951
1910952
1910954
1910962
1910968
1910969
1910975
1910976
1910991
1910992
1910993
1910999
1911006
1911007
1911008
1911009
1911010
1911089
1911095
1911098
1911099
1911102
1911103
1911104
1911108
1911222
1911226
1911227
1911231
1911434
1911435
1911438
1911439
1911441
1911442
1911443
1911553
1911555
1911599
1911600
1911601
1911602
1911603
1911604
1911605
1911606
1911743
1911744
1911745
1911746
1911747
1911748
1911749
1911750
1911751
1911752
1911753
1911754
1911755
1911761
1911763
1911764
1911765
1911766
1911767
1911768
1911769
1911770
1911774
1911775
1911776
1911777
1911778
1911779
1911780
1911781
1911782
1911784
1911787
1911790
1911791
1911793
1911794
1911795
1911905
1911908
1911910
1911928
1911929
1912077
1912078
1912081
1912082
1912083
1912143
1912144
1912146
1912147
1912234
1912318
1912319
1912320
1912321
1912325
1912326
1912327
1912344
1912485
1912492
1912590
1912592
1912593
1912598
1912759
1912760
1912975
1913024
1913028
1913029
1913030
1913034
1913036
1913037
1913038
1913039
1913040
1913041
1913042
1913043
1913044
1913046
1913047
1913048
1913049
1913079
1913080
1913081
1913082
1913083
1913108
1913109
1913110
1913111
1913112
1913113
1913114
1913117
1913118
1913119
1913122
1913124
1913125
1913126
1913127
1913129
1913136
1913141
1913143
1913144
1913145
1913199
1913202
1913210
1913212
1913234
1913236
1913245
1913249
1913267
1913268
1913270
1913282
1913283
1913287
1913289
1913293
1913298
1913299
1913301
1913302
1913304
1913305
1913307
1913311
1913314
1913315
1913326
1913327
1913329
1913333
1913340
1913342
1913344
1913346
1913349
1913350
1913351
1913352
1913353
1913355
1913356
1913360
1913446
1913447
1913448
1913449
1913570
1913571
1913572
1913574
1913575
1913581
1913582
1913591
1913603
1913605
1913640
1913642
1913643
1913649
1913650
1913651
1913652
1913653
1913654
1913655
1913656
1913657
1913658
1913667
1913683
1913684
1913685
1913686
1913995
1914019
1914020
1914021
1914155
1914160
1914161
1914162
1914165
1914192
1914193
1914194
1914195
1914199
1914200
1914201
1914202
1914203
1914204
1914205
1914206
1914207
1914208
1914209
1914293
1914295
1914296
1914297
1914298
1914299
1914302
1914347
1914348
1914349
1914350
1914351
1914352
1914398
1914415
1914440
1914442
1914447
1914448
1914475
1914476
1914477
1914478
1914481
1914484
1914485
1914487
1914488
1914503
1914506
1914507
1914508
1914513
1914514
1914515
1914518
1914519
1914520
1914521
1914543
1914544
1914545
1914546
1914547
1914549
1914566
1914567
1914568
1914574
1914575
1914576
1914579
1914782
1914783
1914784
1914788
1914850
1914851
1914852
1914853
1914854
1914855
1914856
1914892
1914893
1914894
1914895
1914897
1914898
1914899
1914900
1914953
1915098
1915104
1915106
1915108
1915119
1915202
1915203
1915204
1915205
1915206
1915207
1915208
1915209
1915246
1915247
1915248
1915249
1915250
1915251
1915262
1915279
1915306
1916097
1916098
1916099
1916101
1916107
1916110
1916111
1916112
1916113
1916114
1916115
1916116
1916117
1916120
1916121
1916123
1916124
1916125
1916126
1916127
1916151
1916152
1916153
1916154
1916155
1916156
1916157
1916158
1916159
1916160
1916161
1916162
1916163
1916164
1916165
1916166
1916167
1916168
1916169
1916170
1916171
1916172
1916174
1916175
1916176
1916177
1916178
1916179
1916180
1916181
1916182
1916183
1916184
1916185
1916186
1916187
1916188
1916189
1916190
1916191
1916192
1916193
1916194
1916196
1916197
1916198
1916199
1916200
1916201
1916202
1916203
1916204
1916205
1916206
1916207
1916234
1916236
1916390
1916391
1916414
1916436
1916437
1916445
1916448
1916457
1916463
1916465
1916471
1916482
1916499
1916506
1916508
1916512
1916516
1916519
1916524
1916531
1916541
1916546
1916549
1916563
1916564
1916576
1916581
1916595
1916598
1916600
1916601
1916608
1916613
1916618
1916620
1916623
1916624
1916629
1916633
1916644
1916650
1916690
1916691
1916692
1916693
1916694
1916695
1916696
1916697
1916698
1916699
1916700
1916701
1916930
1916947
1917013
1917070
1917071
1917073
1917074
1917075
1917078
1917079
1917080
1917081
1917082
1917083
1917168
1917197
1917229
1917230
1917232
1917290
1917298
1917302
1917305
1917311
1917313
1917314
1917315
1917317
1917318
1917412
1917415
1917488
1917495
1917497
1917498
1917499
1917504
1917506
1917510
1917511
1917512
1917514
1917517
1917519
1917520
1917521
1917536
1917548
1917551
1917560
1917563
1917564
1917568
1917577
1917580
1917582
1917583
1917592
1917598
1917612
1917629
1917631
1917632
1917639
1917640
1917641
1917646
1917648
1917892
1917916
1917919
1917976
1917979
1917980
1917990
1918005
1918006
1918007
1918008
1918009
1918010
1918011
1918012
1918013
1918014
1918017
1918192
1918193
1918194
1918519
1918522
1918524
1918525
1918694
1918695
1918696
1918697
1918699
1918701
1918703
1918707
1918708
1918710
1918711
1918712
1918714
1918715
1918716
1918718
1918720
1918721
1918722
1918723
1918724
1918725
1918726
1918727
1918728
1918729
1918730
1918731
1918836
1918837
1918838
1918839
1918840
1918843
1918844
1918846
1918847
1918848
1918850
1918852
1918856
1918858
1918860
1918861
1918863
1918864
1918866
1918867
1918868
1918870
1918871
1918872
1918873
1918874
1918875
1918876
1918877
1918878
1918880
1918881
1918882
1918883
1918884
1918887
1918888
1918890
1918891
1918892
1918893
1918894
1918895
1918896
1918898
1918899
1918900
1918901
1918902
1918903
1918905
1918907
1918908
1918910
1918913
1918914
1918915
1918916
1918918
1918919
1918920
1918921
1918923
1918953
1918957
1918958
1918959
1918962
1918965
1918967
1918969
1918972
1918973
1918974
1918975
1918976
1918978
1918979
1918980
1918981
1918982
1918985
1918987
1918990
1918991
1918993
1918994
1918996
1918997
1918998
1918999
1919002
1919003
1919006
1919009
1919010
1919011
1919012
1919013
1919014
1919016
1919018
1919020
1919021
1919022
1919023
1919024
1919025
1919026
1919027
1919028
1919032
1919033
1919034
1919035
1919036
1919037
1919038
1919039
1919040
1919042
1919043
1919044
1919045
1919050
1919051
1919052
1919053
1919054
1919055
1919057
1919058
1919071
1919083
1919247
1919994
1920137
1920294
1920298
1920305
1920307
1920308
1920309
1920310
1920311
1920312
1920379
1920454
1920492
1920493
1920494
1920498
1920524
1920526
1920698
1920700
1920706
1920748
1920750
1920751
1920752
1920753
1920754
1920755
1920756
1920757
1920758
1920759
1920760
1920761
1920762
1920763
1920764
1920765
1920771
1920772
1920774
1920777
1920778
1920779
1920780
1920781
1920826
1920837
1920839
1920840
1920842
1920843
1920848
1920850
1920851
1920854
1920856
1920860
1920861
1920862
1920864
1920865
1920866
1920985
1920986
1920988
1920989
1920991
1920993
1920994
1920995
1920996
1920998
1920999
1921000
1921004
1921005
1921008
1921009
1921016
1921017
1921018
1921019
1921117
1921118
1921119
1921120
1921121
1921122
1921123
1921124
1921125
1921126
1921127
1921128
1921129
1921130
1921184
1921185
1921186
1921187
1921188
1921189
1921407
1921408
1921409
1921410
1921411
1921412
1921413
1921414
1921431
1921432
1921434
1921435
1921436
1921524
1921525
1921526
1921528
1921529
1921530
1921531
1921544
1921545
1921546
1921547
1921548
1921553
1921554
1921555
1921556
1921557
1921560
1921561
1921562
1921563
1921613
1921621
1921628
1921629
1921630
1921631
1921632
1921634
1921635
1921636
1921637
1921638
1921640
1921642
1921643
1921646
1921647
1921648
1921649
1921651
1921656
1921660
1921661
1921662
1921665
1921666
1921668
1921669
1921670
1921674
1921675
1921676
1921678
1921680
1921681
1921682
1921683
1921684
1921685
1921688
1921689
1921692
1921693
1921694
1921695
1921696
1921698
1921699
1921703
1921704
1921705
1921706
1921707
1921709
1921710
1921711
1921712
1921713
1921772
1921773
1921776
1921778
1921820
1921821
1921822
1921823
1921824
1921825
1921923
1921926
1921993
1922083
1922135
1922139
1922163
1922207
1922208
1922209
1922210
1922211
1922212
1922213
1922237
1922240
1922241
1922242
1922243
1922246
1922247
1922324
1922325
1922327
1922328
1922329
1922330
1922331
1922332
1922348
1922350
1922351
1922352
1922354
1922355
1922356
1922357
1922358
1922359
1922360
1922361
1922362
1922363
1922364
1922365
1922366
1922367
1922368
1922369
1922370
1922371
1922372
1922373
1922374
1922376
1922377
1922378
1922380
1922381
1922383
1922384
1922385
1922386
1922387
1922388
1922389
1922390
1922391
1922392
1922393
1922394
1922395
1922396
1922397
1922398
1922399
1922400
1922401
1922402
1922403
1922404
1922405
1922406
1922407
1922408
1922409
1922410
1922411
1922412
1922413
1922414
1922415
1922416
1922417
1922418
1922419
1922420
1922421
1922422
1922423
1922424
1922425
1922426
1922427
1922428
1922429
1922430
1922431
1922432
1922433
1922434
1922435
1922436
1922437
1922438
1922439
1922440
1922441
1922443
1922445
1922446
1922448
1922450
1922451
1922452
1922454
1922455
1922456
1922457
1922458
1922459
1922460
1922461
1922462
1922463
1922464
1922465
1922466
1922467
1922468
1922469
1922470
1922471
1922472
1922473
1922474
1922475
1922476
1922478
1922479
1922481
1922484
1922485
1922486
1922487
1922488
1922489
1922490
1922491
1922492
1922493
1922496
1922497
1922498
1922499
1922500
1922501
1922502
1922503
1922504
1922505
1922506
1922507
1922508
1922509
1922510
1922511
1922513
1922514
1922515
1922516
1922517
1922518
1922522
1922523
1922524
1922525
1922526
1922527
1922528
1922529
1922530
1922531
1922532
1922533
1922535
1922536
1922537
1922538
1922539
1922540
1922541
1922542
1922543
1922544
1922545
1922546
1922547
1922549
1922551
1922552
1922553
1922554
1922555
1922556
1922557
1922558
1922559
1922560
1922562
1922563
1922564
1922565
1922566
1922567
1922568
1922569
1922570
1922571
1922572
1922573
1922574
1922575
1922576
1922577
1922578
1922579
1922580
1922581
1922582
1922583
1922584
1922585
1922586
1922587
1922588
1922589
1922590
1922591
1922592
1922593
1922594
1922595
1922596
1922597
1922598
1922599
1922600
1922601
1922602
1922603
1922604
1922605
1922606
1922607
1922608
1922609
1922610
1922611
1922614
1922615
1922616
1922617
1922618
1922619
1922620
1922621
1922622
1922623
1922624
1922625
1922626
1922627
1922628
1922629
1922630
1922631
1922632
1922633
1922634
1922635
1922636
1922637
1922638
1922639
1922640
1922641
1922642
1922643
1922644
1922645
1922646
1922647
1922648
1922649
1922650
1922651
1922652
1922653
1922654
1922656
1922657
1922658
1922659
1922660
1922661
1922662
1922663
1922664
1922665
1922666
1922667
1922668
1922669
1922670
1922671
1922672
1922673
1922674
1922675
1922676
1922677
1922678
1922679
1922680
1922681
1922682
1922683
1922684
1922685
1922686
1922687
1922688
1922689
1922691
1922693
1922696
1922697
1922698
1922699
1922700
1922701
1922702
1922703
1922704
1922705
1922706
1922707
1922708
1922709
1922710
1922711
1922712
1922713
1922714
1922715
1922716
1922717
1922718
1922720
1922721
1922722
1922723
1922724
1922725
1922726
1922727
1922728
1922729
1922730
1922731
1922732
1922734
1922735
1922736
1922737
1922738
1922739
1922740
1922741
1922742
1922743
1922744
1922745
1922746
1922747
1922748
1922749
1922750
1922751
1922752
1922753
1922754
1922755
1922756
1922757
1922758
1922759
1922760
1922761
1922762
1922763
1922764
1922765
1922766
1922767
1922768
1922769
1922770
1922771
1922772
1922773
1922774
1922775
1922776
1922777
1922778
1922779
1922780
1922781
1922782
1922783
1922784
1922785
1922786
1922787
1922788
1922789
1922790
1922791
1922792
1922793
1922794
1922795
1922796
1922797
1922798
1922799
1922800
1922801
1922802
1922803
1922804
1922805
1922806
1922807
1922808
1922809
1922810
1922811
1922812
1922813
1922814
1922815
1922816
1922817
1922818
1922819
1922820
1922821
1922822
1922823
1922824
1922825
1922826
1922827
1922828
1922829
1922830
1922831
1922832
1922833
1922834
1922835
1922836
1922837
1922838
1922839
1922840
1922841
1922842
1922843
1922845
1922846
1922848
1922850
1922853
1922855
1922856
1922857
1922858
1922859
1922860
1922861
1922862
1922863
1922864
1922865
1922867
1922868
1922869
1922870
1922871
1922872
1922873
1922874
1922875
1922876
1922877
1922878
1922879
1922880
1922881
1922882
1922883
1922884
1922885
1922886
1922887
1922888
1922889
1922890
1922891
1922892
1922893
1922894
1922895
1922896
1922897
1922898
1922899
1922900
1922901
1922902
1922903
1922904
1922905
1922906
1922907
1922908
1922909
1922910
1922911
1922912
1922913
1922914
1922915
1922916
1922917
1922918
1922919
1922920
1922921
1922922
1922923
1922924
1922925
1922926
1922927
1922928
1922929
1922930
1922931
1922932
1922933
1922934
1922936
1922937
1922938
1922939
1922940
1922941
1922942
1922944
1922945
1922946
1922947
1922948
1922949
1922950
1922951
1922952
1922953
1922954
1922955
1922956
1922957
1922958
1922959
1922960
1922961
1922962
1922963
1922964
1922965
1922966
1922967
1922968
1922969
1922970
1922971
1922972
1922973
1922974
1922975
1922976
1922977
1922978
1922979
1922980
1922981
1922982
1922983
1922984
1922985
1922986
1922987
1922988
1922989
1922990
1922991
1922992
1922993
1922994
1922995
1922996
1922997
1922998
1922999
1923000
1923001
1923002
1923003
1923004
1923005
1923006
1923007
1923009
1923010
1923011
1923012
1923013
1923015
1923017
1923018
1923019
1923020
1923021
1923022
1923023
1923024
1923025
1923026
1923027
1923028
1923029
1923030
1923031
1923032
1923033
1923034
1923035
1923036
1923037
1923038
1923039
1923040
1923041
1923042
1923043
1923044
1923045
1923047
1923048
1923049
1923050
1923051
1923053
1923054
1923055
1923056
1923057
1923058
1923059
1923060
1923061
1923064
1923065
1923066
1923067
1923068
1923069
1923070
1923071
1923072
1923073
1923074
1923075
1923076
1923077
1923078
1923079
1923080
1923081
1923082
1923083
1923084
1923085
1923087
1923088
1923089
1923090
1923091
1923092
1923093
1923094
1923095
1923096
1923097
1923098
1923099
1923100
1923101
1923102
1923103
1923104
1923105
1923106
1923107
1923108
1923109
1923110
1923111
1923112
1923113
1923114
1923115
1923116
1923117
1923118
1923119
1923120
1923121
1923122
1923123
1923124
1923125
1923126
1923127
1923128
1923129
1923130
1923131
1923132
1923133
1923134
1923135
1923136
1923137
1923138
1923139
1923140
1923141
1923142
1923143
1923144
1923145
1923146
1923147
1923148
1923149
1923150
1923151
1923152
1923153
1923154
1923155
1923156
1923157
1923158
1923159
1923160
1923161
1923162
1923163
1923164
1923165
1923166
1923167
1923168
1923169
1923170
1923171
1923173
1923174
1923175
1923176
1923177
1923178
1923179
1923180
1923181
1923182
1923183
1923184
1923185
1923186
1923187
1923188
1923189
1923190
1923191
1923192
1923193
1923194
1923195
1923196
1923197
1923198
1923199
1923200
1923201
1923202
1923203
1923204
1923205
1923206
1923207
1923208
1923209
1923210
1923211
1923212
1923213
1923215
1923216
1923217
1923218
1923219
1923220
1923221
1923222
1923223
1923224
1923225
1923226
1923227
1923228
1923229
1923230
1923231
1923232
1923233
1923234
1923235
1923236
1923237
1923238
1923239
1923240
1923242
1923243
1923244
1923245
1923246
1923247
1923248
1923249
1923250
1923251
1923252
1923253
1923254
1923255
1923256
1923257
1923258
1923259
1923260
1923261
1923262
1923263
1923264
1923265
1923266
1923267
1923268
1923269
1923270
1923271
1923272
1923273
1923274
1923275
1923276
1923277
1923278
1923279
1923280
1923281
1923282
1923283
1923284
1923285
1923286
1923287
1923288
1923289
1923290
1923291
1923292
1923293
1923294
1923295
1923296
1923297
1923298
1923300
1923301
1923303
1923304
1923305
1923306
1923307
1923308
1923309
1923310
1923312
1923313
1923314
1923316
1923318
1923319
1923320
1923321
1923322
1923323
1923324
1923326
1923327
1923328
1923329
1923330
1923331
1923332
1923333
1923334
1923335
1923336
1923337
1923338
1923339
1923340
1923341
1923342
1923343
1923344
1923345
1923346
1923347
1923348
1923349
1923350
1923354
1923355
1923356
1923357
1923358
1923359
1923360
1923361
1923362
1923363
1923364
1923365
1923366
1923367
1923368
1923369
1923370
1923371
1923372
1923373
1923374
1923375
1923376
1923377
1923378
1923379
1923380
1923381
1923382
1923383
1923384
1923385
1923386
1923387
1923388
1923390
1923391
1923392
1923393
1923394
1923395
1923396
1923397
1923398
1923399
1923400
1923401
1923402
1923403
1923404
1923405
1923406
1923407
1923408
1923409
1923410
1923411
1923412
1923413
1923414
1923415
1923416
1923417
1923418
1923419
1923420
1923421
1923422
1923423
1923424
1923425
1923426
1923427
1923428
1923429
1923430
1923431
1923432
1923433
1923434
1923435
1923436
1923437
1923438
1923439
1923440
1923441
1923442
1923443
1923444
1923445
1923446
1923447
1923448
1923449
1923450
1923451
1923452
1923453
1923454
1923455
1923456
1923457
1923458
1923459
1923460
1923461
1923462
1923463
1923464
1923465
1923466
1923467
1923468
1923469
1923470
1923471
1923472
1923473
1923474
1923475
1923476
1923477
1923478
1923479
1923480
1923481
1923482
1923483
1923484
1923485
1923486
1923487
1923488
1923489
1923490
1923491
1923492
1923493
1923494
1923495
1923496
1923497
1923498
1923499
1923500
1923502
1923503
1923504
1923505
1923506
1923510
1923511
1923512
1923513
1923514
1923515
1923516
1923517
1923518
1923519
1923521
1923522
1923523
1923524
1923525
1923526
1923528
1923529
1923530
1923531
1923532
1923533
1923535
1923536
1923537
1923538
1923539
1923540
1923541
1923542
1923543
1923544
1923545
1923546
1923549
1923550
1923551
1923552
1923553
1923554
1923555
1923556
1923557
1923558
1923559
1923560
1923561
1923562
1923563
1923564
1923565
1923566
1923567
1923568
1923569
1923570
1923571
1923572
1923573
1923574
1923575
1923576
1923577
1923578
1923579
1923580
1923581
1923582
1923583
1923584
1923585
1923586
1923587
1923588
1923589
1923590
1923591
1923592
1923593
1923594
1923595
1923596
1923597
1923598
1923599
1923600
1923601
1923602
1923603
1923604
1923605
1923606
1923607
1923608
1923609
1923610
1923611
1923612
1923613
1923614
1923615
1923616
1923617
1923618
1923619
1923620
1923621
1923622
1923623
1923624
1923625
1923626
1923627
1923628
1923629
1923630
1923631
1923632
1923633
1923634
1923635
1923636
1923637
1923638
1923639
1923640
1923642
1923643
1923644
1923645
1923646
1923647
1923648
1923649
1923650
1923651
1923652
1923653
1923654
1923655
1923656
1923657
1923658
1923659
1923660
1923661
1923662
1923663
1923664
1923665
1923666
1923667
1923668
1923669
1923670
1923671
1923672
1923673
1923674
1923675
1923676
1923677
1923678
1923679
1923680
1923681
1923682
1923683
1923684
1923685
1923687
1923688
1923689
1923690
1923691
1923692
1923693
1923694
1923695
1923696
1923697
1923698
1923699
1923700
1923701
1923702
1923703
1923704
1923705
1923706
1923707
1923708
1923709
1923710
1923711
1923712
1923713
1923714
1923715
1923716
1923717
1923718
1923719
1923720
1923721
1923722
1923723
1923724
1923725
1923726
1923727
1923728
1923729
1923730
1923731
1923732
1923733
1923734
1923735
1923736
1923737
1923738
1923739
1923740
1923741
1923742
1923743
1923744
1923745
1923746
1923747
1923748
1923749
1923750
1923751
1923752
1923753
1923754
1923755
1923756
1923757
1923758
1923759
1923760
1923761
1923762
1923763
1923764
1923765
1923766
1923767
1923768
1923769
1923770
1923771
1923772
1923773
1923774
1923775
1923776
1923777
1923778
1923779
1923780
1923781
1923830
1923881
1923882
1923889
1923890
1923891
1923892
1923893
1923894
1923895
1923896
1923916
1923919
1923922
1923925
1923930
1923933
1923936
1923939
1923942
1923945
1923948
1923949
1923950
1923955
1923963
1924072
1924351
1924352
1924353
1924355
1924356
1924358
1924360
1924361
1924362
1924363
1924364
1924365
1924366
1924367
1924368
1924370
1924371
1924373
1924374
1924375
1924378
1924379
1924381
1924384
1924396
1924400
1924403
1924404
1924406
1924422
1924423
1924426
1924459
1924547
1924548
1924549
1924550
1924551
1924729
1924730
1924731
1924732
1924733
1924734
1924749
1924751
1924761
1924806
1924989
1924991
1924997
1925019
1925152
1925153
1925162
1925168
1925170
1925178
1925182
1925185
1925190
1925195
1925204
1925208
1925214
1925216
1925222
1925225
1925228
1925230
1925237
1925297
1925497
1925501
1925556
1925563
1925570
1925745
1925775
1925776
1925777
1925778
1925779
1925780
1925781
1925782
1925802
1925803
1926117
1926498
1926500
1926501
1926502
1926503
1926504
1926511
1926594
1926633
1926644
1926943
1926964
1926967
1926968
1926969
1926996
1926997
1926998
1927013
1927014
1927015
1927016
1927017
1927018
1927019
1927020
1927021
1927022
1927023
1927024
1927025
1927026
1927027
1927028
1927029
1927030
1927143
1927714
1927717
1927799
1927813
1927814
1927815
1927831
1928005
1928199
1928200
1928223
1928232
1928239
1928251
1928256
1928290
1928296
1928305
1928307
1928310
1928311
1928314
1928320
1928323
1928330
1928336
1928383
1928413
1928414
1928424
1928427
1928428
1928429
1928434
1928451
1928454
1928456
1928457
1928458
1928461
1928464
1928465
1928466
1928473
1928480
1928621
1928627
1928629
1928632
1928633
1928634
1928636
1928638
1928710
1928761
1928932
1928949
1928970
1928981
1928985
1929001
1929004
1929006
1929023
1929029
1929049
1929054
1929055
1929057
1929058
1929059
1929060
1929063
1929066
1929068
1929069
1929073
1929074
1929111
1929112
1929115
1929150
1929152
1929162
1929313
1929425
1929427
1929428
1929429
1929430
1929432
1929433
1929434
1929435
1929436
1929904
1929905
1929941
1929950
1929963
1929964
1930080
1930083
1930255
1930257
1930261
1930263
1930269
1930298
1930302
1930304
1930430
1930436
1930485
1930506
1930507
1930508
1930509
1930510
1930605
1930638
1930821
1930823
1930825
1930920
1930921
1930960
1931095
1931096
1931111
1931113
1931245
1931247
1931249
1931250
1931255
1931257
1931262
1931264
1931268
1931272
1931293
1931294
1931295
1931296
1931297
1931298
1931299
1931300
1931302
1931303
1931304
1931308
1931309
1931310
1931311
1931313
1931314
1931316
1931320
1931321
1931322
1931323
1931324
1931326
1931331
1931333
1931334
1931335
1931336
1931356
1931369
1931370
1931371
1931407
1931448
1931495
1931553
1931581
1931582
1931599
1932006
1932007
1932118
1932361
1932362
1932363
1932465
1932477
1932482
1932488
1932492
1932510
1932516
1932523
1932528
1932529
1932533
1932537
1932547
1932548
1932554
1932556
1932557
1932562
1932571
1932572
1932713
1932718
1932810
1932815
1932821
1932826
1932828
1932829
1932832
1932834
1932840
1932843
1932863
1932880
1932881
1932882
1932883
1932885
1932886
1932889
1932890
1932891
1932892
1932893
1932894
1932895
1932896
1932897
1932899
1932901
1932903
1932904
1932905
1932906
1932907
1932909
1932910
1932911
1932912
1932923
1932924
1932926
1932927
1932931
1933062
1933063
1933093
1933103
1933104
1933107
1933108
1933110
1933111
1933112
1933113
1933114
1933115
1933176
1933178
1933180
1933181
1933185
1933189
1933190
1933191
1933245
1933257
1933263
1933412
1933689
1933693
1933695
1933770
1933771
1933772
1933773
1933774
1933901
1933916
1933917
1933918
1933919
1933920
1933921
1933932
1933938
1933969
1933984
1933993
1934040
1934252
1934258
1934260
1934261
1934262
1934263
1934264
1934265
1934266
1934267
1934268
1934271
1934272
1934273
1934274
1934275
1934277
1934279
1934280
1934283
1934284
1934285
1934286
1934287
1934288
1934289
1934290
1934291
1934292
1934293
1934294
1934295
1934297
1934298
1934301
1934303
1934304
1934305
1934322
1934411
1934413
1934414
1934418
1934424
1934428
1934429
1934798
1934805
1934809
1934827
1934829
1934838
1934843
1934846
1934859
1934869
1934876
1934883
1935387
1935440
1935470
1935472
1935473
1935474
1935475
1935476
1935477
1935478
1935479
1935480
1935481
1935482
1935483
1935484
1935486
1935491
1935497
1935498
1935500
1935501
1935504
1935505
1935507
1935508
1935922
1935957
1935966
1935970
1935973
1935977
1936072
1936209
1936211
1936213
1936214
1936269
1936792
1936793
1936794
1936797
1936800
1936809
1936811
1936812
1936815
1936817
1936840
1936855
1936857
1936864
1936869
1936878
1936890
1936891
1936896
1936909
1936916
1936917
1936921
1936944
1936948
1936955
1936956
1937205
1937206
1937207
1937209
1937210
1937211
1937213
1937214
1937230
1937250
1937251
1937255
1937256
1937258
1937261
1937264
1937267
1937269
1937275
1937280
1937288
1937290
1937296
1937310
1937311
1937318
1937326
1937329
1937335
1937337
1937340
1937341
1937343
1937348
1937349
1937356
1937357
1937358
1937375
1937376
1937378
1937380
1937384
1937385
1937789
1937817
1938392
1938563
1938564
1938566
1938570
1938571
1938575
1938577
1938623
1938656
1938657
1938698
1938699
1938700
1938701
1938702
1938705
1938707
1938918
1939253
1939289
1939315
1939366
1939452
1939592
1939595
1939599
1939600
1939619
1940149
1940186
1940191
1940193
1940194
1940199
1940200
1940252
1940321
1940323
1940324
1940325
1940329
1940330
1940331
1940333
1940334
1940343
1940344
1940345
1940351
1940353
1940373
1940378
1940388
1940555
1940570
1940839
1941233
1941234
1941235
1941236
1941237
1941238
1941239
1941417
1941434
1941435
1941436
1941437
1943501
1943508
1943514
1943516
1943517
1943519
1943520
1943562
1943563
1943564
1943585
1943586
1943587
1943588
1943589
1943590
1943592
1943593
1943596
1943597
1943598
1943602
1943603
1943604
1943606
1943607
1943608
1943609
1943610
1943611
1943612
1943613
1943615
1943617
1943620
1943621
1943622
1943623
1943624
1943647
1943648
1943649
1943652
1943653
1943656
1943657
1943658
1943659
1943662
1943680
1943681
1943682
1943683
1943684
1943685
1943686
1945522
1945523
1945524
1945560
1945561
1945562
1945563
1945565
1945575
1945582
1945583
1945584
1945585
1945586
1945587
1945588
1945589
1945738
1945739
1945740
1945741
1945742
1945743
1945744
1945745
1945746
1945747
1945748
1945749
1945750
1945751
1945752
1945753
1945774
1945850
1948917
1948932
1948933
1948951
1948957
1948960
1948968
1948977
1948979
1948980
1948988
1949001
1949002
1949014
1949015
1949022
1949030
1949037
1949038
1949040
1949041
1949043
1949044
1949045
1949047
1949196
1949197
1949198
1949199
1949201
1950126
1954144
1954145
1954148
1954149
1954153
1954154
1954155
1954156
1954157
1954158
1954159
1954160
1954184
1954186
1954199
1954225
1954226
1954248
1954355
1954378
1954379
1954380
1954826
1954912
1954915
1954921
1954968
1954969
1954970
1954971
1954972
1954974
1954975
1954976
1954977
1954978
1954979
1954980
1954981
1954982
1954983
1954986
1954987
1954988
1954989
1954992
1954993
1954994
1954995
1954996
1954999
1955001
1955003
1955054
1955137
1955138
1955139
1955141
1955142
1955143
1955144
1955145
1955146
1955153
1955154
1955157
1955163
1955164
1955165
1955166
1955168
1955169
1955170
1955171
1955172
1955175
1955176
1955180
1955181
1955196
1955198
1955199
1955235
1955242
1955288
1955289
1955290
1955292
1955294
1955295
1955296
1955302
1955304
1955308
1955309
1955315
1955318
1955319
1955337
1955394
1955423
1955424
1955425
1955426
1955493
1955495
1955558
1955560
1955721
1955730
1955785
1955786
1955787
1955804
1956176
1956177
1956188
1958732
1958733
1958734
1958774
1958776
1958777
1958778
1958779
1958782
1958783
1958784
1958785
1958786
1958807
1958808
1958810
1958907
1958911
1958912
1958913
1958914
1958916
1958917
1958918
1958919
1958921
1958922
1958956
1958957
1958964
1958965
1958978
1959007
1959008
1959009
1959109
1959110
1959111
1959112
1959113
1959114
1959115
1959116
1959117
1959118
1959119
1959120
1959121
1959122
1959123
1959124
1959125
1959126
1959127
1959128
1959129
1959130
1959287
1959342
1959484
1959736
1959737
1959739
1959740
1959744
1959762
1959843
1959845
1959846
1959848
1959929
1959930
1959933
1959944
1959953
1959963
1959967
1959969
1959970
1959973
1959995
1959998
1959999
1960000
1960001
1960002
1960003
1960004
1960005
1960006
1960007
1960008
1960009
1960012
1960014
1960016
1960017
1960018
1960019
1960020
1960021
1960022
1960024
1960025
1960026
1960046
1960106
1960107
1960108
1960109
1960110
1960111
1960157
1960206
1960247
1960249
1960250
1960251
1960252
1960253
1960254
1960255
1960312
1960315
1960318
1960320
1960349
1960354
1960355
1960365
1960366
1960367
1960377
1960393
1960394
1960396
1960405
1960408
1960411
1960413
1960420
1960431
1960433
1960435
1960441
1960444
1960452
1960459
1960473
1960475
1960477
1960479
1960480
1960484
1960490
1960494
1960495
1960496
1960498
1960501
1960510
1960513
1960518
1960526
1960535
1960537
1960538
1960541
1960545
1960549
1960557
1960561
1960564
1960566
1960570
1960654
1960655
1960656
1960657
1960658
1960659
1960660
1960710
1960886
1960887
1960921
1960924
1960925
1960926
1960927
1960928
1960929
1960930
1960931
1960937
1960938
1960939
1960971
1960972
1960973
1960974
1960975
1960977
1960978
1960980
1960981
1960983
1960985
1960987
1960988
1960989
1960992
1960993
1960997
1960999
1961001
1961002
1961003
1961004
1961005
1961006
1961007
1961008
1961010
1961011
1961012
1961013
1961014
1961017
1961018
1961019
1961020
1961021
1961022
1961023
1961024
1961025
1961026
1961027
1961028
1961031
1961032
1961034
1961035
1961036
1961041
1961042
1961043
1961045
1961049
1961051
1961053
1961056
1961057
1961058
1961060
1961061
1961063
1961064
1961065
1961066
1961067
1961068
1961072
1961155
1961162
1961573
1961574
1961575
1961576
1961577
1961648
1961650
1961653
1961656
1961659
1961660
1961661
1961662
1961663
1961664
1961665
1961666
1961678
1961679
1961680
1961681
1961682
1961683
1961719
1961720
1961721
1961723
1961725
1961726
1961728
1961729
1961730
1961731
1961733
1961734
1961736
1961741
1961742
1961743
1961744
1961745
1961746
1961748
1961750
1961755
1961757
1961758
1961764
1961765
1961766
1961768
1961769
1961771
1961772
1961773
1961774
1961775
1961776
1961778
1961782
1961783
1961784
1961785
1961786
1961787
1961797
1961914
1961924
1961929
1961935
1961936
1961940
1961950
1961962
1961968
1961969
1961971
1961972
1961974
1961984
1961991
1961999
1962000
1962010
1962014
1962019
1962020
1962024
1962027
1962028
1962029
1962030
1962037
1962046
1962051
1962052
1962072
1962073
1962074
1962075
1962076
1962077
1962078
1962081
1962083
1962084
1962085
1962086
1962087
1962088
1962089
1962090
1962091
1962092
1962093
1962094
1962095
1962096
1962097
1962098
1962099
1962102
1962105
1962107
1962109
1962110
1962117
1962122
1962123
1962124
1962126
1962168
1962169
1962251
1962254
1962258
1962299
1962300
1962301
1962302
1962356
1962357
1962365
1962372
1962375
1962387
1962390
1962393
1962394
1962447
1962501
1962503
1962671
1962672
1962679
1962726
1962727
1962982
1963222
1963223
1963224
1963225
1963226
1963227
1963228
1963229
1963230
1963231
1963233
1963234
1963235
1963236
1963247
1963252
1963253
1963254
1963256
1963260
1963756
1963764
1963767
1963768
1963769
1963770
1963771
1963793
1964229
1964246
1964370
1964371
1964372
1964420
1964425
1964430
1964552
1964556
1964557
1964558
1964565
1964630
1964631
1964641
1964647
1964653
1964655
1964657
1964658
1964660
1964665
1964669
1964674
1964678
1964682
1964686
1964690
1964691
1964698
1964701
1964703
1964705
1964713
1964714
1964727
1964739
1964740
1964745
1964753
1964754
1964755
1964761
1964767
1964769
1964771
1964774
1964790
1964800
1964806
1964807
1964815
1964816
1964817
1964818
1964819
1964820
1964821
1964822
1964823
1965013
1965014
1965015
1965018
1965063
1965064
1965065
1965066
1965067
1965068
1965074
1965089
1965093
1965225
1965238
1965269
1965306
1965344
1965354
1965355
1965361
1965363
1965365
1965366
1965367
1965368
1965369
1965372
1965374
1965375
1965376
1965377
1965378
1965379
1965380
1965382
1965383
1965384
1965385
1965386
1965451
1965452
1965454
1965455
1965456
1965457
1965464
1965465
1965472
1965473
1965474
1965475
1965476
1965482
1965483
1965484
1965485
1965486
1965487
1965488
1965489
1965490
1965491
1965492
1965494
1965532
1965533
1965534
1965535
1965536
1966265
1966685
1967293
1967296
1967324
1967326
1967327
1967331
1967472
1967841
1968210
1968220
1968222
1968226
1968227
1968228
1968231
1968232
1968235
1968239
1968242
1968243
1968247
1968248
1968251
1968252
1968300
1968301
1968303
1968304
1968305
1968306
1968307
1968310
1968312
1968313
1968316
1968318
1968319
1968320
1968321
1968322
1968323
1968324
1968325
1968326
1968328
1968329
1968332
1968334
1968336
1968338
1968340
1968762
1968777
1968805
1968806
1968807
1968809
1968810
1968812
1968813
1968816
1968818
1968821
1968822
1968861
1968887
1969113
1969351
1969397
1969398
1969399
1969400
1969401
1969602
1969700
1969741
1969830
1969831
1969841
1969860
1969862
1969864
1969867
1969869
1969872
1969881
1969884
1969886
1969889
1969891
1969892
1969907
1969908
1969910
1969914
1969991
1970087
1970160
1970162
1970163
1970164
1970165
1970166
1970167
1970168
1970169
1970170
1970171
1970173
1970174
1970176
1970177
1970178
1970179
1970180
1970181
1970182
1970186
1970374
1970744
1970745
1970746
1970747
1970776
1970788
1970789
1970794
1970795
1970797
1970798
1970799
1970800
1970911
1970913
1970914
1971232
1971233
1971235
1971236
1971237
1971396
1971410
1971411
1971412
1971413
1971414
1971415
1971416
1971417
1971418
1971419
1971420
1971421
1971422
1971423
1971424
1971425
1971426
1971427
1971429
1971430
1971431
1971432
1971433
1971434
1971435
1971436
1971437
1971438
1971439
1971440
1971441
1971442
1971443
1971444
1971445
1971446
1971447
1971448
1971449
1971450
1971505
1971506
1971507
1971508
1971521
1971525
1971528
1971530
1971531
1971532
1971534
1971535
1971538
1971540
1971541
1971543
1971544
1971546
1971547
1971549
1971550
1971552
1971553
1971554
1971555
1971556
1971561
1971569
1971573
1971575
1971580
1971581
1971588
1972072
1972076
1972079
1972096
1972097
1972099
1972101
1972111
1972112
1972114
1972115
1972121
1972123
1972124
1972125
1972199
1972265
1972268
1972277
1972294
1972298
1972304
1972312
1972314
1972318
1972321
1972330
1972336
1972338
1972342
1972348
1972356
1972360
1972361
1972363
1972381
1972386
1972564
1972565
1972566
1972567
1972568
1972569
1972570
1972571
1972572
1972573
1972574
1972575
1972576
1972577
1972578
1972579
1972580
1972581
1972584
1972586
1972587
1972588
1972589
1972592
1972593
1972594
1972595
1972596
1972597
1972611
1972612
1972613
1972614
1972615
1972616
1972617
1972618
1972619
1972620
1972621
1972622
1972623
1972624
1972625
1972626
1972637
1972639
1972682
1972683
1972684
1972686
1972687
1972691
1972696
1972700
1972716
1972755
1972960
1972962
1972966
1972970
1972971
1972972
1972973
1972974
1972975
1972976
1972979
1972980
1972981
1972982
1972984
1972985
1972986
1972987
1972988
1972989
1972990
1972994
1972995
1973099
1973200
1973201
1973203
1973204
1973205
1973206
1973209
1973265
1973443
1973444
1973445
1973447
1973452
1973453
1973454
1973734
1973758
1973762
1973769
1973770
1973772
1973775
1973779
1973801
1973810
1973812
1973814
1973828
1973829
1973833
1973840
1973842
1973843
1973857
1973862
1973863
1973865
1973866
1973868
1973870
1973875
1974168
1974169
1974422
1974423
1974596
1975614
1975687
1975688
1975689
1975690
1975691
1975693
1975696
1975733
1977074
1977075
1977105
1977139
1977140
1977141
1977142
1977143
1977144
1977295
1977297
1977298
1977299
1977304
1977306
1977307
1977392
1977402
1977403
1977408
1977410
1977411
1977412
1977630
1977631
1977632
1977633
1977635
1977636
1977638
1977639
1977640
1977642
1977643
1977644
1977657
1977661
1977675
1977681
1977698
1977700
1977702
1977712
1977723
1977751
1977758
1977761
1977790
1977792
1977801
1977802
1977803
1977806
1977816
1977817
1977818
1977995
1977996
1977997
1977998
1977999
1978000
1978001
1978007
1978008
1978009
1978010
1978011
1978012
1978308
1978413
1978532
1978533
1978534
1978535
1978536
1978537
1978538
1978539
1978540
1978541
1978542
1978543
1978544
1978545
1978546
1978568
1978569
1978570
1978574
1978576
1978581
1978590
1978593
1978594
1978596
1978597
1978605
1978608
1978611
1978613
1978615
1978617
1978618
1978619
1978622
1978627
1978631
1978632
1978633
1978636
1978653
1978662
1978663
1978665
1978667
1978668
1978676
1978682
1978683
1978684
1978685
1978686
1978692
1978694
1978697
1978698
1978700
1978702
1978706
1978707
1978709
1978710
1978713
1978716
1978717
1978721
1978723
1978724
1978726
1978731
1978732
1978736
1978737
1978738
1978744
1978749
1978752
1978753
1978754
1978756
1978758
1978920
1978922
1978932
1978944
1978945
1978949
1978950
1978959
1978963
1978970
1978972
1978976
1978977
1978979
1978981
1978987
1978991
1979005
1979021
1979023
1979026
1979030
1979035
1979036
1979037
1979048
1979049
1979052
1979055
1979058
1979061
1979069
1979078
1979080
1979083
1979084
1979094
1979098
1979102
1979103
1979104
1979108
1979110
1979113
1979114
1979117
1979124
1979125
1979336
1979540
1979541
1979542
1979749
1979751
1979752
1979753
1979755
1979813
1979820
1979848
1979849
1980075
1980076
1980139
1980140
1980160
1980163
1980164
1980165
1980166
1980167
1980173
1980174
1980331
1980335
1980348
1980353
1980357
1980366
1980370
1980378
1980383
1980384
1980385
1980410
1980412
1980413
1980415
1980416
1980417
1980418
1980419
1980420
1980421
1980425
1980426
1980427
1980428
1980429
1980430
1980431
1980432
1980433
1980442
1980455
1980456
1980457
1980458
1980493
1980517
1980533
1980538
1980540
1980541
1980611
1980613
1980624
1980625
1980627
1980628
1980631
1980632
1980633
1980772
1980773
1980776
1980780
1980783
1980787
1980791
1980794
1980799
1980801
1980803
1980804
1980806
1980808
1980812
1980846
1980848
1980850
1980915
1980916
1980917
1980918
1980921
1980922
1980923
1980924
1980925
1980926
1980928
1980929
1980930
1980931
1980936
1980937
1980938
1980941
1980942
1980943
1980944
1980945
1980946
1980947
1980948
1980949
1980950
1980951
1980955
1980956
1980957
1980958
1980959
1980960
1980961
1980962
1980964
1980966
1980986
1981020
1981022
1981023
1981024
1981026
1981027
1981032
1981041
1981042
1981043
1981047
1981048
1981049
1981097
1981103
1981106
1981116
1981119
1981120
1981153
1981156
1981157
1981158
1981159
1981160
1981161
1981162
1981163
1981164
1981165
1981166
1981167
1981168
1981169
1981170
1981333
1981499
1981500
1981514
1981552
1981553
1981621
1981623
1981627
1981628
1981796
1981797
1981802
1981808
1981811
1981813
1981818
1981820
1981916
1981931
1981932
1981933
1981970
1982076
1982077
1982078
1982079
1982080
1982081
1982082
1982083
1982084
1982085
1982086
1982087
1982088
1982089
1982090
1982091
1982092
1982093
1982095
1982096
1982097
1982098
1982099
1982100
1982101
1982102
1982104
1982105
1982106
1982107
1982108
1982109
1982111
1982112
1982113
1982148
1982150
1982151
1982152
1982153
1982154
1982218
1982219
1982220
1982221
1982222
1982225
1982227
1982228
1982229
1982236
1982237
1982238
1982239
1982240
1982241
1982244
1982245
1982246
1982247
1982248
1982251
1982252
1982253
1982254
1982255
1982256
1982257
1982258
1982259
1982260
1982261
1982262
1982263
1982264
1982265
1982266
1982267
1982268
1982269
1982270
1982271
1982272
1982273
1982274
1982275
1982276
1982277
1982278
1982279
1982280
1982281
1982282
1982283
1982284
1982285
1982286
1982287
1982288
1982290
1982291
1982292
1982293
1982294
1982295
1982297
1982298
1982300
1982301
1982302
1982303
1982304
1982305
1982306
1982307
1982308
1982355
1982357
1982358
1982359
1982360
1982363
1982364
1982365
1982367
1982368
1982369
1982370
1982371
1982372
1982373
1982374
1982375
1982376
1982377
1982378
1982379
1982380
1982381
1982530
1982531
1982532
1982534
1982536
1982537
1982542
1982543
1982544
1982545
1982554
1982555
1982556
1982557
1982558
1982559
1982560
1982561
1982562
1982563
1982564
1982565
1982566
1982567
1982569
1982570
1982571
1982573
1982574
1982575
1982576
1982577
1982578
1982579
1982580
1982581
1982583
1982584
1982585
1982587
1982588
1982590
1982591
1982592
1982594
1982595
1982596
1982643
1982658
1982660
1982675
1982714
1982715
1982717
1982719
1982723
1982727
1982728
1982742
1982744
1982745
1982746
1982747
1982748
1982749
1982750
1982751
1982874
1982875
1982876
1982877
1982878
1982879
1982880
1982881
1982882
1982883
1982884
1982885
1982886
1982887
1982888
1982889
1982890
1982891
1982892
1982893
1982894
1982895
1982897
1982898
1982899
1982900
1982901
1982902
1982903
1982904
1982905
1982916
1982917
1982918
1982926
1982927
1982928
1982929
1983106
1983107
1983108
1983109
1983110
1983116
1983117
1983118
1983119
1983120
1983221
1983222
1983223
1983225
1983228
1983229
1983230
1983231
1983235
1983236
1983237
1983241
1983246
1983247
1983248
1983249
1983308
1983310
1983312
1983314
1983317
1983318
1983319
1983408
1983409
1983413
1983447
1983459
1983461
1983463
1983465
1983525
1983535
1983536
1983539
1983541
1983543
1983544
1983545
1983546
1983547
1983550
1983551
1983552
1983553
1983554
1983555
1983556
1983557
1983560
1983561
1983562
1983563
1983564
1983565
1983566
1983567
1983568
1983569
1983570
1983571
1983572
1983573
1983575
1983576
1983577
1983578
1983579
1983581
1983582
1983588
1983594
1983596
1983598
1983599
1983603
1983605
1983606
1983607
1983610
1983612
1983613
1983614
1983615
1983616
1983620
1983621
1983655
1983656
1983734
1983735
1983736
1983737
1983738
1983739
1983740
1983741
1983742
1983744
1983750
1983751
1983763
1983764
1983771
1983777
1983779
1983780
1983783
1983784
1983789
1984749
1984752
1984773
1984774
1984775
1984776
1984777
1984778
1984779
1984780
1984781
1984783
1984784
1984785
1984786
1984787
1984788
1984789
1984790
1984796
1984798
1984799
1984800
1984857
1984858
1984891
1984897
1984899
1984908
1984909
1984911
1984913
1984915
1984916
1984918
1984922
1984926
1984936
1984937
1984943
1984963
1984966
1984967
1984968
1984971
1984974
1984976
1984984
1984990
1984993
1984997
1984998
1985002
1985008
1985011
1985016
1985017
1985019
1985020
1985021
1985022
1985025
1985026
1985027
1985030
1985037
1985038
1985042
1985047
1985050
1985051
1985057
1985059
1985080
1985085
1985088
1985089
1985096
1985097
1985159
1985162
1985163
1985164
1985175
1985176
1985177
1985178
1985179
1985180
1985181
1985182
1985183
1985188
1985202
1985276
1985277
1985284
1985285
1985290
1985291
1985292
1985293
1985303
1985304
1985305
1985306
1985307
1985308
1985309
1985310
1985325
1985326
1985327
1985328
1985329
1985336
1985337
1985338
1985339
1985340
1985341
1985342
1985353
1985354
1985365
1985366
1985367
1985368
1985369
1985370
1985371
1985372
1985373
1985374
1985375
1985376
1985377
1985378
1985379
1985380
1985381
1985382
1985383
1985384
1985385
1985386
1985387
1985388
1985389
1985390
1985391
1985392
1985393
1985394
1985395
1985396
1985397
1985398
1985399
1985400
1985402
1985403
1985404
1985405
1985406
1985407
1985408
1985409
1985410
1985411
1985412
1985413
1985415
1985416
1985417
1985418
1985419
1985420
1985421
1985425
1985426
1985427
1985428
1985429
1985674
1985687
1985688
1985689
1985690
1985691
1985692
1985693
1985694
1985695
1985696
1985697
1985698
1985699
1985702
1985703
1985704
1985706
1985708
1985709
1985710
1985711
1985712
1985713
1985714
1985715
1985716
1985717
1985718
1985720
1985722
1985723
1985724
1985725
1985726
1985727
1985729
1985730
1985731
1985732
1985733
1985734
1985735
1985736
1985737
1985738
1985739
1985740
1985760
1985763
1985765
1985767
1985768
1985769
1985772
1985773
1985775
1985776
1985777
1985781
1985782
1985783
1985784
1985785
1985786
1985787
1985788
1985791
1985793
1985798
1985799
1985800
1985802
1985807
1985811
1985812
1985824
1985833
1985845
1985846
1985847
1985848
1985968
1985982
1985983
1986015
1986017
1986018
1986019
1986020
1986021
1986022
1986023
1986024
1986027
1986029
1986030
1986031
1986032
1986033
1986034
1986112
1986113
1986118
1986190
1986191
1986195
1986196
1986197
1986198
1986289
1986290
1986291
1986350
1986399
1986415
1986416
1986418
1986419
1986477
1986478
1986479
1986491
1986505
1986506
1986538
1986540
1986950
1986951
1986958
1986959
1986960
1986961
1986975
1987013
1987017
1987018
1987019
1987020
1987021
1987074
1987075
1987076
1987077
1987085
1987092
1987093
1987096
1987101
1987102
1987103
1987104
1987105
1987106
1987107
1987108
1987123
1987124
1987125
1987126
1987127
1987128
1987129
1987130
1987139
1987140
1987141
1987142
1987143
1987144
1987145
1987146
1987148
1987149
1987150
1987152
1987153
1987154
1987155
1987156
1987157
1987158
1987159
1987170
1987173
1987174
1987175
1987179
1987184
1987185
1987187
1987191
1987194
1987197
1987199
1987200
1987203
1987204
1987211
1987212
1987213
1987216
1987220
1987221
1987223
1987225
1987226
1987230
1987231
1987234
1987236
1987239
1987240
1987242
1987243
1987246
1987248
1987255
1987256
1987260
1987261
1987267
1987268
1987274
1987277
1987282
1987284
1987286
1987293
1987295
1987297
1987300
1987303
1987307
1987315
1987316
1987322
1987331
1987332
1987333
1987334
1987346
1987351
1987352
1987353
1987359
1987360
1987403
1987404
1987405
1987408
1987410
1987412
1987413
1987414
1987417
1987419
1987423
1987424
1987425
1987426
1987428
1987430
1987433
1987434
1987438
1987439
1987440
1987441
1987442
1987445
1987448
1987449
1987450
1987451
1987452
1987455
1987456
1987458
1987459
1987463
1987464
1987466
1987467
1987468
1987470
1987472
1987473
1987474
1987478
1987479
1987508
1987509
1987727
1987728
1987729
1987730
1987731
1987732
1987733
1987734
1987735
1987736
1987737
1987738
1987739
1987740
1987741
1987742
1987744
1987745
1987938
1987940
1987942
1987987
1987988
1987989
1987993
1987994
1988039
1993557
1993558
1993559
1993560
1993564
1993565
1993566
1993576
1993582
1993584
1993630
1993631
1993638
1993639
1993640
1993641
1993643
1993647
1993649
1993650
1993858
1993859
1993860
1993861
1993862
1993863
1993864
1993865
1993867
1993871
1993872
1993873
1993876
1993879
1993880
1993882
1993883
1993884
1993885
1993886
1993887
1993888
1993889
1993907
2002795
2002796
2002797
2002798
2002817
2002818
2002982
2002987
2002988
2002993
2002997
2003002
2003005
2003006
2003007
2003008
2003009
2003011
2003013
2003024
2003026
2003032
2003035
2003039
2003040
2003043
2003045
2003046
2003047
2003048
2003049
2003051
2003057
2003058
2003059
2003061
2003064
2003068
2003071
2003072
2003083
2003087
2003089
2003095
2003103
2003105
2003301
2003307
2003308
2003309
2003310
2003311
2003312
2003313
2003327
2003328
2003329
2003390
2003391
2003394
2003395
2003398
2003400
2003403
2003498
2003499
2003500
2003502
2003503
2003504
2003505
2003506
2003507
2003578
2003649
2003650
2003651
2003652
2003672
2003673
2003680
2003759
2003760
2003762
2003764
2003765
2003767
2003773
2003774
2003776
2003777
2003779
2003780
2003781
2004066
2004067
2004068
2004069
2004070
2004072
2004073
2004074
2004075
2004077
2004078
2004090
2004094
2004104
2004107
2004109
2004119
2004123
2004140
2004151
2004154
2004156
2004162
2004165
2004166
2004167
2004170
2004173
2004174
2004186
2004188
2004192
2004202
2004211
2004221
2004225
2004250
2004268
2004280
2004281
2004282
2004283
2004284
2004286
2004289
2004291
2004292
2004293
2004294
2004296
2004297
2004300
2004301
2004302
2004303
2004305
2004306
2004308
2004310
2004311
2004312
2004313
2004314
2004315
2004316
2004318
2004321
2004323
2004325
2004330
2004331
2004332
2004335
2004336
2004337
2004338
2004343
2004344
2004348
2004353
2004355
2004357
2004358
2004360
2004361
2004362
2004363
2004367
2004368
2004369
2004370
2004373
2004376
2004378
2004383
2004388
2004390
2004415
2004457
2004460
2004486
2004487
2004601
2004609
2004610
2004611
2004612
2004613
2004617
2004619
2004622
2004627
2004628
2004629
2004630
2004633
2004634
2004636
2004637
2004707
2004714
2004715
2004904
2004950
2004957
2004960
2004961
2004962
2004963
2004964
2004965
2004966
2004967
2004968
2005044
2005047
2005048
2005054
2005055
2005059
2005060
2005183
2005184
2005188
2005189
2005218
2005269
2005281
2005285
2005287
2005288
2005297
2005322
2005330
2005413
2005426
2005431
2005433
2005441
2005442
2005444
2005445
2005505
2005506
2005509
2005622
2005623
2005624
2005626
2005628
2005630
2005631
2005637
2005640
2005643
2005646
2005647
2005649
2005650
2005655
2005656
2005659
2005660
2005661
2005662
2005663
2005691
2005692
2005693
2005694
2005695
2005696
2005697
2005698
2005699
2005700
2005701
2005702
2005789
2005961
2005963
2005991
2006022
2006066
2006072
2006073
2006074
2006126
2006133
2006134
2006135
2006136
2006137
2006138
2006139
2006145
2006147
2006148
2006158
2006169
2006170
2006171
2006172
2006173
2006174
2006175
2006177
2006178
2006179
2006180
2006394
2006397
2006402
2006403
2006407
2006408
2006409
2006411
2006412
2006414
2006415
2006416
2006417
2006419
2006421
2006423
2006425
2006428
2006431
2006433
2006434
2006435
2006438
2006441
2006442
2006445
2006446
2006447
2006449
2006453
2006454
2006455
2006457
2006459
2006460
2006461
2006463
2006464
2006466
2006467
2006468
2006472
2006473
2006474
2006476
2006479
2006480
2006481
2006482
2006483
2006484
2006485
2006486
2006492
2006493
2006494
2006498
2006585
2006642
2006668
2006671
2006684
2006921
2006922
2006923
2006925
2006926
2006928
2006930
2006938
2006940
2006941
2006942
2007183
2007184
2007347
2007348
2007351
2007354
2007356
2007363
2007485
2007583
2007603
2007696
2007704
2007799
2007800
2007810
2007815
2007836
2007888
2007950
2007954
2007993
2007995
2008025
2008046
2008151
2008152
2008158
2008173
2008182
2008183
2008189
2008190
2008191
2008196
2008203
2008207
2008223
2008226
2008228
2008229
2008230
2008233
2008235
2008244
2008246
2008248
2008253
2008255
2008258
2008260
2008261
2008262
2008268
2008269
2008271
2008295
2008304
2008313
2008317
2008320
2008368
2008561
2008562
2008563
2008566
2008567
2008568
2008614
2009199
2009207
2009208
2009210
2009212
2009213
2009215
2009216
2009218
2009219
2009220
2009221
2009226
2009227
2009230
2009233
2009238
2009239
2009242
2009247
2009251
2009258
2009260
2010222
2010246
2010248
2010263
2010265
2010266
2010267
2010268
2010269
2010270
2010271
2010272
2010273
2010274
2010275
2010276
2010277
2010278
2010279
2010280
2010281
2010282
2010283
2010284
2010285
2010286
2010314
2010316
2010317
2010319
2010320
2010321
2010322
2010323
2010326
2010327
2010329
2010331
2010332
2010835
2010837
2010838
2010840
2010841
2010870
2010873
2010874
2010875
2010960
2011035
2011049
2011056
2011060
2011062
2011069
2011073
2011074
2011075
2011076
2011077
2011078
2011079
2011080
2011081
2011082
2011083
2011087
2011088
2011110
2011112
2011113
2011118
2011120
2011125
2012467
2012469
2012470
2012619
2012620
2012639
2012640
2012676
2012677
2012824
2012826
2012827
2012828
2012829
2012831
2012839
2012847
2012856
2012857
2013019
2013043
2013044
2013045
2013046
2013051
2013054
2013056
2013057
2013564
2013907
2013959
2013968
2014179
2014183
2014184
2014192
2014193
2014197
2014199
2014201
2014202
2014204
2014206
2014207
2014214
2014216
2014218
2014221
2014227
2014230
2014338
2014339
2014344
2014349
2014350
2014413
2014414
2014427
2014428
2014434
2014442
2014500
2014565
2014566
2014567
2014570
2014571
2014572
2014573
2014585
2014586
2014587
2014588
2014591
2014592
2014593
2014603
2014604
2014663
2014664
2014665
2014666
2014667
2014739
2014917
2014919
2014931
2014960
2015054
2015057
2015058
2015059
2015060
2015061
2015063
2015130
2015194
2015196
2015197
2015198
2015199
2015200
2015201
2015202
2015215
2015235
2015251
2015252
2015254
2015258
2015259
2015370
2015372
2015374
2015376
2015379
2015440
2015441
2015550
2015551
2015591
2015803
2015804
2015805
2015806
2015807
2015808
2015809
2015810
2015811
2015812
2015814
2015815
2015816
2015817
2015818
2015819
2015820
2015821
2015823
2015824
2015825
2015827
2015828
2015829
2015831
2015833
2015834
2015835
2015836
2015837
2015838
2015839
2015840
2015841
2015842
2015843
2015844
2015845
2015848
2015850
2015853
2015855
2015856
2015857
2015859
2015860
2015861
2015864
2015865
2015866
2015868
2015869
2015870
2015871
2015872
2015873
2015874
2015875
2015876
2015877
2015878
2015879
2015881
2015882
2015883
2015885
2015886
2015888
2015889
2015890
2015891
2016020
2016021
2016022
2016023
2016024
2016025
2016026
2016027
2016028
2016034
2016035
2016049
2016050
2016052
2016053
2016071
2016072
2016073
2016074
2016075
2016076
2016077
2016078
2016079
2016227
2016231
2016236
2016238
2016239
2016289
2016290
2016291
2016292
2016297
2016298
2016302
2016398
2016399
2016400
2016402
2016426
2016447
2016448
2016449
2016450
2016451
2016452
2016453
2016454
2016455
2016456
2016457
2016458
2016459
2016460
2016461
2016462
2016463
2016467
2017080
2017081
2017082
2017083
2017580
2017603
2017605
2017606
2017697
2017698
2017699
2017702
2017703
2017704
2017705
2017706
2017709
2017710
2017711
2017712
2017714
2017716
2017717
2017720
2017721
2017722
2017723
2017724
2017756
2017757
2017802
2017803
2017807
2017809
2017811
2017815
2017824
2017825
2017827
2017833
2017835
2017838
2017841
2017848
2017849
2017850
2017868
2017870
2017871
2017877
2017883
2017884
2017893
2017896
2017897
2017901
2017906
2017907
2017909
2017911
2017912
2017913
2017916
2017919
2017920
2017921
2017933
2017934
2017936
2017938
2017939
2017941
2018029
2018097
2018098
2018099
2018101
2018102
2018103
2018104
2018107
2018109
2018116
2018123
2018144
2018186
2018207
2018220
2018228
2018264
2018266
2018268
2018270
2018273
2018276
2018277
2018281
2018283
2018284
2018287
2018289
2018290
2018293
2018295
2018297
2018301
2018310
2018311
2018312
2018313
2018471
2018499
2018500
2018501
2018502
2018503
2018513
2018683
2018685
2019386
2019387
2019393
2019394
2019395
2019396
2019400
2019401
2019403
2019405
2019406
2019407
2019408
2019409
2019445
2019555
2019558
2019562
2019573
2019582
2019584
2019590
2019604
2019607
2019609
2019610
2019614
2019616
2019617
2019633
2019635
2019638
2019641
2019642
2019643
2019648
2019650
2019656
2019657
2019660
2019661
2019673
2019675
2019678
2019682
2019684
2019686
2019696
2019697
2019700
2019702
2019703
2019704
2019705
2019708
2019711
2019718
2019719
2019723
2019724
2019730
2019731
2019732
2019735
2019740
2019745
2019750
2019754
2019755
2019756
2019757
2019760
2019762
2019763
2019766
2019769
2019774
2019775
2019778
2019781
2019782
2019784
2019786
2019789
2019793
2019794
2019812
2019814
2019815
2019817
2019820
2019824
2019825
2019826
2019827
2019831
2019834
2019835
2019836
2019838
2019840
2019844
2019845
2019846
2019847
2019849
2019850
2019851
2019852
2019855
2019857
2019859
2019862
2019865
2019866
2019870
2019871
2019872
2019873
2019874
2019880
2019882
2019889
2019891
2019892
2019894
2020251
2020261
2020285
2020286
2020287
2020413
2020416
2020418
2020419
2020420
2020423
2020507
2020879
2020880
2020956
2021212
2021315
2021317
2021320
2021321
2021417
2021652
2021666
2021667
2021721
2021738
2021839
2021840
2021842
2021848
2021849
2021851
2021859
2021863
2021864
2021865
2021866
2021867
2021868
2021869
2021870
2021871
2021872
2021874
2021875
2021876
2021877
2021878
2021879
2021880
2021881
2021883
2021884
2021885
2021886
2021887
2021888
2021889
2021890
2021891
2021892
2021893
2021894
2021895
2021896
2021897
2021898
2021899
2021900
2021901
2021902
2021903
2021904
2021905
2021906
2021907
2021908
2021909
2021910
2021911
2021912
2021913
2021914
2021915
2021916
2021917
2021918
2021920
2021921
2021922
2021923
2021924
2021925
2021926
2021934
2021944
2021945
2021949
2021951
2021952
2021953
2021955
2021956
2021957
2021958
2022010
2022115
2022118
2022119
2022120
2022121
2022122
2022123
2022124
2022125
2022161
2022166
2022167
2022170
2022174
2022176
2022178
2022182
2022183
2022185
2022197
2022321
2022331
2022379
2022381
2022383
2022385
2022386
2022411
2022412
2022413
2022429
2022430
2022449
2022474
2022475
2022639
2022640
2022641
2022738
2022739
2022783
2022833
2022856
2022857
2022859
2023057
2023124
2023125
2023127
2023155
2023156
2023203
2023205
2023297
2023301
2023306
2023308
2023311
2023315
2023318
2023320
2023322
2023324
2023325
2023337
2023343
2023344
2023657
2023716
2023775
2023912
2023913
2023916
2023917
2023918
2023922
2023925
2023930
2023931
2023932
2023933
2023949
2023950
2023951
2023953
2023958
2023959
2023990
2023992
2023993
2023994
2023995
2023996
2023998
2023999
2024005
2024006
2024007
2024010
2024011
2024102
2024106
2024122
2024128
2024130
2024131
2024134
2024138
2024140
2024145
2024151
2024159
2024173
2024175
2024187
2024208
2024211
2024212
2024214
2024229
2024230
2024231
2024232
2024233
2024234
2024235
2024236
2024237
2024239
2024247
2024250
2024251
2024252
2024253
2024261
2024262
2024263
2024264
2024265
2024275
2024277
2024279
2024280
2024281
2024282
2024283
2024284
2024285
2024286
2024288
2024289
2024292
2024293
2024294
2024295
2024296
2024297
2024298
2024299
2024302
2024303
2024304
2024305
2024306
2024307
2024308
2024309
2024310
2024311
2024312
2024313
2024314
2024315
2024316
2024317
2024318
2024319
2024320
2024321
2024324
2024328
2024330
2024331
2024333
2024334
2024335
2024336
2024337
2024338
2024339
2024340
2024341
2024348
2024349
2024350
2024351
2024352
2024496
2024498
2024543
2024552
2024565
2024566
2024567
2024568
2024569
2024570
2024571
2024573
2024578
2024579
2024603
2024604
2024607
2024608
2024713
2024714
2024720
2024721
2024722
2024723
2024724
2024734
2024997
2025002
2025006
2025013
2025020
2025035
2025077
2025078
2025079
2025096
2025121
2025123
2025129
2025132
2025133
2025136
2025137
2025142
2025145
2025147
2025150
2025155
2025156
2025317
2025318
2025319
2025322
2025323
2025325
2025326
2025328
2025333
2025338
2025339
2025352
2025358
2025359
2025360
2025388
2025396
2025397
2025398
2025477
2025478
2025479
2025480
2025519
2025520
2025583
2025584
2025595
2025782
2025788
2025790
2025792
2025800
2025806
2025809
2025810
2025812
2025815
2025816
2025818
2025819
2025820
2025821
2025822
2025823
2025837
2025839
2025998
2025999
2026000
2026001
2026002
2026003
2026004
2026005
2026006
2026007
2026010
2026011
2026014
2026016
2026019
2026020
2026021
2026022
2026023
2026024
2026026
2026027
2026028
2026031
2026032
2026033
2026034
2026035
2026037
2026038
2026039
2026040
2026041
2026042
2026043
2026044
2026045
2026046
2026047
2026048
2026049
2026050
2026051
2026052
2026054
2026055
2026056
2026057
2026058
2026059
2026061
2026062
2026063
2026064
2026065
2026066
2026067
2026068
2026069
2026070
2026071
2026072
2026073
2026074
2026075
2026076
2026077
2026078
2026079
2026080
2026081
2026082
2026083
2026084
2026102
2026113
2026114
2026115
2026129
2026130
2026195
2026196
2026363
2026367
2026368
2026370
2026375
2026377
2026378
2026380
2026382
2026383
2026391
2026393
2026397
2026400
2026562
2026564
2026569
2026576
2026577
2026578
2026580
2026581
2026586
2026589
2026594
2026596
2026598
2026599
2026600
2026601
2026602
2026603
2026814
2026815
2026943
2026944
2026949
2026950
2027132
2027133
2027134
2027135
2027137
2027148
2027149
2027155
2027161
2027163
2027164
2027165
2027166
2027189
2027202
2027203
2027206
2027229
2027233
2027234
2027235
2027236
2027237
2027238
2027239
2027243
2027244
2027246
2027248
2027249
2027250
2027251
2027252
2027253
2027254
2027255
2027256
2027257
2027258
2027259
2027260
2027261
2027262
2027263
2027264
2027265
2027266
2027267
2027268
2027269
2027272
2027274
2027276
2027277
2027279
2027310
2027350
2027351
2027352
2027353
2027354
2027355
2027376
2027377
2027411
2027448
2027645
2027884
2027885
2027888
2027889
2027890
2027891
2027892
2027893
2027894
2027897
2027898
2027899
2027900
2027901
2027902
2027903
2027904
2027905
2028114
2028115
2028117
2028119
2028120
2028130
2028134
2028225
2028227
2028507
2028509
2028511
2028519
2028520
2028526
2028528
2028529
2028530
2028533
2028534
2028535
2028536
2028539
2028540
2028543
2028544
2028545
2028546
2028547
2028548
2028549
2028550
2028551
2028552
2029063
2029064
2029171
2029172
2029291
2029293
2029296
2029303
2029304
2029305
2029306
2029458
2029516
2029620
2029621
2029631
2029632
2029634
2029635
2029636
2029657
2029658
2029659
2029660
2029661
2029662
2029663
2029664
2029665
2029666
2029667
2029668
2029669
2029670
2029671
2029672
2029673
2029674
2029675
2029676
2029702
2029705
2029706
2029771
2029894
2029896
2029899
2029925
2029933
2029937
2029938
2029939
2029944
2029948
2029949
2029950
2029956
2029963
2029971
2029974
2029978
2030094
2030096
2030097
2030099
2030100
2030101
2030103
2030104
2030109
2030111
2030115
2030118
2030122
2030126
2030127
2030446
2030830
2030831
2030832
2030834
2030835
2030836
2030837
2030838
2030839
2030840
2030843
2030844
2030845
2030846
2030847
2030848
2030849
2030851
2030852
2030854
2030855
2030856
2030857
2030860
2030861
2030862
2030863
2030864
2030865
2030867
2030870
2030871
2030872
2030874
2030875
2030876
2030877
2030878
2030879
2030909
2030910
2030912
2030922
2030923
2030924
2030954
2030964
2031165
2031166
2031200
2032563
2032573
2032600
2032731
2032852
2032853
2032855
2032856
2032857
2032858
2032859
2032860
2032861
2032862
2032864
2032866
2032867
2032868
2032869
2032870
2032871
2032872
2032873
2032874
2032875
2032877
2032878
2032879
2032880
2032881
2032882
2032884
2032887
2032888
2032889
2032890
2032892
2032893
2032895
2032896
2032897
2032898
2032900
2032901
2032902
2032903
2032904
2032905
2032909
2032910
2032912
2032913
2032916
2032917
2032919
2032920
2032921
2032923
2032925
2032926
2032927
2032929
2032930
2032931
2032934
2032937
2032941
2032943
2032944
2032945
2032946
2032952
2032953
2032954
2032955
2032956
2032957
2032958
2032959
2032960
2032962
2032983
2032989
2032992
2033520
2033521
2033522
2033523
2033524
2033528
2033529
2033533
2033537
2033544
2033545
2033548
2033549
2033554
2033555
2033560
2033562
2033566
2033570
2033574
2033575
2033576
2033580
2033633
2033681
2033685
2033686
2033687
2033688
2033690
2033721
2034071
2034075
2034102
2034107
2034109
2034156
2034157
2034161
2034166
2034329
2034330
2034331
2034332
2034333
2034334
2034335
2034336
2034337
2034343
2034344
2034345
2034346
2034347
2034348
2034495
2034496
2034497
2034498
2034499
2034500
2034501
2034762
2034763
2034827
2034828
2034867
2034870
2034872
2034873
2034874
2034880
2034881
2034883
2034884
2034885
2034886
2034887
2034888
2034889
2034890
2034893
2034894
2034895
2034898
2034911
2034918
2034919
2034924
2034947
2034952
2034953
2034964
2034973
2034982
2034984
2034993
2034994
2034995
2034996
2034997
2034998
2034999
2035014
2035035
2035036
2035037
2035038
2035039
2035045
2035302
2035365
2035366
2035368
2035369
2035370
2035371
2035372
2035374
2035375
2035376
2035377
2035378
2035379
2035381
2035383
2035384
2035386
2035387
2035388
2035390
2035392
2035394
2035395
2035396
2035399
2035460
2035463
2035478
2035480
2035484
2035489
2035491
2035493
2035497
2035499
2035535
2035708
2035845
2035998
2035999
2036049
2036050
2036053
2036054
2036055
2036222
2036227
2036241
2036266
2036284
2036286
2036317
2036338
2036345
2036347
2036367
2036370
2036385
2036390
2036411
2036415
2036423
2036425
2036428
2036432
2036437
2036446
2036447
2036468
2036469
2036476
2036479
2036488
2036496
2036498
2036508
2036509
2036518
2036521
2036535
2036546
2036569
2036589
2036619
2036636
2036637
2036645
2036646
2036661
2036662
2036667
2036688
2036689
2036690
2036691
2036701
2036702
2036703
2036768
2036776
2036777
2036778
2036779
2036783
2036784
2036826
2036827
2036828
2036829
2036832
2036833
2036870
2036944
2036946
2036948
2036950
2036952
2036955
2037138
2037142
2037151
2037152
2037177
2037186
2037207
2037250
2037282
2037299
2037339
2037358
2037375
2037380
2037439
2037442
2037465
2037475
2037500
2037513
2037544
2037608
2037622
2037649
2038078
2038085
2038306
2038310
2038312
2038315
2038316
2038317
2038685
2038719
2038720
2038721
2038722
2038723
2038724
2038725
2038726
2038727
2038728
2038729
2039181
2039182
2039184
2039196
2039207
2039212
2039215
2039216
2039230
2039267
2039305
2039373
2039491
2039492
2039694
2039697
2039767
2039780
2039782
2039784
2039884
2040282
2040285
2040286
2040287
2040288
2040289
2040572
2040575
2040577
2040590
2040591
2040592
2040655
2040656
2040657
2040658
2040659
2040662
2040663
2041148
2041200
2041204
2041205
2041206
2041207
2041208
2041209
2041210
2041211
2041212
2041214
2041215
2041291
2041292
2041301
2041310
2041312
2041317
2041323
2041333
2041337
2041339
2041341
2041342
2041344
2041345
2041347
2041348
2041350
2041351
2041353
2041354
2041382
2041383
2041389
2041413
2041416
2041417
2041419
2041454
2041472
2041473
2041474
2041475
2041476
2041477
2041486
2041487
2041488
2041489
2041490
2041491
2041492
2041493
2041494
2041495
2041496
2041497
2041498
2041499
2041500
2041501
2041502
2041504
2041505
2041506
2041507
2041508
2041509
2041510
2041511
2041514
2041515
2041516
2041517
2041518
2041519
2041520
2041521
2041522
2041524
2041525
2041526
2041527
2041528
2041529
2041530
2041531
2041532
2041533
2041534
2041535
2041536
2041537
2041538
2041540
2041542
2041543
2041544
2041545
2041546
2041547
2041548
2041549
2041550
2041551
2041552
2041553
2041556
2041557
2041558
2041559
2041560
2041561
2041562
2041563
2041759
2041760
2041855
2041856
2041859
2041860
2042051
2042056
2042174
2042206
2042207
2042251
2042252
2042257
2042258
2042259
2042260
2042482
2042530
2042532
2042538
2042539
2042542
2042543
2042544
2042548
2042549
2042550
2042551
2042552
2042555
2042556
2042557
2042558
2042559
2042560
2042561
2042562
2042564
2042565
2042566
2042567
2042570
2042571
2042572
2042575
2042576
2042579
2042580
2042581
2042582
2042583
2042584
2042585
2042586
2042587
2042588
2042591
2042592
2042594
2042604
2042642
2042643
2042644
2042693
2042696
2042698
2042822
2042823
2042825
2042827
2042828
2042829
2042830
2042831
2042832
2042833
2042834
2042835
2042836
2042838
2042839
2042844
2042846
2042847
2042848
2042849
2042852
2042854
2042855
2042858
2042861
2042865
2042869
2042870
2042871
2042872
2042873
2042874
2042954
2042997
2042998
2043062
2043069
2043075
2043079
2043084
2043086
2043100
2043101
2043102
2043104
2043111
2043118
2043123
2043124
2043550
2043551
2043552
2043655
2043656
2043657
2043658
2043659
2043661
2043662
2043666
2043667
2043668
2043669
2043672
2043674
2043675
2043678
2043684
2043694
2043696
2043698
2043699
2043702
2043703
2043704
2043705
2043706
2043710
2043718
2043723
2043725
2043727
2043728
2043731
2043732
2043733
2043740
2043742
2043743
2043744
2043747
2043748
2043759
2043760
2043761
2043762
2043765
2043769
2043771
2043774
2043775
2043778
2043780
2043787
2043792
2043795
2043796
2043798
2043800
2043803
2043805
2043810
2043811
2043815
2043818
2043820
2043821
2043822
2043827
2043831
2043833
2043835
2043840
2043842
2043844
2043845
2043847
2043854
2043856
2043864
2043865
2043866
2043868
2043871
2043873
2043879
2043885
2043889
2043892
2043893
2043894
2043895
2043896
2043897
2043898
2043899
2043902
2043906
2043908
2043911
2043913
2043914
2043915
2043916
2043917
2043918
2043919
2043922
2043923
2043927
2043929
2043932
2043933
2043939
2043941
2043944
2043946
2043949
2043950
2043951
2043952
2043953
2043957
2043975
2043976
2043979
2043984
2043987
2043992
2043993
2043996
2043997
2043999
2044001
2044002
2044007
2044014
2044018
2044020
2044021
2044022
2044025
2044026
2044032
2044033
2044038
2044039
2044043
2044054
2044055
2044056
2044058
2044060
2044064
2044069
2044071
2044074
2044076
2044079
2044080
2044081
2044085
2044086
2044087
2044090
2044091
2044092
2044093
2044097
2044099
2044107
2044108
2044109
2044112
2044113
2044114
2044117
2044118
2044120
2044123
2044126
2044129
2044133
2044138
2044139
2044144
2044145
2044148
2044152
2044157
2044163
2044164
2044165
2044168
2044173
2044175
2044178
2044180
2044186
2044190
2044196
2044197
2044198
2044201
2044202
2044204
2044205
2044210
2044212
2044213
2044214
2044215
2044217
2044218
2044221
2044228
2044229
2044232
2044233
2044239
2044241
2044253
2044254
2044255
2044258
2044447
2044452
2044561
2044876
2044919
2044922
2044923
2044924
2044925
2045045
2045064
2045065
2045066
2045067
2045068
2045069
2045070
2045071
2045072
2045073
2045074
2045075
2045076
2045077
2045078
2045079
2045080
2045113
2045136
2045137
2045138
2045139
2045140
2045145
2045147
2045149
2045150
2045154
2045155
2045156
2045157
2045159
2045162
2045163
2045164
2045170
2045175
2045176
2045179
2045181
2045185
2045186
2045187
2045189
2045190
2045191
2045192
2045193
2045340
2045345
2045361
2045370
2045371
2045372
2045373
2045463
2045466
2045468
2045469
2045470
2045489
2045491
2045498
2045504
2047758
2047761
2047764
2047765
2047766
2047776
2047777
2047778
2047782
2047786
2047787
2047788
2047801
2047828
2047829
2047830
2047831
2047832
2047834
2047835
2047836
2047837
2047838
2047839
2047840
2047841
2047842
2047843
2047845
2047846
2047847
2047865
2047866
2047867
2047868
2047869
2047870
2047872
2047873
2047876
2048005
2048007
2048008
2048061
2048185
2048192
2048198
2048517
2048530
2048536
2048537
2048538
2048539
2048540
2048541
2048542
2048543
2048544
2048677
2048688
2048692
2048693
2048694
2048695
2048698
2048706
2048708
2048711
2048713
2048714
2048715
2048877
2048879
2048880
2048975
2048976
2048977
2048978
2048979
2048980
2049306
2049440
2049442
2049444
2049446
2049447
2049451
2049452
2049485
2049514
2049515
2049516
2049517
2049518
2049645
2049646
2049647
2049653
2049663
2049674
2049691
2049692
2049694
2049695
2049705
2049706
2049709
2049716
2049721
2049731
2049746
2049751
2049757
2049758
2049759
2049763
2049764
2049774
2049775
2049778
2049779
2049781
2049784
2049789
2049800
2049802
2049805
2049806
2049811
2049818
2049820
2049828
2049830
2049835
2049837
2049843
2049849
2049852
2049885
2049886
2049887
2049888
2049889
2049890
2049892
2049893
2049937
2049938
2049944
2049955
2050009
2050010
2050011
2050012
2050013
2050014
2050015
2050016
2050017
2050018
2050019
2050020
2050021
2050022
2050037
2050039
2050412
2050413
2050414
2050415
2050417
2050418
2050419
2050421
2050430
2050449
2050451
2050452
2050453
2050454
2050455
2050459
2050460
2050462
2050463
2050465
2050466
2050467
2050468
2050469
2050470
2050471
2050472
